0
0
0
0
0
0
0
0
0
0
0
0
0
0
0
0
0
0
0
0
0
0
0
0
0
0
0
0
0
0
0
0
0
0
0
0
0
0
0
0
0
0
0
0
0
0
0
0
0
0
0
0
0
0
0
0
0
0
0
0
0
0
0
0
0
0
0
0
1
0
0
0
0
0
0
0
0
0
0
0
0
0
0
0
0
0
0
0
0
0
0
0
0
0
0
0
0
0
1
0
0
0
1
0
0
0
0
0
0
0
0
0
0
0
0
0
0
1
0
0
0
0
0
0
0
1
0
0
0
0
0
0
0
0
0
0
0
0
0
0
0
1
1
0
0
0
0
0
0
1
0
0
0
0
0
0
0
0
0
0
0
0
0
0
0
0
0
0
0
0
0
0
0
0
0
0
0
0
0
0
0
1
0
0
1
0
0
0
0
0
0
0
0
0
1
0
0
0
0
0
0
0
0
1
0
0
1
0
0
0
0
0
0
0
0
0
0
0
0
1
0
0
0
0
0
0
1
0
0
0
0
0
1
0
0
0
0
0
0
1
0
0
0
0
0
1
0
0
0
0
0
0
0
0
0
0
0
0
0
0
1
0
0
1
2
0
0
1
0
0
1
0
0
0
0
0
0
0
1
0
1
0
2
0
1
0
0
0
0
0
1
0
0
0
1
1
0
0
0
0
1
0
0
0
0
0
1
0
0
1
1
1
1
3
0
1
0
0
0
0
1
0
2
0
0
1
2
0
1
0
0
0
1
1
1
1
0
1
2
2
0
1
0
0
0
2
2
0
1
1
0
0
2
2
1
0
0
0
1
0
0
0
0
2
0
1
0
1
1
0
2
0
0
0
1
2
1
0
0
2
2
3
4
1
0
0
0
2
0
4
3
0
1
1
0
3
2
2
2
2
0
0
2
3
1
0
0
0
0
1
2
1
0
1
2
0
3
1
3
0
0
1
1
0
0
2
1
1
0
1
2
2
2
3
1
1
1
1
1
1
3
1
0
3
3
2
2
1
2
2
6
5
2
2
3
1
2
1
2
1
3
1
4
0
1
4
1
3
2
5
2
3
0
1
1
0
6
1
3
1
2
3
4
5
4
5
5
5
4
2
0
4
5
3
0
2
4
3
0
3
2
0
3
1
4
1
3
1
3
1
3
0
4
5
2
3
1
4
4
5
5
3
0
4
4
4
2
5
2
3
1
4
2
1
2
3
0
13
4
4
4
5
3
3
5
7
2
7
5
3
10
2
3
3
6
4
1
6
2
3
2
7
4
3
7
2
5
3
7
3
5
6
7
4
5
4
5
3
1
8
5
4
2
5
4
6
5
5
5
2
6
9
4
9
3
5
6
6
8
4
8
7
9
2
3
7
3
9
5
4
7
6
5
5
8
11
7
4
5
5
11
4
5
9
6
7
4
5
10
10
5
4
5
6
13
9
5
5
16
6
13
8
8
10
13
3
12
4
8
11
8
9
6
7
13
6
12
11
10
5
10
6
8
13
8
6
7
12
15
4
10
12
9
11
10
11
7
7
9
13
9
15
6
11
11
10
8
5
10
4
9
17
10
8
13
5
10
10
7
16
12
9
12
7
8
10
9
18
17
15
13
18
8
6
14
4
17
13
15
15
16
9
16
23
16
14
10
16
11
7
9
9
19
10
11
16
18
13
13
12
13
21
10
28
12
15
14
17
26
17
15
17
14
16
19
17
14
18
15
15
16
18
19
19
20
14
12
29
27
13
16
12
16
22
19
17
22
15
16
19
18
19
16
25
27
19
23
22
15
20
14
25
28
21
22
14
24
28
20
32
25
15
19
24
21
19
28
14
21
18
20
20
23
26
22
28
23
24
26
26
24
17
19
19
17
30
26
29
22
29
29
35
29
24
28
34
23
21
29
25
35
33
36
29
40
31
35
27
26
28
25
21
36
27
31
26
30
38
42
38
26
35
38
24
29
29
35
26
23
30
39
43
35
50
39
33
40
30
46
37
31
34
27
37
42
36
34
31
41
38
40
37
38
33
39
32
41
37
37
41
37
41
43
37
24
38
28
32
39
37
46
51
17
41
42
35
54
39
39
45
44
48
42
47
40
42
35
53
44
46
44
39
50
51
48
49
57
46
49
46
56
53
38
41
46
42
55
45
65
47
56
58
58
47
41
55
62
53
56
55
57
54
43
54
50
53
65
62
62
50
56
49
50
57
67
63
72
61
58
56
51
56
77
58
63
78
54
54
55
65
51
67
75
79
70
62
58
80
65
74
73
81
62
67
72
53
68
79
53
82
69
65
69
81
71
80
65
75
63
80
76
67
81
74
80
76
71
49
63
86
87
83
75
81
88
73
66
71
83
99
75
77
82
85
93
89
77
69
83
89
70
63
90
90
75
75
80
99
82
84
71
73
78
80
93
72
101
90
84
81
87
89
75
73
97
82
90
77
88
127
92
109
105
90
91
101
90
100
103
86
82
105
102
96
103
111
94
103
99
111
109
107
89
112
116
95
107
110
106
96
110
98
117
111
115
123
133
131
117
107
110
112
121
110
119
132
139
129
120
111
96
107
125
104
117
121
123
126
107
132
142
134
123
125
144
149
115
127
129
108
120
128
128
126
137
129
131
147
130
142
137
131
128
145
146
147
153
122
142
150
149
151
127
138
128
142
142
138
141
104
144
146
163
147
139
161
147
154
151
127
148
150
147
165
147
138
168
174
144
156
173
160
160
173
150
167
176
171
159
164
163
141
182
180
186
227
181
165
154
162
174
176
186
176
166
163
129
185
162
183
190
172
197
144
180
185
191
157
176
178
214
203
212
206
176
195
170
202
177
197
189
209
189
213
185
192
211
186
180
183
213
200
205
188
164
196
212
214
207
184
188
230
209
188
178
208
196
192
221
227
179
205
193
200
223
215
226
201
207
217
218
181
211
199
227
219
222
227
224
228
240
261
205
245
235
242
218
200
228
216
242
253
241
247
234
237
256
237
240
243
236
231
238
233
233
240
208
223
258
253
226
255
229
226
228
235
265
234
265
265
264
244
261
279
262
241
262
260
240
292
265
255
251
273
253
282
242
248
261
292
294
284
265
250
288
279
283
304
265
258
291
291
240
250
284
286
299
269
286
314
273
283
250
285
275
301
284
278
315
269
351
285
321
303
274
298
293
329
331
339
293
297
305
337
294
319
298
307
328
312
280
327
333
299
351
324
289
333
334
361
285
314
342
305
320
355
329
362
346
304
337
337
356
336
309
293
294
320
321
379
381
351
338
368
334
346
338
371
341
368
333
385
355
335
371
383
351
346
368
361
362
360
357
389
339
383
342
339
367
385
365
376
406
375
358
398
357
356
372
356
365
355
374
384
385
400
408
427
387
373
434
359
377
377
405
397
392
398
405
371
397
402
397
420
404
440
384
401
405
389
368
394
443
380
378
352
436
388
441
403
437
414
411
420
400
426
413
421
431
420
448
473
439
425
475
450
460
420
367
481
438
445
447
453
449
402
438
458
484
453
483
447
512
436
504
485
484
444
423
489
472
446
463
396
445
438
468
498
471
443
478
486
468
446
464
487
491
490
478
476
511
503
453
494
452
482
485
519
486
495
467
513
481
482
483
512
530
559
466
510
473
506
513
493
522
512
505
521
545
481
458
470
529
530
464
529
526
503
511
503
515
515
529
525
537
514
483
501
546
541
527
547
545
556
513
509
582
533
497
559
528
520
471
476
575
532
582
532
579
522
534
574
565
544
557
548
567
563
551
586
566
569
533
591
510
625
564
583
592
578
553
544
506
590
552
556
562
601
607
580
566
623
546
584
629
559
563
585
591
584
576
502
622
624
611
624
618
589
563
585
605
617
600
607
599
592
574
573
646
633
611
649
638
614
577
599
630
625
640
655
595
651
609
614
602
591
641
581
617
643
609
653
594
659
647
645
641
643
611
627
664
651
659
681
669
632
662
681
665
661
685
609
693
693
668
640
618
666
667
722
643
634
685
670
691
697
654
664
695
629
622
614
640
654
649
662
713
681
663
748
696
693
670
682
726
659
675
689
745
680
671
707
686
715
714
637
708
713
650
663
664
715
687
666
746
696
733
728
711
717
708
670
746
756
727
757
715
704
697
638
684
733
748
749
747
676
778
705
739
669
720
758
695
731
718
705
743
757
699
770
716
742
744
731
716
696
699
745
733
722
748
772
740
727
747
782
770
765
768
776
750
698
755
741
792
772
715
768
764
740
771
765
768
767
784
780
810
741
732
738
794
841
793
755
792
826
741
738
729
747
754
798
729
729
754
761
832
758
681
724
796
736
740
771
861
756
750
774
821
803
775
814
791
774
805
814
833
758
774
841
770
817
786
801
816
870
812
776
825
794
753
836
842
802
776
853
808
794
770
845
832
780
826
827
850
791
791
674
794
786
823
829
771
803
796
838
808
762
748
813
818
778
782
807
840
819
804
851
807
822
769
840
861
771
788
812
864
790
762
821
815
823
852
875
893
806
834
835
856
847
818
853
893
803
785
805
878
809
782
864
785
870
842
871
916
871
821
886
838
873
810
875
822
753
858
836
859
825
818
853
829
849
828
906
873
839
752
742
844
853
813
905
859
870
838
871
859
895
852
865
861
846
837
842
807
831
876
895
805
785
871
849
864
848
856
878
856
796
793
903
807
870
796
879
913
834
789
859
919
868
837
871
844
900
889
720
868
846
817
866
830
842
889
832
876
806
875
866
902
862
824
812
817
879
899
911
874
839
828
853
882
851
850
858
901
824
836
928
873
821
870
884
872
864
812
923
882
893
947
906
929
862
842
890
926
886
845
926
927
811
815
851
873
861
879
920
876
864
867
875
901
910
832
889
824
891
840
860
923
907
844
896
920
931
815
763
783
808
951
873
893
888
833
887
879
907
865
879
882
855
866
870
838
800
878
845
848
930
850
929
878
920
852
838
857
857
836
908
840
818
893
927
911
837
885
860
890
829
870
849
884
869
849
695
850
808
869
886
864
857
759
893
889
906
849
892
892
863
871
859
860
835
897
844
889
824
864
879
865
876
855
828
904
812
863
859
883
849
839
906
857
897
861
837
862
803
879
862
851
804
772
836
868
835
874
909
843
865
849
866
890
844
811
868
812
853
875
811
913
847
864
862
830
820
833
843
834
815
822
818
853
794
730
793
834
820
865
804
847
869
840
898
847
833
856
859
812
828
840
851
828
788
835
842
909
852
819
857
801
831
816
853
810
878
806
784
867
814
801
863
856
848
813
850
811
782
846
860
820
746
756
669
785
837
893
823
818
801
810
844
826
816
796
821
799
740
762
768
832
810
800
815
864
818
764
803
812
804
767
815
814
745
740
802
791
755
763
816
794
798
742
835
763
760
746
830
780
850
756
791
785
804
764
779
771
741
741
816
794
708
794
866
757
754
761
796
774
702
750
818
783
809
730
763
768
753
761
779
807
765
678
687
846
748
765
795
788
729
720
796
762
733
711
744
700
747
756
768
775
742
697
779
712
763
736
755
766
713
729
742
713
780
708
757
792
726
705
739
762
799
743
711
719
773
706
759
724
726
731
597
752
735
690
711
708
718
730
731
764
699
727
702
729
683
677
670
671
732
712
713
721
693
700
714
647
658
699
715
668
693
705
702
724
712
669
666
666
719
649
683
659
664
693
676
694
654
665
706
709
702
659
701
702
624
663
684
631
664
695
685
694
665
684
664
679
709
669
702
723
675
657
646
650
635
621
706
646
674
574
590
685
618
663
673
665
658
652
678
663
604
640
650
679
633
665
651
675
653
620
661
618
644
635
626
656
657
634
673
670
635
583
635
572
646
632
651
663
632
610
654
684
624
590
655
603
587
596
539
596
580
636
646
602
632
621
557
651
562
612
613
612
589
600
654
587
618
555
646
587
602
594
608
635
587
605
614
620
576
577
578
593
542
626
602
579
618
562
603
578
529
586
574
576
544
546
614
523
529
572
598
556
559
588
591
565
593
544
531
600
602
541
537
532
590
525
570
557
554
567
556
562
574
575
555
528
602
512
521
587
505
563
524
559
554
543
530
520
516
534
521
493
520
523
544
531
526
509
586
525
521
530
552
517
533
535
472
494
554
522
516
508
508
561
530
542
530
486
537
502
534
477
500
481
491
498
384
487
528
469
528
445
466
428
459
514
497
450
542
485
479
484
490
504
491
449
519
493
492
464
472
441
470
426
470
506
465
452
495
494
472
462
484
431
472
463
443
468
468
438
493
448
506
406
458
445
461
423
469
451
456
452
440
451
441
462
430
447
424
417
448
442
444
479
440
421
449
407
436
428
398
412
441
415
420
392
428
442
418
472
418
411
415
395
402
413
433
410
415
465
410
410
409
421
430
395
420
388
363
402
419
396
380
394
398
387
390
368
414
415
405
389
403
375
413
420
392
374
396
375
443
371
389
369
308
376
414
390
369
395
365
359
343
413
374
365
374
382
357
377
378
380
367
391
355
363
370
359
332
401
373
353
361
362
320
381
351
386
348
364
380
351
364
323
329
374
376
360
360
353
307
346
308
342
339
363
355
338
340
331
333
321
339
328
312
305
322
328
310
339
308
311
341
325
328
311
315
341
358
303
308
322
318
283
270
320
308
356
288
331
332
307
308
333
321
316
300
298
260
286
286
320
311
305
325
301
319
309
335
285
279
304
291
284
289
280
298
299
272
298
293
309
270
294
287
290
279
283
277
295
286
274
242
279
279
267
314
266
213
239
275
309
249
268
288
261
221
249
245
274
256
261
290
264
260
246
264
264
261
257
246
261
269
252
270
251
263
264
243
294
259
228
256
242
229
258
269
271
246
227
233
239
247
239
255
245
237
249
239
245
220
237
222
244
228
249
242
273
224
241
224
233
216
245
234
258
221
211
241
237
221
218
202
227
226
248
225
218
224
231
235
194
210
222
234
195
216
228
234
213
214
203
220
191
212
197
235
205
213
208
209
207
204
198
216
214
205
203
213
219
210
188
175
195
182
216
193
217
194
180
163
192
186
195
180
165
186
174
209
187
185
181
195
195
195
160
211
178
195
172
182
185
202
176
211
173
170
188
197
177
174
159
200
175
160
202
197
195
180
200
208
182
188
171
175
155
156
148
167
142
153
152
165
159
169
163
152
161
156
156
162
173
163
155
159
166
157
123
171
164
179
149
188
148
140
146
165
164
141
146
140
151
129
157
152
148
149
147
148
127
151
139
143
129
172
117
142
147
138
159
158
139
154
144
132
142
139
149
137
147
125
140
141
136
124
133
144
153
127
140
128
134
129
132
135
124
116
116
95
124
124
116
127
140
115
121
129
121
120
128
134
125
113
141
131
137
129
129
129
112
110
126
136
138
118
118
113
99
117
112
115
128
104
116
126
114
111
106
109
102
104
117
127
101
105
106
119
124
122
106
107
104
116
110
105
107
112
119
128
111
108
102
107
119
100
105
107
92
95
95
100
96
99
91
104
105
110
94
79
104
83
100
93
93
104
103
79
104
107
87
93
85
86
86
95
88
80
93
111
87
77
81
107
90
100
100
89
82
87
76
89
104
78
103
88
105
72
98
82
67
93
77
88
81
79
83
82
70
71
93
65
73
62
77
73
69
80
90
86
79
67
70
66
73
76
73
86
73
80
86
64
75
88
71
78
72
62
62
82
74
64
72
85
80
70
64
77
68
64
63
73
88
73
63
59
65
72
60
66
80
76
66
50
54
67
66
70
74
68
71
73
71
69
68
71
52
83
69
71
53
62
65
64
68
55
61
62
58
62
55
54
53
50
61
44
64
58
56
68
64
68
55
57
57
61
56
60
48
53
47
53
52
58
48
60
53
43
47
53
47
45
51
52
53
65
50
42
47
32
49
54
54
51
57
56
56
39
50
43
60
47
59
50
56
51
55
44
33
44
46
53
56
49
43
39
51
34
40
47
46
47
33
42
44
47
44
49
37
48
51
43
42
44
41
54
46
49
43
40
37
45
35
38
35
45
41
29
39
34
37
39
37
38
33
41
38
40
40
39
39
47
39
31
38
30
45
34
34
38
33
41
48
33
29
41
48
34
38
49
36
35
31
42
33
35
35
29
35
36
25
26
48
34
33
32
40
24
31
38
42
43
40
37
32
32
30
37
32
29
35
35
33
30
33
30
21
33
44
45
24
28
25
19
38
34
32
30
29
24
20
20
26
36
32
31
32
38
27
42
28
32
24
38
30
22
29
28
19
18
31
24
34
33
32
25
19
27
21
27
25
23
31
28
25
27
20
23
28
21
20
21
25
33
27
24
15
32
21
15
30
22
17
24
21
32
24
16
26
18
23
31
16
26
24
17
22
19
23
20
19
17
18
17
21
23
24
16
31
19
16
27
24
20
20
15
18
18
11
23
16
17
20
19
12
25
16
22
20
10
22
14
13
28
15
12
15
13
16
15
23
15
13
24
15
13
14
11
15
19
12
16
22
12
24
17
20
13
13
22
15
13
17
14
13
13
18
23
9
9
11
15
16
18
12
21
19
15
11
19
14
22
15
16
12
15
12
16
11
12
14
19
25
12
4
18
12
7
13
18
13
17
11
16
15
20
14
10
16
11
12
21
17
15
16
13
7
18
15
13
13
9
11
13
17
11
16
11
12
9
8
17
10
12
16
10
18
10
12
8
10
4
8
14
8
11
10
9
12
8
13
11
13
11
10
8
9
10
8
7
14
9
9
12
9
8
9
6
11
9
7
9
5
10
7
8
9
5
6
11
11
7
13
9
11
12
7
3
3
4
11
11
10
13
3
12
8
5
14
7
7
11
9
10
8
4
5
9
7
4
6
5
8
6
6
8
9
6
6
11
8
7
9
6
10
12
3
9
4
11
10
7
6
7
8
8
5
14
10
9
5
2
9
5
6
6
6
8
5
5
2
3
9
7
7
7
9
10
6
2
7
3
8
9
9
4
7
4
5
8
5
6
5
2
9
7
6
7
5
3
5
2
5
5
2
6
10
8
2
8
4
6
5
2
6
4
7
9
5
5
4
5
1
8
2
4
5
9
4
5
2
5
6
7
4
4
6
6
4
4
5
6
11
7
6
5
4
2
5
2
4
2
5
3
5
3
8
5
3
3
5
9
7
2
0
5
5
2
5
3
1
6
2
4
3
6
1
4
3
2
6
0
6
3
3
3
2
4
3
1
2
4
3
3
2
3
2
2
1
5
3
2
2
5
5
4
4
5
2
4
4
1
0
3
1
5
3
4
3
5
5
2
0
1
8
5
3
5
1
3
6
2
2
5
4
4
6
1
2
5
4
3
2
4
5
2
3
2
4
2
5
2
1
1
0
1
0
5
2
3
0
4
4
1
0
1
1
1
5
1
1
3
5
0
2
0
0
5
0
2
1
0
3
2
1
2
2
4
3
0
4
2
2
3
4
0
1
0
0
3
3
3
3
3
3
4
5
1
0
1
3
1
0
1
2
1
2
1
2
3
1
4
0
1
2
3
0
1
2
3
0
2
0
2
1
1
3
0
4
2
2
0
1
0
2
1
1
0
1
0
1
1
1
0
0
5
1
0
4
2
1
0
0
3
2
1
1
1
0
0
0
0
0
2
2
0
3
1
1
0
0
0
2
2
1
0
0
1
0
0
1
2
2
2
2
2
1
0
0
0
0
1
1
1
2
2
0
1
2
3
1
1
3
1
0
1
1
1
3
1
1
2
2
0
0
1
1
1
1
2
0
2
1
0
0
1
1
1
0
0
2
3
1
1
0
0
1
1
0
0
1
0
0
2
2
3
1
1
1
0
1
0
1
0
1
1
3
1
1
0
0
1
1
0
1
1
0
0
3
0
1
0
1
1
2
2
1
0
0
0
0
0
1
1
1
2
0
1
0
0
0
0
1
1
1
1
0
1
2
0
0
0
0
0
1
0
0
0
1
0
0
1
0
0
2
0
0
0
0
0
0
0
0
0
0
0
1
2
1
1
2
0
1
0
1
0
0
1
1
1
0
1
0
1
0
1
2
0
0
0
0
0
1
0
2
1
0
0
1
0
0
0
0
3
2
1
1
0
0
2
0
0
0
0
0
1
0
0
0
0
0
0
0
0
0
1
1
0
0
0
0
1
0
1
0
0
0
0
0
0
0
0
0
0
0
0
1
0
0
0
1
1
2
1
0
0
0
0
1
0
0
0
0
0
0
0
0
0
0
0
1
0
0
2
0
0
1
0
0
0
0
1
0
0
0
0
0
0
0
0
0
0
1
0
1
0
0
0
0
0
1
0
0
0
0
0
1
1
0
0
0
2
0
1
0
0
0
0
0
0
0
0
0
0
1
1
1
1
0
1
0
0
0
0
0
0
0
0
0
0
0
0
0
0
0
0
0
1
0
0
1
0
0
0
0
0
1
1
1
0
0
0
1
1
0
0
0
0
0
0
0
0
0
0
0
0
0
0
1
0
0
0
0
0
0
0
1
0
0
1
0
0
0
0
0
0
0
0
0
0
0
0
0
0
0
0
0
0
0
0
0
0
0
0
0
0
0
1
0
0
1
1
0
0
0
0
1
1
0
0
0
0
0
0
0
0
0
0
0
0
1
1
0
0
0
0
0
0
0
0
0
0
0
0
0
0
0
1
1
0
0
0
0
0
0
0
0
0
0
0
0
0
0
0
0
0
0
1
0
0
0
0
0
0
0
0
0
0
0
0
0
0
0
0
0
0
1
0
0
0
0
0
0
1
0
0
0
0
0
0
0
0
0
0
0
0
1
0
0
0
0
0
0
0
0
0
0
0
0
0
0
0
0
0
0
0
0
0
0
0
0
0
0
1
0
0
0
0
0
0
0
0
1
0
0
0
0
0
0
0
0
0
0
0
0
0
0
0
0
0
0
0
0
0
0
0
0
0
0
0
0
0
0
0
0
0
0
0
0
0
0
0
0
0
0
0
1
0
0
0
0
0
0
0
0
0
0
0
0
0
0
0
0
0
0
0
0
0
0
0
0
0
0
0
0
0
0
1
0
0
0
0
0
0
0
0
0
0
0
0
0
0
0
0
0
0
0
0
0
0
0
0
0
0
0
0
0
0
0
0
0
0
0
0
0
0
0
0
1
0
0
0
0
0
0
0
0
0
0
0
0
0
0
0
0
0
0
0
0
0
0
0
0
0
0
0
0
0
0
0
0
0
0
1
0
0
0
0
0
0
0
0
0
0
0
0
0
0
0
0
0
0
0
0
0
0
0
0
0
0
0
0
0
0
0
0
0
0
0
0
0
0
0
0
0
0
0
0
0
0
0
0
0
0
0
0
0
0
0
0
0
0
0
0
0
0
0
0
0
0
0
0
0
0
0
1
0
1
0
0
0
0
0
0
0
0
0
0
0
0
0
0
0
0
0
0
0
0
0
0
0
0
0
0
0
0
0
0
0
0
0
0
0
0
0
0
0
0
0
0
0
0
0
0
0
0
0
0
0
0
0
0
0
0
0
0
0
0
0
0
0
0
0
0
0
0
0
0
0
0
0
0
0
0
0
0
0
0
0
0
0
0
0
0
0
0
0
0
0
0
0
0
0
0
0
0
0
0
0
0
0
0
0
0
0
0
0
0
0
0
0
0
0
0
0
0
0
0
0
0
0
0
0
0
0
0
0
0
0
0
0
0
0
0
0
0
0
0
0
0
0
0
0
0
0
0
0
0
0
0
0
0
0
0
0
0
0
0
0
0
0
0
0
0
0
0
0
0
0
0
0
0
0
0
0
0
0
0
0
0
0
0
0
0
0
0
0
0
0
0
0
0
0
0
0
0
0
0
0
0
0
0
0
0
0
0
0
0
0
0
0
0
0
0
0
0
0
0
0
0
0
0
0
0
0
0
0
0
0
0
0
0
0
0
0
0
0
0
0
0
0
0
0
0
0
0
0
0
0
0
0
0
0
0
0
0
0
0
0
0
0
0
0
0
0
0
0
0
0
0
0
0
0
0
0
0
0
0
0
0
0
0
0
0
0
0
0
0
0
0
0
0
0
0
0
0
0
0
0
0
0
0
0
0
0
0
0
0
0
0
0
0
0
0
0
0
0
0
0
0
0
0
0
0
0
0
0
0
0
0
0
0
0
0
0
0
0
0
0
0
0
0
0
0
0
0
0
0
0
0
0
0
0
0
0
0
0
0
0
0
0
0
0
0
0
0
0
0
0
0
0
0
0
0
0
0
0
0
0
0
0
0
0
0
0
0
0
0
0
0
0
0
0
0
0
0
0
0
0
0
0
0
0
0
0
0
0
0
0
0
0
0
0
0
0
0
0
0
0
0
0
0
0
0
0
0
0
0
0
0
0
0
0
0
0
0
0
0
0
0
0
0
0
0
0
0
0
0
0
0
0
0
0
0
0
0
0
0
0
0
0
0
0
0
0
0
0
0
0
0
0
0
0
0
0
0
0
0
0
0
0
0
0
0
0
0
0
0
0
0
0
0
0
0
0
0
0
0
0
0
0
0
0
0
0
0
0
0
0
0
0
0
0
0
0
0
0
0
0
0
0
0
0
0
0
0
0
0
0
0
0
0
0
0
0
0
0
0
0
0
0
0
0
0
0
0
0
0
0
0
0
0
0
0
0
0
0
0
0
0
0
0
0
0
0
0
0
0
0
0
0
0
0
0
0
0
0
0
0
0
0
0
0
0
0
0
0
0
0
0
0
0
0
0
0
0
0
0
0
0
0
0
0
0
0
0
0
0
0
0
0
0
0
0
0
0
0
0
0
0
0
0
0
0
0
0
0
0
0
0
0
0
0
0
0
0
0
0
0
0
0
0
0
0
0
0
0
0
0
0
0
0
0
0
0
0
0
0
0
0
0
0
0
0
0
0
0
0
0
0
0
0
0
0
0
0
0
0
0
0
0
0
0
0
0
0
0
0
0
0
0
0
0
0
0
0
0
0
0
0
0
0
0
0
0
0
0
0
0
0
0
0
0
0
0
0
0
0
0
0
0
0
0
0
0
0
0
0
0
0
0
0
0
0
0
0
0
0
0
0
0
0
0
0
0
0
0
0
0
0
0
0
0
0
0
0
0
0
0
0
0
0
0
0
0
0
0
0
0
0
0
0
0
0
0
0
0
0
0
0
0
0
0
0
0
0
0
0
0
0
0
0
0
0
0
0
0
0
0
0
0
0
0
0
0
0
0
0
0
0
0
0
0
0
0
0
0
0
0
0
0
0
0
0
0
0
0
0
0
0
0
0
0
0
0
0
0
0
0
0
0
0
0
0
0
0
0
0
0
0
0
0
0
0
0
0
0
0
0
0
0
0
0
0
0
0
0
0
0
0
0
0
0
0
0
0
0
0
0
0
0
0
0
0
0
0
0
0
0
0
0
0
0
0
0
0
0
0
0
0
0
0
0
0
0
0
0
0
0
0
0
0
0
0
0
0
0
0
0
0
0
0
0
0
0
0
0
0
0
0
0
0
0
0
0
0
0
0
0
0
0
0
0
0
0
0
0
0
0
0
0
0
0
0
0
0
0
0
0
0
0
0
0
0
0
0
0
0
0
0
0
0
0
0
0
0
0
0
0
0
0
0
0
0
0
0
0
0
0
0
0
0
0
0
0
0
0
0
0
0
0
0
0
0
0
0
0
0
0
0
0
0
0
0
0
0
0
0
0
0
0
0
0
0
0
0
0
0
0
0
0
0
0
0
0
0
0
0
0
0
0
0
0
0
0
0
0
0
0
0
0
0
0
0
0
0
0
0
0
0
0
0
0
0
0
0
0
0
0
0
0
0
0
0
0
0
0
0
0
0
0
0
0
0
0
0
0
0
0
0
0
0
0
0
0
0
0
0
0
0
0
0
0
0
0
0
0
0
0
0
0
0
0
0
0
0
0
0
0
0
0
0
0
0
0
0
0
0
0
0
0
0
0
0
0
0
0
0
0
0
0
0
0
0
0
0
0
0
0
0
0
0
0
0
0
0
0
0
0
0
0
0
0
0
0
0
0
0
0
0
0
0
0
0
0
0
0
0
0
0
0
0
0
0
0
0
0
0
0
0
0
0
0
0
0
0
0
0
0
0
0
0
0
0
0
0
0
0
0
0
0
0
0
0
0
0
0
0
0
0
0
0
0
0
0
0
0
0
0
0
0
0
0
0
0
0
0
0
0
0
0
0
0
0
0
0
0
0
0
0
0
0
0
0
0
0
0
0
0
0
0
0
0
0
0
0
0
0
0
0
0
0
0
0
0
0
0
0
0
0
0
0
0
0
0
0
0
0
0
0
0
0
0
0
0
0
0
0
0
0
0
0
0
0
0
0
0
0
0
0
0
0
0
0
0
0
0
0
0
0
0
0
0
0
0
0
0
0
0
0
0
0
0
0
0
0
0
0
0
0
0
0
0
0
0
0
0
0
0
0
0
0
0
0
0
0
0
0
0
0
0
0
0
0
0
0
0
0
0
0
0
0
0
0
0
0
0
0
0
0
0
0
0
0
0
0
0
0
0
0
0
0
0
0
0
0
0
0
0
0
0
0
0
0
0
0
0
0
0
0
0
0
0
0
0
0
0
0
0
0
0
0
0
0
0
0
0
0
0
0
0
0
0
0
0
0
0
0
0
0
0
0
0
0
0
0
0
0
0
0
0
0
0
0
0
0
0
0
0
0
0
0
0
0
0
0
0
0
0
0
0
0
0
0
0
0
0
0
0
0
0
0
0
0
0
0
0
0
0
0
0
0
0
0
0
0
0
0
0
0
0
0
0
0
0
0
0
0
0
0
0
0
0
0
0
0
0
0
0
0
0
0
0
0
0
0
0
0
0
0
0
0
0
0
0
0
0
0
0
0
0
0
0
0
0
0
0
0
0
0
0
0
0
0
0
0
0
0
0
0
0
0
0
0
0
0
0
0
0
0
0
0
0
0
0
0
0
0
0
0
0
0
0
0
0
0
0
0
0
0
0
0
0
0
0
0
0
0
0
0
0
0
0
0
0
0
0
0
0
0
0
0
0
0
0
0
0
0
0
0
0
0
0
0
0
0
0
0
0
0
0
0
0
0
0
0
0
0
0
0
0
0
0
0
0
0
0
0
0
0
0
0
0
0
0
0
0
0
0
0
0
0
0
0
0
0
0
0
0
0
0
0
0
0
0
0
0
0
0
0
0
0
0
0
0
0
0
0
0
0
0
0
0
0
0
0
0
0
0
0
0
0
0
0
0
0
0
0
0
0
0
0
0
0
0
0
0
0
0
0
0
0
0
0
0
0
0
0
0
0
0
0
0
0
0
0
0
0
0
0
0
0
0
0
0
0
0
0
0
0
0
0
0
0
0
0
0
0
0
0
0
0
0
0
0
0
0
0
0
0
0
0
0
0
0
0
0
0
0
0
0
0
0
0
0
0
0
0
0
0
0
0
0
0
0
0
0
0
0
0
0
0
0
0
0
0
0
0
0
0
0
0
0
0
0
0
0
0
0
0
0
0
0
0
0
0
0
0
0
0
0
0
0
0
0
0
0
0
0
0
0
0
0
0
0
0
0
0
0
0
0
0
0
0
0
0
0
0
0
0
0
0
0
0
0
0
0
0
0
0
0
0
0
0
0
0
0
0
0
0
0
0
0
0
0
0
0
0
0
0
0
0
0
0
0
0
0
0
0
0
0
0
0
0
0
0
0
0
0
0
0
0
0
0
0
0
0
0
0
0
0
0
0
0
0
0
0
0
0
0
0
0
0
0
0
0
0
0
0
0
0
0
0
0
0
0
0
0
0
0
0
0
0
0
0
0
0
0
0
0
0
0
0
0
0
0
0
0
0
0
0
0
0
0
0
0
0
0
0
0
0
0
0
0
0
0
0
0
0
0
0
0
0
0
0
0
0
0
0
0
0
0
0
0
0
0
0
0
0
0
0
0
0
0
0
0
0
0
0
0
0
0
0
0
0
0
0
0
0
0
0
0
0
0
0
0
0
0
0
0
0
0
0
0
0
0
0
0
0
0
0
0
0
0
0
0
0
0
0
0
0
0
0
0
0
0
0
0
0
0
0
0
0
0
0
0
0
0
0
0
0
0
0
0
0
0
0
0
0
0
0
0
0
0
0
0
0
0
0
0
0
0
0
0
0
0
0
0
0
0
0
0
0
0
0
0
0
0
0
0
0
0
0
0
0
0
0
0
0
0
0
0
0
0
0
0
0
0
0
0
0
0
0
0
0
0
0
0
0
0
0
0
0
0
0
0
0
0
0
0
0
0
0
0
0
0
0
0
0
0
0
0
0
0
0
0
0
0
0
0
0
0
0
0
0
0
0
0
0
0
0
0
0
0
0
0
0
0
0
0
0
0
0
0
0
0
0
0
0
0
0
0
0
0
0
0
0
0
0
0
0
0
0
0
0
0
0
0
0
0
0
0
0
0
0
0
0
0
0
0
0
0
0
0
0
0
0
0
0
0
0
0
0
0
0
0
0
0
0
0
0
0
0
0
0
0
0
0
0
0
0
0
0
0
0
0
0
0
0
0
0
0
0
0
0
0
0
0
0
0
0
0
0
0
0
0
0
0
0
0
0
0
0
0
0
0
0
0
0
0
0
0
0
0
0
0
0
0
0
0
0
0
0
0
0
0
0
0
0
0
0
0
0
0
0
0
0
0
0
0
0
0
0
0
0
0
0
0
0
0
0
0
0
0
0
0
0
0
0
0
0
0
0
0
0
0
0
0
0
0
0
0
0
0
0
0
0
0
0
0
0
0
0
0
0
0
0
0
0
0
0
0
0
0
0
0
0
0
0
0
0
0
0
0
0
0
0
0
0
0
0
0
0
0
0
0
0
0
0
0
0
0
0
0
0
0
0
0
0
0
0
0
0
0
0
0
0
0
0
0
0
0
0
0
0
0
0
0
0
0
0
0
0
0
0
0
0
0
0
0
0
0
0
0
0
0
0
0
0
0
0
0
0
0
0
0
0
0
0
0
0
0
0
0
0
0
0
0
0
0
0
0
0
0
0
0
0
0
0
0
0
0
0
0
0
0
0
0
0
0
0
0
0
0
0
0
0
0
0
0
0
0
0
0
0
0
0
0
0
0
0
0
0
0
0
0
0
0
0
0
0
0
0
0
0
0
0
0
0
0
0
0
0
0
0
0
0
0
0
0
0
0
0
0
0
0
0
0
0
0
0
0
0
0
0
0
0
0
0
0
0
0
0
0
0
0
0
0
0
0
0
0
0
0
0
0
0
0
0
0
0
0
0
0
0
0
0
0
0
0
0
0
0
0
0
0
0
0
0
0
0
0
0
0
0
0
0
0
0
0
0
0
0
0
0
0
0
0
0
0
0
0
0
0
0
0
0
0
0
0
0
0
0
0
0
0
0
0
0
0
0
0
0
0
0
0
0
0
0
0
0
0
0
0
0
0
0
0
0
0
0
0
0
0
0
0
0
0
0
0
0
0
0
0
0
0
0
0
0
0
0
0
0
0
0
0
0
0
0
0
0
0
0
0
0
0
0
0
0
0
0
0
0
0
0
0
0
0
0
0
0
0
0
0
0
0
0
0
0
0
0
0
0
0
0
0
0
0
0
0
0
0
0
0
0
0
0
0
0
0
0
0
0
0
0
0
0
0
0
0
0
0
0
0
0
0
0
0
0
0
0
0
0
0
0
0
0
0
0
0
0
0
0
0
0
0
0
0
0
0
0
0
0
0
0
0
0
0
0
0
0
0
0
0
0
0
0
0
0
0
0
0
0
0
0
0
0
0
0
0
0
0
0
0
0
0
0
0
0
0
0
0
0
0
0
0
0
0
0
0
0
0
0
0
0
0
0
0
0
0
0
0
0
0
0
0
0
0
0
0
0
0
0
0
0
0
0
0
0
0
0
0
0
0
0
0
0
0
0
0
0
0
0
0
0
0
0
0
0
0
0
0
0
0
0
0
0
0
0
0
0
0
0
0
0
0
0
0
0
0
0
0
0
0
0
0
0
0
0
0
0
0
0
0
0
0
0
0
0
0
0
0
0
0
0
0
0
0
0
0
0
0
0
0
0
0
0
0
0
0
0
0
0
0
0
0
0
0
0
0
0
0
0
0
0
0
0
0
0
0
0
0
0
0
0
0
0
0
0
0
0
0
0
0
0
0
0
0
0
0
0
0
0
0
0
0
0
0
0
0
0
0
0
0
0
0
0
0
0
0
0
0
0
0
0
0
0
0
0
0
0
0
0
0
0
0
0
0
0
0
0
0
0
0
0
0
0
0
0
0
0
0
0
0
0
0
0
0
0
0
0
0
0
0
0
0
0
0
0
0
0
0
0
0
0
0
0
0
0
0
0
0
0
0
0
0
0
0
0
0
0
0
0
0
0
0
0
0
0
0
0
0
0
0
0
0
0
0
0
0
0
0
0
0
0
0
0
0
0
0
0
0
0
0
0
0
0
0
0
0
0
0
0
0
0
0
0
0
0
0
0
0
0
0
0
0
0
0
0
0
0
0
0
0
0
0
0
0
0
0
0
0
0
0
0
0
0
0
0
0
0
0
0
0
