0
0
1
0
0
0
0
0
0
0
0
0
0
0
0
0
0
0
0
0
0
1
0
0
0
0
1
0
0
0
0
0
0
0
0
0
0
0
0
0
0
0
0
1
0
0
0
0
1
0
0
0
0
0
0
0
0
0
0
0
0
0
0
0
0
0
0
0
0
0
0
0
0
0
0
0
0
0
0
0
0
0
0
1
0
0
1
0
0
0
0
0
0
0
0
0
0
0
0
1
0
0
0
0
0
1
0
0
1
1
1
2
1
0
1
0
0
0
0
1
0
0
0
0
0
0
0
2
2
0
0
0
0
0
1
0
0
0
2
0
0
0
1
0
0
0
0
2
0
0
1
0
0
0
1
0
0
1
1
0
0
2
1
3
0
1
1
0
2
0
0
1
1
1
0
2
4
1
1
0
3
0
2
3
0
1
0
2
1
0
0
3
0
0
1
0
0
0
0
2
0
0
0
0
0
1
3
1
0
0
0
1
1
0
1
1
0
0
1
0
1
1
1
0
2
0
1
1
5
0
1
3
4
1
1
2
3
2
1
4
0
1
0
1
1
1
0
1
2
0
1
2
1
1
0
3
2
2
1
2
2
2
2
0
1
4
1
2
1
1
3
1
1
2
2
2
4
1
3
1
6
0
1
1
5
4
4
2
1
1
4
2
3
1
0
1
7
0
3
1
1
1
2
1
3
2
2
1
5
3
3
2
1
2
2
3
2
2
8
2
2
2
3
2
3
2
2
3
3
3
2
6
3
0
2
2
6
2
4
2
5
5
6
3
2
2
12
4
3
1
3
4
3
2
2
4
4
6
6
5
7
5
5
2
5
2
5
5
3
4
5
5
2
3
2
5
10
1
5
5
5
7
6
5
9
10
4
5
5
7
7
7
12
5
4
3
4
5
4
7
8
8
12
5
9
5
4
6
4
6
3
6
6
9
6
10
3
5
4
8
5
5
9
5
2
7
7
6
5
8
7
6
6
9
9
10
8
7
6
8
8
14
10
7
9
7
4
8
5
11
3
9
9
9
11
9
10
8
10
10
17
11
11
8
12
9
9
7
9
10
10
12
12
11
11
11
10
7
13
12
13
16
11
22
15
7
19
12
10
7
8
12
15
12
8
20
9
12
10
15
9
18
6
11
7
15
9
13
13
16
19
20
15
12
8
16
24
10
12
18
24
18
17
20
14
12
20
19
14
14
18
21
19
18
19
10
10
22
19
11
15
11
15
28
14
24
19
21
9
15
17
21
14
22
21
10
16
24
19
29
19
18
25
22
21
27
10
16
24
19
15
24
24
14
30
23
26
28
23
20
17
22
25
16
15
22
23
19
25
33
25
23
21
16
26
39
31
25
37
26
21
29
31
22
33
33
35
30
36
35
30
33
30
32
21
35
28
28
22
35
30
32
25
28
35
28
30
31
36
22
24
25
23
26
27
38
45
33
32
21
27
32
34
30
31
42
41
37
43
29
33
38
41
33
42
41
41
43
46
37
31
37
44
41
37
39
36
33
36
38
42
40
42
53
47
33
46
44
39
36
41
44
55
47
47
41
42
43
42
39
45
54
51
48
38
42
48
44
36
48
61
50
47
56
49
52
54
57
52
48
44
55
52
61
39
41
37
44
44
54
58
58
78
71
53
44
56
57
73
69
56
61
53
49
71
56
62
83
63
61
65
60
57
60
56
69
74
66
55
67
52
66
66
69
56
66
77
68
61
69
59
64
59
79
70
63
72
83
71
70
69
77
76
84
87
71
85
94
72
79
77
75
79
80
73
71
75
77
87
76
73
90
96
69
76
78
89
78
88
92
108
85
91
88
89
84
88
96
85
86
91
83
84
94
92
84
98
100
95
102
87
98
111
97
103
99
90
96
99
94
103
92
108
80
87
106
104
99
103
103
100
134
88
120
95
107
115
116
102
119
103
94
120
118
98
116
115
104
115
128
117
117
116
117
127
110
135
110
104
111
118
112
118
113
117
105
110
117
126
117
120
142
138
126
139
142
120
132
126
122
147
157
132
165
141
132
140
121
135
145
148
154
140
150
157
139
141
138
164
125
148
139
164
149
136
162
180
163
164
154
152
147
143
122
167
147
145
154
166
156
159
164
164
159
156
182
169
160
170
156
180
188
146
172
187
164
164
192
169
179
169
199
181
174
172
155
204
170
182
185
186
195
191
175
195
176
186
188
185
190
190
186
213
188
196
216
191
189
188
201
215
190
195
203
209
191
186
207
220
183
210
187
204
212
220
226
223
228
189
241
183
202
217
190
232
234
214
229
239
240
208
226
225
216
246
224
237
233
211
243
226
225
250
261
253
236
231
245
234
264
221
238
243
233
240
245
258
257
253
269
270
241
277
245
292
252
247
280
263
237
241
207
288
291
280
301
289
283
282
281
255
291
241
254
249
305
265
272
312
262
278
298
266
264
286
267
322
301
284
283
272
309
280
299
291
303
288
313
295
281
293
273
302
304
308
330
311
311
291
303
312
330
317
324
320
301
286
309
331
312
382
275
352
344
320
308
349
335
305
376
337
310
320
322
316
342
350
356
353
358
313
314
355
384
351
363
346
355
349
336
376
354
320
383
380
348
364
357
353
369
351
338
370
389
358
369
410
367
362
382
353
415
363
397
351
383
402
403
373
379
357
405
354
396
401
431
410
404
388
356
411
418
458
429
396
426
421
415
454
392
370
387
405
435
410
409
429
409
372
427
400
447
416
399
410
449
424
452
482
473
419
483
427
441
412
404
448
401
449
448
428
436
422
421
461
479
451
468
453
432
467
473
502
478
464
452
476
494
453
456
490
482
457
456
510
478
445
507
464
451
449
526
489
465
451
453
501
471
441
464
492
518
535
556
508
483
510
518
498
492
494
508
551
526
490
533
499
562
529
549
496
499
504
505
520
497
502
557
544
496
519
536
578
498
585
545
562
545
549
568
569
496
564
605
595
536
589
486
527
564
590
605
600
519
517
546
576
574
542
541
538
569
539
531
577
593
579
577
592
570
571
585
581
600
593
626
605
549
593
586
607
605
576
621
629
589
579
599
639
624
553
582
605
621
623
628
611
635
617
658
657
593
613
635
645
663
620
658
644
608
636
662
653
665
599
637
659
642
603
648
659
656
641
644
656
666
582
610
680
695
644
677
709
676
618
657
622
678
631
628
663
647
650
723
677
685
719
706
669
649
690
679
671
676
667
686
681
664
677
690
684
704
678
719
644
727
696
749
708
680
689
698
690
681
743
640
702
732
709
740
752
686
712
719
695
749
724
721
718
736
718
742
712
718
716
757
747
702
752
799
758
767
747
728
745
767
733
767
745
778
772
825
785
760
778
807
756
775
717
772
800
716
703
760
771
712
757
748
810
751
771
809
778
737
769
792
805
761
734
752
784
779
777
780
813
764
760
821
838
787
795
818
794
808
701
709
792
806
781
827
817
773
791
812
766
810
820
827
801
832
771
774
846
811
830
774
779
826
825
783
827
842
810
882
814
803
850
824
864
840
781
821
785
837
768
831
809
801
816
849
891
857
836
659
858
855
841
871
847
853
840
780
855
804
848
858
884
870
787
785
830
844
850
850
856
826
845
931
896
867
855
871
868
903
863
909
841
825
873
898
840
840
872
824
921
863
877
938
886
861
761
849
887
892
934
913
952
897
904
854
903
877
837
952
854
920
815
929
883
904
902
887
882
893
914
943
922
900
934
907
871
937
807
786
892
898
954
933
944
880
961
954
883
919
872
922
932
867
906
966
941
959
909
903
910
904
891
952
939
889
935
924
847
909
917
948
937
942
894
971
900
916
906
956
940
927
899
994
905
928
863
773
887
912
930
970
893
935
897
1019
941
909
1025
932
964
966
925
874
983
908
954
1002
893
912
955
927
967
896
955
989
954
926
959
910
952
951
952
930
964
928
907
987
906
899
937
976
952
902
886
942
934
948
927
1024
937
990
907
990
957
959
951
929
931
912
906
952
958
878
966
1005
958
934
870
1002
977
945
959
968
939
956
871
882
953
963
901
1014
949
899
947
1040
965
936
922
1043
894
894
914
932
985
923
907
939
940
950
919
883
971
924
931
992
953
873
926
935
948
922
905
947
956
915
865
904
1002
931
905
1003
972
925
928
762
949
899
918
966
908
932
954
906
993
935
892
938
951
889
891
911
1000
926
963
1008
956
943
899
966
973
893
904
941
926
889
955
873
939
919
923
1003
940
942
931
948
965
929
935
927
920
950
871
944
960
947
914
945
968
933
917
992
943
918
918
951
925
845
914
946
936
935
944
992
904
870
897
985
934
937
885
927
920
904
847
876
904
928
918
939
969
934
903
931
930
908
887
885
928
914
928
919
937
854
968
971
961
926
915
932
931
901
932
953
961
935
880
915
934
942
919
954
902
933
917
900
1031
908
859
877
959
830
895
773
870
877
901
905
952
863
884
867
849
912
907
923
906
936
880
847
812
908
880
928
837
874
851
905
865
919
902
905
891
871
924
883
877
875
850
879
882
842
877
898
861
895
799
915
872
835
777
843
842
877
893
873
898
867
878
886
879
837
832
851
916
870
893
846
885
847
863
887
876
843
814
858
849
844
832
892
864
813
795
788
859
830
840
856
823
835
838
844
872
808
852
871
832
812
828
839
851
882
875
875
810
867
828
833
808
816
840
841
816
789
827
828
780
817
793
816
786
782
815
784
837
805
831
833
880
842
821
669
753
797
815
802
827
781
792
835
783
781
821
834
777
767
750
818
805
744
758
822
761
743
758
788
773
817
777
819
802
846
831
752
760
782
785
816
758
738
756
820
792
782
791
773
830
740
696
755
745
767
758
796
731
737
739
750
720
728
711
705
755
733
751
782
746
758
731
709
755
715
728
785
733
686
726
797
756
696
669
637
753
700
687
726
715
746
764
701
766
677
717
753
751
696
709
693
741
723
703
725
706
714
677
718
670
698
652
690
651
737
636
685
674
657
678
670
697
683
653
685
635
685
685
725
669
713
625
552
680
649
718
636
746
639
626
693
645
677
656
689
684
657
676
658
630
621
601
696
654
648
675
622
647
650
635
640
636
582
662
624
634
586
599
622
634
610
591
615
638
607
649
641
617
606
614
623
630
610
633
656
597
586
589
575
620
655
660
611
652
568
552
564
590
602
614
577
622
577
571
609
629
583
626
569
569
595
531
563
610
582
581
598
566
617
594
633
563
591
590
582
559
608
548
565
581
608
547
594
503
558
561
565
564
575
569
605
597
515
534
552
570
520
519
566
574
558
558
554
535
508
499
550
503
524
550
457
540
513
531
535
556
517
511
545
513
523
520
530
532
553
489
476
472
486
530
521
514
517
528
501
484
505
495
506
493
474
479
464
482
468
495
529
542
427
490
481
495
495
449
503
473
481
457
496
459
447
480
473
446
432
476
496
460
449
454
480
440
468
496
428
442
457
463
480
448
462
437
464
450
436
446
469
456
429
399
413
450
403
431
445
421
427
411
447
429
436
461
455
448
466
408
424
405
434
425
433
435
403
434
438
417
398
413
404
422
413
420
393
436
424
397
449
414
436
374
419
407
409
396
440
428
396
378
343
336
415
417
444
383
383
395
393
377
361
348
396
383
384
366
368
357
398
365
413
423
365
358
404
371
356
382
397
382
389
349
363
368
343
373
338
392
365
343
321
380
358
369
373
353
341
309
315
342
356
343
333
333
327
381
339
346
357
354
327
336
342
352
360
310
335
333
352
331
345
355
346
306
343
332
313
358
361
319
288
336
316
337
343
320
284
332
331
323
319
334
302
296
332
280
295
330
262
281
301
304
300
314
313
320
262
310
291
303
266
294
304
294
273
271
299
288
253
279
294
305
297
290
289
287
265
270
247
303
272
303
314
289
278
221
301
288
266
302
280
268
275
236
274
290
270
266
270
279
263
257
263
277
255
238
278
271
266
291
259
243
261
252
257
259
244
217
252
256
266
249
269
240
235
222
237
253
220
243
254
228
244
234
257
222
252
238
246
252
233
227
232
225
218
231
222
254
236
232
223
219
232
214
204
222
208
214
204
225
217
233
210
247
192
226
225
222
213
217
231
215
193
211
210
228
205
214
204
202
185
184
187
212
230
210
203
196
195
181
192
186
209
228
200
199
200
154
198
192
192
188
196
200
187
173
181
186
179
180
191
210
184
160
190
180
199
202
172
187
194
159
170
175
162
182
173
170
168
176
183
167
177
165
176
182
153
147
180
169
177
176
151
186
141
156
169
150
190
139
160
177
151
142
162
172
146
170
146
157
149
156
168
149
147
158
158
151
144
147
171
143
156
144
148
142
137
145
160
156
146
144
139
142
138
134
142
150
166
150
153
152
125
132
165
149
134
125
128
127
148
126
151
137
127
121
133
138
129
133
129
138
138
135
140
138
115
127
134
133
105
122
127
135
132
118
125
109
129
119
112
135
125
117
101
120
123
126
116
105
113
117
118
97
110
102
130
107
96
115
116
120
115
111
107
114
115
107
126
114
115
110
117
98
131
116
93
115
121
110
121
98
99
117
97
104
105
80
110
92
88
99
109
88
101
86
113
95
111
112
101
87
88
95
85
80
89
84
95
87
92
76
103
97
91
87
77
83
77
103
91
104
82
75
77
83
98
84
84
81
92
107
84
85
99
82
84
81
66
89
90
88
91
84
77
74
74
75
79
80
66
71
79
87
80
94
73
68
67
84
79
59
80
87
80
66
78
67
88
61
72
73
53
73
73
86
76
71
72
75
60
71
77
71
69
61
70
68
52
66
60
53
81
59
60
65
52
74
63
71
74
70
66
82
61
69
76
58
65
66
50
64
67
63
61
53
61
50
76
45
59
74
58
55
72
54
73
54
49
47
72
60
57
53
48
66
48
57
49
65
55
61
53
42
55
55
51
51
60
46
49
59
48
45
47
53
48
40
48
46
48
52
70
42
46
43
49
46
50
59
49
48
56
37
57
41
50
41
53
50
47
44
49
46
57
39
54
52
53
59
44
35
39
44
40
30
49
39
38
36
37
36
45
35
47
42
55
35
37
48
51
45
39
49
23
33
35
31
35
26
39
35
35
37
39
46
48
34
52
50
44
28
23
47
25
49
45
33
40
37
32
29
43
37
55
33
31
27
27
26
43
34
30
38
39
27
25
35
36
29
34
34
33
36
25
44
29
26
25
29
33
36
31
35
29
33
22
32
24
27
22
26
37
24
35
27
26
24
23
34
21
25
23
28
22
21
26
36
25
22
35
19
30
30
24
34
27
20
31
21
21
25
24
27
33
21
31
27
26
17
17
25
28
27
24
18
18
14
38
27
23
21
31
23
17
23
25
24
15
27
17
20
18
24
14
22
14
23
17
23
25
18
15
22
30
17
17
25
23
13
20
25
20
16
27
16
18
18
22
18
19
18
16
22
12
25
15
24
15
10
16
16
23
13
19
14
9
15
13
19
19
11
21
19
12
24
13
16
14
15
24
14
18
16
19
12
24
13
16
12
19
10
8
17
15
17
12
18
8
17
13
14
12
15
10
10
17
13
23
8
13
18
15
14
10
13
13
10
10
12
14
14
10
10
20
10
16
10
14
16
14
16
16
16
18
14
11
15
8
6
6
12
11
7
7
11
22
10
10
14
10
10
11
17
8
10
14
9
12
10
12
13
19
14
9
14
12
13
7
7
8
9
5
9
11
13
10
10
6
3
9
12
9
10
6
8
6
12
10
12
9
8
12
6
12
7
15
7
9
10
4
17
9
8
11
7
13
11
9
11
8
11
11
8
6
8
9
8
8
13
10
7
4
11
9
12
3
3
8
11
11
6
6
5
10
7
6
13
1
16
6
5
7
9
9
6
3
7
10
5
2
5
4
8
7
6
8
8
5
3
7
8
6
7
6
7
9
3
7
6
3
3
9
9
3
6
3
5
7
7
5
8
2
5
4
5
4
4
10
7
3
6
7
6
6
10
8
5
2
10
6
8
7
4
4
3
11
6
0
3
5
5
1
3
2
1
8
3
5
4
5
8
7
3
3
6
6
5
9
2
4
3
6
5
7
6
3
7
3
3
4
7
7
5
3
1
4
4
5
4
6
1
4
2
4
0
5
2
7
5
4
4
2
4
5
7
5
4
4
5
2
5
5
7
4
2
3
5
3
6
1
2
1
3
5
6
3
3
2
0
7
1
3
6
4
2
2
1
8
1
5
2
3
2
3
3
4
3
3
2
4
1
7
1
1
1
0
0
0
2
2
2
3
3
2
2
1
4
2
1
1
2
1
0
1
7
2
5
1
3
2
3
0
3
3
1
2
2
0
1
2
1
2
3
1
3
1
2
4
2
1
2
2
1
0
1
2
5
0
2
3
1
3
1
1
1
3
1
2
3
3
1
0
3
1
2
2
2
1
3
4
1
0
0
2
6
1
1
1
0
2
2
5
1
2
1
2
1
3
2
0
1
1
2
1
1
0
0
0
1
0
1
0
1
1
2
1
1
2
1
0
2
0
0
1
0
2
0
0
2
0
2
2
0
1
1
0
3
0
0
2
0
2
0
2
1
0
4
0
0
1
1
1
0
0
1
1
0
1
2
2
1
1
0
0
0
0
0
2
2
2
2
2
0
0
1
1
1
0
0
0
1
5
3
2
2
0
1
0
1
1
1
0
1
2
2
2
1
0
1
0
1
0
1
0
0
0
2
1
0
0
0
0
1
1
0
0
1
0
0
1
0
0
2
0
0
1
1
0
0
1
1
2
1
1
1
0
0
0
0
0
1
0
2
0
1
2
1
0
1
0
0
2
1
0
0
1
2
0
0
0
1
1
1
0
1
1
1
0
0
2
0
2
0
2
0
1
2
0
0
0
1
0
0
1
0
0
0
0
0
0
2
0
1
0
0
0
0
1
0
0
1
1
0
0
0
1
0
0
0
0
0
0
0
1
0
0
1
0
1
0
1
1
0
1
3
1
0
1
0
0
0
0
0
3
2
0
0
0
0
0
0
0
0
0
1
0
1
0
0
0
1
0
1
0
1
0
0
0
0
2
0
0
0
0
0
1
0
0
0
0
0
2
0
0
0
0
0
1
1
0
0
0
1
0
0
0
0
0
0
1
1
0
1
0
0
0
1
0
0
0
0
0
0
0
0
0
0
0
1
0
0
0
0
0
0
0
1
0
0
0
0
0
0
1
0
0
0
0
0
0
0
0
0
0
0
0
0
0
0
0
0
0
0
0
0
0
0
0
0
1
0
0
0
1
0
0
0
0
0
2
0
0
0
0
0
0
0
0
0
0
1
0
0
0
0
0
0
0
0
0
0
0
2
0
0
0
0
0
0
0
0
0
0
0
1
0
0
0
0
0
0
0
0
0
0
0
0
0
0
0
0
0
0
0
1
0
0
1
0
0
1
0
0
0
0
0
0
0
0
0
2
0
0
0
0
0
0
0
0
0
0
0
0
0
0
0
0
0
0
0
0
0
0
0
0
0
0
0
0
0
0
0
0
0
0
0
1
0
0
0
0
0
0
0
0
0
1
0
0
0
0
0
0
0
1
0
0
0
0
0
0
0
0
0
0
0
0
0
0
0
0
0
0
0
0
0
0
0
0
0
0
0
0
0
0
0
0
0
0
0
0
0
0
0
0
0
0
0
0
0
0
0
0
0
0
0
0
0
0
0
0
0
0
0
0
0
0
0
0
0
0
0
0
0
0
0
0
0
1
0
0
0
0
0
0
0
0
0
0
0
1
0
0
0
0
0
0
0
0
0
0
0
0
1
0
0
0
0
0
0
0
0
0
0
0
0
1
0
0
0
0
0
0
0
0
0
0
0
0
0
0
0
0
0
0
0
0
0
0
0
0
0
0
0
0
0
0
1
0
0
0
0
0
0
0
0
0
0
0
0
0
0
0
0
0
0
0
0
0
0
0
0
0
0
0
0
0
0
0
0
0
0
0
0
0
0
0
0
1
1
0
0
0
0
0
0
0
0
0
0
0
0
0
0
0
0
0
0
0
0
0
0
0
0
0
0
0
0
0
0
0
0
0
0
0
0
0
0
0
0
0
0
0
0
0
0
0
0
0
0
0
0
0
0
0
0
0
0
0
0
0
0
0
0
0
0
0
0
0
0
0
0
0
0
0
0
0
0
0
0
0
0
0
0
0
0
0
0
0
0
0
0
0
0
0
0
0
0
0
0
0
0
0
0
0
0
0
0
0
0
0
0
0
0
0
0
0
0
0
0
0
0
0
0
0
0
0
0
0
0
0
0
0
0
0
0
0
0
0
0
0
0
0
0
0
0
0
0
0
0
0
0
0
0
0
0
0
0
0
0
0
0
0
0
0
0
0
0
0
0
0
0
0
0
0
0
0
0
0
0
0
0
0
0
0
0
0
0
0
0
0
0
0
0
0
0
0
0
0
0
0
0
0
0
0
0
0
0
0
0
0
0
0
1
0
0
0
0
0
0
0
0
0
0
0
0
0
0
0
0
0
0
0
0
0
0
0
0
0
0
0
0
0
0
0
0
0
0
0
0
0
0
0
0
0
0
0
0
0
0
0
0
0
0
0
0
0
0
0
0
0
0
0
0
0
0
0
0
0
0
0
0
0
0
0
0
0
0
0
0
0
0
0
0
0
0
0
0
0
0
0
0
0
0
0
0
0
0
0
0
0
0
0
0
0
0
0
0
0
0
0
0
0
0
0
0
0
0
0
0
0
0
0
0
0
0
0
0
0
0
0
0
0
0
0
0
0
0
0
0
0
0
0
0
0
0
0
0
0
0
0
0
0
0
0
0
0
0
0
0
0
0
0
0
0
0
0
0
0
0
0
0
0
0
0
0
0
0
0
0
0
0
0
0
0
0
0
0
0
0
0
0
0
0
0
0
0
0
0
0
0
0
0
0
0
0
0
0
0
0
0
0
0
0
0
0
0
0
0
0
0
0
0
0
0
0
0
0
0
0
0
0
0
0
0
0
0
0
0
0
0
0
0
0
0
0
0
0
0
0
0
0
0
0
0
0
0
0
0
0
0
0
0
0
0
0
0
0
0
0
0
0
0
0
0
0
0
0
0
0
0
0
0
0
0
0
0
0
0
0
0
0
0
0
0
0
0
0
0
0
0
0
0
0
0
0
0
0
0
0
0
0
0
0
0
0
0
0
0
0
0
0
0
0
0
0
0
0
0
0
0
0
0
0
0
0
0
0
0
0
0
0
0
0
0
0
0
0
0
0
0
0
0
0
0
0
0
0
0
0
0
0
0
0
0
0
0
0
0
0
0
0
0
0
0
0
0
0
0
0
0
0
0
0
0
0
0
0
0
0
0
0
0
0
0
0
0
0
0
0
0
0
0
0
0
0
0
0
0
0
0
0
0
0
0
0
0
0
0
0
0
0
0
0
0
0
0
0
0
0
0
0
0
0
0
0
0
0
0
0
0
0
0
0
0
0
0
0
0
0
0
0
0
0
0
0
0
0
0
0
0
0
0
0
0
0
0
0
0
0
0
0
0
0
0
0
0
0
0
0
0
0
0
0
0
0
0
0
0
0
0
0
0
0
0
0
0
0
0
0
0
0
0
0
0
0
0
0
0
0
0
0
0
0
0
0
0
0
0
0
0
0
0
0
0
0
0
0
0
0
0
0
0
0
0
0
0
0
0
0
0
0
0
0
0
0
0
0
0
0
0
0
0
0
0
0
0
0
0
0
0
0
0
0
0
0
0
0
0
0
0
0
0
0
0
0
0
0
0
0
0
0
0
0
0
0
0
0
0
0
0
0
0
0
0
0
0
0
0
0
0
0
0
0
0
0
0
0
0
0
0
0
0
0
0
0
0
0
0
0
0
0
0
0
0
0
0
0
0
0
0
0
0
0
0
0
0
0
0
0
0
0
0
0
0
0
0
0
0
0
0
0
0
0
0
0
0
0
0
0
0
0
0
0
0
0
0
0
0
0
0
0
0
0
0
0
0
0
0
0
0
0
0
0
0
0
0
0
0
0
0
0
0
0
0
0
0
0
0
0
0
0
0
0
0
0
0
0
0
0
0
0
0
0
0
0
0
0
0
0
0
0
0
0
0
0
0
0
0
0
0
0
0
0
0
0
0
0
0
0
0
0
0
0
0
0
0
0
0
0
0
0
0
0
0
0
0
0
0
0
0
0
0
0
0
0
0
0
0
0
0
0
0
0
0
0
0
0
0
0
0
0
0
0
0
0
0
0
0
0
0
0
0
0
0
0
0
0
0
0
0
0
0
0
0
0
0
0
0
0
0
0
0
0
0
0
0
0
0
0
0
0
0
0
0
0
0
0
0
0
0
0
0
0
0
0
0
0
0
0
0
0
0
0
0
0
0
0
0
0
0
0
0
0
0
0
0
0
0
0
0
0
0
0
0
0
0
0
0
0
0
0
0
0
0
0
0
0
0
0
0
0
0
0
0
0
0
0
0
0
0
0
0
0
0
0
0
0
0
0
0
0
0
0
0
0
0
0
0
0
0
0
0
0
0
0
0
0
0
0
0
0
0
0
0
0
0
0
0
0
0
0
0
0
0
0
0
0
0
0
0
0
0
0
0
0
0
0
0
0
0
0
0
0
0
0
0
0
0
0
0
0
0
0
0
0
0
0
0
0
0
0
0
0
0
0
0
0
0
0
0
0
0
0
0
0
0
0
0
0
0
0
0
0
0
0
0
0
0
0
0
0
0
0
0
0
0
0
0
0
0
0
0
0
0
0
0
0
0
0
0
0
0
0
0
0
0
0
0
0
0
0
0
0
0
0
0
0
0
0
0
0
0
0
0
0
0
0
0
0
0
0
0
0
0
0
0
0
0
0
0
0
0
0
0
0
0
0
0
0
0
0
0
0
0
0
0
0
0
0
0
0
0
0
0
0
0
0
0
0
0
0
0
0
0
0
0
0
0
0
0
0
0
0
0
0
0
0
0
0
0
0
0
0
0
0
0
0
0
0
0
0
0
0
0
0
0
0
0
0
0
0
0
0
0
0
0
0
0
0
0
0
0
0
0
0
0
0
0
0
0
0
0
0
0
0
0
0
0
0
0
0
0
0
0
0
0
0
0
0
0
0
0
0
0
0
0
0
0
0
0
0
0
0
0
0
0
0
0
0
0
0
0
0
0
0
0
0
0
0
0
0
0
0
0
0
0
0
0
0
0
0
0
0
0
0
0
0
0
0
0
0
0
0
0
0
0
0
0
0
0
0
0
0
0
0
0
0
0
0
0
0
0
0
0
0
0
0
0
0
0
0
0
0
0
0
0
0
0
0
0
0
0
0
0
0
0
0
0
0
0
0
0
0
0
0
0
0
0
0
0
0
0
0
0
0
0
0
0
0
0
0
0
0
0
0
0
0
0
0
0
0
0
0
0
0
0
0
0
0
0
0
0
0
0
0
0
0
0
0
0
0
0
0
0
0
0
0
0
0
0
0
0
0
0
0
0
0
0
0
0
0
0
0
0
0
0
0
0
0
0
0
0
0
0
0
0
0
0
0
0
0
0
0
0
0
0
0
0
0
0
0
0
0
0
0
0
0
0
0
0
0
0
0
0
0
0
0
0
0
0
0
0
0
0
0
0
0
0
0
0
0
0
0
0
0
0
0
0
0
0
0
0
0
0
0
0
0
0
0
0
0
0
0
0
0
0
0
0
0
0
0
0
0
0
0
0
0
0
0
0
0
0
0
0
0
0
0
0
0
0
0
0
0
0
0
0
0
0
0
0
0
0
0
0
0
0
0
0
0
0
0
0
0
0
0
0
0
0
0
0
0
0
0
0
0
0
0
0
0
0
0
0
0
0
0
0
0
0
0
0
0
0
0
0
0
0
0
0
0
0
0
0
0
0
0
0
0
0
0
0
0
0
0
0
0
0
0
0
0
0
0
0
0
0
0
0
0
0
0
0
0
0
0
0
0
0
0
0
0
0
0
0
0
0
0
0
0
0
0
0
0
0
0
0
0
0
0
0
0
0
0
0
0
0
0
0
0
0
0
0
0
0
0
0
0
0
0
0
0
0
0
0
0
0
0
0
0
0
0
0
0
0
0
0
0
0
0
0
0
0
0
0
0
0
0
0
0
0
0
0
0
0
0
0
0
0
0
0
0
0
0
0
0
0
0
0
0
0
0
0
0
0
0
0
0
0
0
0
0
0
0
0
0
0
0
0
0
0
0
0
0
0
0
0
0
0
0
0
0
0
0
0
0
0
0
0
0
0
0
0
0
0
0
0
0
0
0
0
0
0
0
0
0
0
0
0
0
0
0
0
0
0
0
0
0
0
0
0
0
0
0
0
0
0
0
0
0
0
0
0
0
0
0
0
0
0
0
0
0
0
0
0
0
0
0
0
0
0
0
0
0
0
0
0
0
0
0
0
0
0
0
0
0
0
0
0
0
0
0
0
0
0
0
0
0
0
0
0
0
0
0
0
0
0
0
0
0
0
0
0
0
0
0
0
0
0
0
0
0
0
0
0
0
0
0
0
0
0
0
0
0
0
0
0
0
0
0
0
0
0
0
0
0
0
0
0
0
0
0
0
0
0
0
0
0
0
0
0
0
0
0
0
0
0
0
0
0
0
0
0
0
0
0
0
0
0
0
0
0
0
0
0
0
0
0
0
0
0
0
0
0
0
0
0
0
0
0
0
0
0
0
0
0
0
0
0
0
0
0
0
0
0
0
0
0
0
0
0
0
0
0
0
0
0
0
0
0
0
0
0
0
0
0
0
0
0
0
0
0
0
0
0
0
0
0
0
0
0
0
0
0
0
0
0
0
0
0
0
0
0
0
0
0
0
0
0
0
0
0
0
0
0
0
0
0
0
0
0
0
0
0
0
0
0
0
0
0
0
0
0
0
0
0
0
0
0
0
0
0
0
0
0
0
0
0
0
0
0
0
0
0
0
0
0
0
0
0
0
0
0
0
0
0
0
0
0
0
0
0
0
0
0
0
0
0
0
0
0
0
0
0
0
0
0
0
0
0
0
0
0
0
0
0
0
0
0
0
0
0
0
0
0
0
0
0
0
0
0
0
0
0
0
0
0
0
0
0
0
0
0
0
0
0
0
0
0
0
0
0
0
0
0
0
0
0
0
0
0
0
0
0
0
0
0
0
0
0
0
0
0
0
0
0
0
0
0
0
0
0
0
0
0
0
0
0
0
0
0
0
0
0
0
0
0
0
0
0
0
0
0
0
0
0
0
0
0
0
0
0
0
0
0
0
0
0
0
0
0
0
0
0
0
0
0
0
0
0
0
0
0
0
0
0
0
0
0
0
0
0
0
0
0
0
0
0
0
0
0
0
0
0
0
0
0
0
0
0
0
0
0
0
0
0
0
0
0
0
0
0
0
0
0
0
0
0
0
0
0
0
0
0
0
0
0
0
0
0
0
0
0
0
0
0
0
0
0
0
0
0
0
0
0
0
0
0
0
0
0
0
0
0
0
0
0
0
0
0
0
0
0
0
0
0
0
0
0
0
0
0
0
0
0
0
0
0
0
0
0
0
0
0
0
0
0
0
0
0
0
0
0
0
0
0
0
0
0
0
0
0
0
0
0
0
0
0
0
0
0
0
0
0
0
0
0
0
0
0
0
0
0
0
0
0
0
0
0
0
0
0
0
0
0
0
0
0
0
0
0
0
0
0
0
0
0
0
0
0
0
0
0
0
0
0
0
0
0
0
0
0
0
0
0
0
0
0
0
0
0
0
0
0
0
0
0
0
0
0
0
0
0
0
0
0
0
0
0
0
0
0
0
0
0
0
0
0
0
0
0
0
0
0
0
0
0
0
0
0
0
0
0
0
0
0
0
0
0
0
0
0
0
0
0
0
0
0
0
0
0
0
0
0
0
0
0
0
0
0
0
0
0
0
0
0
0
0
0
0
0
0
0
0
0
0
0
0
0
0
0
0
0
0
0
0
0
0
0
0
0
0
0
0
0
0
0
0
0
0
0
0
0
0
0
0
0
0
0
0
0
0
0
0
0
0
0
0
0
0
0
0
0
0
0
0
0
0
0
0
0
0
0
0
0
0
0
0
0
0
0
0
0
0
0
0
0
0
0
0
0
0
0
0
0
0
0
0
0
0
0
0
0
0
0
0
0
0
0
0
0
0
0
0
0
0
0
0
0
0
0
0
0
0
0
0
0
0
0
0
0
0
0
0
0
0
0
0
0
0
0
0
0
0
0
0
0
0
0
0
0
0
0
0
0
0
0
0
0
0
0
0
0
0
0
0
0
0
0
0
0
0
0
0
0
0
0
0
0
0
0
0
0
0
0
0
0
0
0
0
0
0
0
0
0
0
0
0
0
0
0
0
0
0
0
0
0
0
0
0
0
0
0
0
0
0
0
0
0
0
0
0
0
0
0
0
0
0
0
0
0
0
0
0
0
0
0
0
0
0
0
0
0
0
0
0
0
0
0
0
0
0
0
0
0
0
0
0
0
0
0
0
0
0
0
0
0
0
0
0
0
0
0
0
0
0
0
0
0
0
0
0
0
0
0
0
0
0
0
0
0
0
0
0
0
0
0
0
0
0
0
0
0
0
0
0
0
0
0
0
0
0
0
0
0
0
0
0
0
0
0
0
0
0
0
0
0
0
0
0
0
0
0
0
0
0
0
0
0
0
0
0
0
0
0
0
0
0
0
0
0
0
0
0
0
0
0
0
0
0
0
0
0
0
0
0
0
0
0
0
0
0
0
0
0
0
0
0
0
0
0
0
0
0
0
0
0
0
0
0
0
0
0
0
0
0
0
0
0
0
0
0
0
0
0
0
0
0
0
0
0
0
0
0
0
0
0
0
0
0
0
0
0
0
0
0
0
0
0
0
0
0
0
0
0
0
0
0
0
0
0
0
0
0
0
0
0
0
0
0
0
0
0
0
0
0
0
0
0
0
0
0
0
0
0
0
0
0
0
0
0
0
0
0
0
0
0
0
0
0
0
0
0
0
0
0
0
0
0
0
0
0
0
0
0
0
0
0
0
0
0
0
0
0
0
0
0
0
0
0
0
0
0
0
0
0
0
0
0
0
0
0
0
0
0
0
0
0
0
0
0
0
0
0
0
0
0
0
0
0
0
0
0
0
0
0
0
0
0
0
0
0
0
0
0
0
0
0
0
0
0
0
0
0
0
0
0
0
0
0
0
0
0
0
0
0
0
0
0
0
0
0
0
0
0
0
0
0
0
0
0
0
0
0
0
0
0
0
0
0
0
0
0
0
0
0
0
0
0
0
0
0
0
0
0
0
0
0
0
0
0
0
0
0
0
0
0
0
0
0
0
0
0
0
0
0
0
0
0
0
0
0
0
0
0
0
0
0
0
0
0
0
0
0
0
0
0
0
0
0
0
0
0
0
0
0
0
0
0
0
0
0
0
0
0
0
0
0
0
0
0
0
0
0
0
0
0
0
0
0
0
0
0
0
0
0
0
0
0
0
0
0
0
0
0
0
0
0
0
0
0
0
0
0
0
0
0
0
0
0
0
0
0
0
0
0
0
0
0
0
0
0
0
0
0
0
0
0
0
0
0
0
0
0
0
0
0
0
0
0
0
0
0
0
0
0
0
0
0
0
0
0
0
0
0
0
0
0
0
0
0
0
0
0
0
0
0
0
0
0
0
0
0
0
0
0
0
0
0
0
0
0
0
0
0
0
0
0
0
0
0
0
0
0
0
0
0
0
0
0
0
0
0
0
0
0
0
0
0
0
0
0
0
0
0
0
0
0
0
0
0
0
0
0
0
0
0
0
0
0
0
0
0
0
0
0
0
0
0
0
0
0
0
0
0
0
0
0
0
0
0
0
0
0
0
0
0
0
0
0
0
0
0
0
0
0
0
0
0
0
0
0
0
0
0
0
0
0
0
0
0
0
0
0
0
0
0
0
0
0
0
0
0
0
0
0
0
0
0
0
0
0
0
0
0
0
0
0
0
0
0
0
0
0
0
0
0
0
0
0
0
0
0
0
0
0
0
0
0
0
0
0
0
0
0
0
0
0
0
0
0
0
0
0
0
0
0
0
0
0
0
0
0
0
0
0
0
0
0
0
0
0
0
0
0
0
0
0
0
0
0
0
0
0
0
0
0
0
0
0
0
0
0
0
0
0
0
0
0
0
0
0
0
0
0
0
0
0
0
0
0
0
0
0
0
0
0
0
0
0
0
0
0
0
0
0
0
0
0
0
0
0
0
0
0
0
0
0
0
0
0
0
0
0
0
0
0
0
0
0
0
0
0
0
0
0
0
0
0
0
0
0
0
0
0
0
0
0
0
0
0
0
0
0
0
0
0
0
0
0
0
0
0
0
0
0
0
0
0
0
0
0
0
0
0
0
0
0
0
0
0
0
0
0
0
0
0
0
0
0
0
0
0
0
0
0
0
0
0
0
0
0
0
0
0
0
0
0
0
0
0
0
0
0
0
0
0
0
0
0
0
0
0
0
0
0
0
0
0
0
0
0
0
0
0
0
0
0
0
0
0
0
0
0
0
0
0
0
0
0
0
0
0
0
