0
0
0
2
0
1
0
0
0
1
1
1
0
0
0
1
0
1
2
1
1
1
1
0
0
0
0
1
1
0
1
0
0
1
0
1
0
2
1
1
1
0
1
0
0
0
0
1
1
1
1
1
0
1
1
0
0
1
0
1
0
1
1
1
0
2
1
1
3
3
1
4
1
2
2
1
2
2
1
0
2
0
4
2
1
1
0
1
0
1
1
0
2
1
6
0
1
3
1
3
2
1
2
3
2
3
1
0
1
2
1
2
3
1
3
1
3
0
2
1
1
1
3
0
3
2
2
1
1
4
3
1
4
1
2
0
3
0
1
6
1
2
1
3
2
3
2
4
2
1
0
0
2
1
1
5
1
5
7
5
4
1
0
4
3
5
3
3
5
1
3
5
5
2
3
0
5
3
2
4
0
3
0
3
5
4
2
1
1
1
3
3
1
1
3
3
4
5
1
3
5
2
2
5
5
5
2
4
3
4
3
3
5
3
2
3
5
4
4
6
1
4
0
9
3
1
6
10
7
6
4
8
4
4
7
1
6
7
7
5
7
5
3
6
6
4
8
7
3
9
6
8
8
1
5
4
5
2
5
6
3
18
3
7
6
8
9
8
8
6
5
4
8
6
12
8
9
9
7
5
8
8
6
5
10
8
13
10
9
9
5
6
9
8
9
12
10
6
9
9
6
12
15
9
9
11
9
13
5
14
9
8
8
7
8
11
12
8
10
8
10
11
10
10
8
10
10
18
14
14
11
15
17
16
12
11
8
15
13
7
12
10
11
12
12
14
11
16
8
16
14
8
13
12
12
17
18
18
15
17
18
17
12
11
13
15
10
12
17
14
18
14
21
11
10
23
20
19
11
13
24
15
19
13
22
6
17
18
15
18
25
16
15
22
17
14
22
15
26
17
17
22
19
21
25
15
15
23
21
21
21
12
20
19
25
20
20
22
25
30
27
31
26
13
28
24
20
24
19
19
27
27
20
25
19
28
21
26
24
27
29
32
24
30
30
26
25
32
27
33
24
29
17
29
28
31
16
36
27
34
29
33
27
35
32
19
39
40
28
34
31
32
33
29
33
27
28
26
47
33
35
35
25
36
31
33
35
38
31
37
27
27
37
41
35
41
44
37
37
33
45
47
34
41
38
56
39
35
42
42
33
50
41
48
38
46
46
44
39
46
35
45
51
58
54
43
39
39
52
47
52
39
40
47
53
61
48
52
50
53
54
51
57
52
52
46
52
47
54
50
51
67
58
49
50
53
59
52
45
50
53
52
54
57
44
49
54
60
47
42
51
61
54
60
51
62
78
61
65
52
56
72
53
72
60
49
57
57
58
58
60
74
71
65
65
81
71
74
72
86
72
75
66
81
63
73
70
75
57
64
79
70
61
80
73
72
71
75
80
71
69
87
72
92
95
79
80
88
102
97
63
89
78
93
71
71
63
81
86
76
68
94
84
90
76
86
70
89
99
92
96
93
92
84
85
99
96
94
89
103
95
87
98
87
90
112
84
80
109
113
87
95
112
84
87
124
96
105
109
99
96
97
120
99
114
99
107
119
104
113
100
106
103
124
105
110
132
118
111
143
116
114
123
103
134
116
91
121
106
120
124
113
106
111
96
138
134
127
125
115
125
128
123
138
134
130
143
113
139
154
124
114
125
162
135
124
142
136
123
138
133
143
122
158
142
111
105
145
147
134
175
144
155
138
133
151
169
141
159
141
157
128
145
143
160
156
145
184
174
168
157
156
136
146
153
157
144
160
155
177
175
147
155
188
174
162
186
177
161
156
177
178
165
163
176
147
170
189
155
208
156
176
177
158
181
189
161
209
169
205
202
190
198
183
199
198
189
181
174
168
199
213
190
208
221
196
208
217
204
199
217
206
202
209
223
204
218
177
229
210
185
191
210
231
212
215
195
209
228
220
225
228
196
232
229
226
246
232
204
227
238
231
227
234
236
227
250
230
241
226
212
256
246
237
239
207
227
249
239
257
277
238
231
255
248
227
241
276
224
255
255
246
224
247
262
274
253
260
223
301
241
256
255
270
258
267
255
232
273
258
272
273
277
269
262
244
264
253
268
274
270
294
284
238
273
290
265
285
309
293
298
299
308
306
319
310
268
316
265
262
304
309
271
333
324
321
318
291
318
322
285
329
330
312
296
345
318
338
282
318
338
323
336
352
343
318
337
310
344
332
300
326
333
335
343
350
347
305
318
362
324
368
345
362
384
336
348
350
356
334
343
385
339
325
337
355
352
337
332
354
363
334
309
312
335
379
373
404
427
343
373
395
390
376
400
362
395
395
370
394
384
408
431
407
394
394
412
411
373
383
405
413
414
401
393
395
403
405
396
403
424
411
401
436
388
424
418
409
399
404
427
346
413
406
383
434
418
415
402
458
422
427
411
477
438
452
451
450
412
436
461
428
445
434
449
461
455
469
441
486
474
420
459
419
498
455
426
504
435
473
479
490
452
484
450
479
517
481
449
453
477
459
472
545
469
480
484
513
493
484
492
547
527
481
460
535
465
509
507
521
490
475
480
500
492
546
450
519
509
527
486
508
497
562
516
567
498
496
518
529
532
513
539
539
537
475
529
572
497
533
514
548
547
557
518
522
545
545
557
563
567
577
554
561
530
525
561
539
611
572
530
560
570
549
559
558
539
609
526
451
607
569
573
633
578
579
551
597
598
619
557
595
611
616
552
604
605
582
584
610
592
583
593
615
619
603
598
654
607
604
586
608
606
583
627
674
569
616
626
675
587
617
611
666
631
632
534
640
622
612
617
662
655
625
658
623
646
662
610
664
644
625
649
655
687
628
657
717
690
648
615
671
624
693
639
643
667
665
615
605
663
682
669
682
715
691
668
714
681
656
691
705
682
652
621
727
708
704
693
755
739
692
665
688
733
728
646
728
748
697
675
674
709
660
690
757
691
750
718
689
670
741
721
722
700
757
756
594
739
720
758
824
689
752
712
783
755
763
780
768
740
743
701
697
756
777
736
734
735
730
725
759
725
786
796
778
737
744
748
765
786
779
792
849
803
797
755
779
793
758
790
841
802
785
714
765
797
796
743
811
822
792
794
812
787
817
807
812
772
783
778
829
805
830
834
824
819
822
792
872
814
785
770
851
815
819
724
728
877
833
783
833
888
839
779
825
842
813
826
848
868
764
811
851
829
817
851
815
838
827
796
870
866
814
884
852
814
880
794
808
822
883
794
875
774
895
855
808
828
825
808
821
855
840
837
752
842
808
829
891
855
828
802
838
846
818
877
885
874
869
871
807
867
833
881
948
820
834
900
868
835
904
847
908
847
841
818
881
874
928
875
913
990
881
858
884
938
849
877
852
898
850
861
890
891
935
884
846
859
933
920
901
887
885
846
909
921
888
853
933
874
922
869
965
905
928
927
942
936
915
888
903
914
915
817
806
935
845
929
896
849
929
871
886
880
919
904
911
852
906
963
913
934
886
906
936
949
888
900
983
890
934
941
953
955
977
863
880
948
847
950
965
948
894
900
931
908
884
931
982
938
900
867
776
950
927
956
984
955
898
887
946
925
888
1008
1015
952
919
850
928
950
1002
923
992
929
942
930
933
999
910
969
949
958
946
909
965
933
914
927
958
986
991
947
920
952
977
952
971
959
917
877
936
967
908
988
959
957
983
983
901
943
975
893
979
913
974
920
963
939
991
923
1016
948
923
948
964
930
934
942
956
970
944
869
865
962
937
932
981
1026
954
945
962
959
967
954
986
939
951
895
978
1010
1025
980
1007
957
909
915
955
952
867
934
940
982
972
962
985
952
931
953
985
975
953
956
950
952
961
929
944
984
977
987
765
935
960
947
985
955
954
894
958
933
964
911
982
953
958
920
935
957
933
949
910
921
949
901
937
957
931
904
975
933
899
920
987
913
918
972
956
966
957
895
938
910
923
918
947
920
931
857
994
934
975
949
836
899
939
945
966
953
963
960
937
930
965
891
901
931
874
915
994
991
902
906
938
919
968
973
962
918
932
859
854
993
917
952
933
934
917
938
938
897
932
930
961
904
871
923
900
928
950
957
938
881
943
914
941
949
900
884
937
950
926
875
911
863
898
905
922
894
873
857
993
839
930
845
925
891
907
944
715
906
966
857
960
944
906
824
869
887
864
912
943
888
889
814
869
936
891
923
915
917
909
844
864
899
873
858
875
856
843
870
842
853
863
876
909
920
850
832
867
861
870
924
907
873
870
858
882
843
880
875
887
837
837
880
853
814
863
875
840
864
863
827
861
858
847
867
875
914
869
860
925
855
800
787
868
858
869
766
770
871
819
864
846
792
807
771
797
858
853
829
859
866
813
782
794
826
792
822
819
770
799
806
814
818
798
797
834
821
789
803
778
819
775
750
871
815
818
770
783
787
776
797
819
806
807
775
687
763
774
793
773
784
747
818
835
774
774
731
814
779
765
785
776
788
760
715
834
792
703
754
797
783
731
755
760
733
737
777
762
783
810
834
782
802
774
760
758
783
766
735
746
792
805
708
799
732
665
762
747
771
778
744
723
733
802
746
747
720
708
709
758
705
745
722
763
726
697
706
738
693
687
693
727
709
752
655
652
689
741
706
730
701
712
718
700
698
733
693
688
730
656
702
687
666
675
678
726
683
669
669
693
706
687
671
627
700
672
625
682
716
669
684
692
693
682
618
658
689
661
596
705
681
658
611
574
640
673
669
689
646
703
640
627
655
650
594
650
696
650
658
645
626
630
675
653
674
688
595
634
661
656
623
651
626
603
634
609
623
636
671
621
646
630
631
609
644
584
595
624
604
608
566
610
654
534
538
623
612
598
569
607
612
573
562
609
597
589
572
601
593
602
612
602
579
603
595
592
579
560
582
558
565
573
534
470
597
569
552
597
535
547
552
579
557
539
504
574
595
527
585
566
550
535
585
613
569
543
577
516
569
519
552
542
536
601
545
542
517
506
496
530
562
505
509
501
547
507
525
550
546
521
505
447
522
517
503
558
494
465
489
512
502
506
488
544
485
482
493
505
488
501
492
526
461
489
455
520
450
482
478
515
478
460
447
507
514
522
451
463
469
461
512
464
461
483
444
491
488
458
390
473
477
462
469
502
500
448
454
526
423
444
474
430
465
418
462
462
422
439
463
445
439
475
442
442
413
453
442
411
438
417
390
389
455
438
446
404
432
410
447
441
392
406
396
426
408
401
368
427
400
408
436
438
368
413
382
407
418
366
400
420
373
394
390
401
372
410
397
412
410
379
378
405
409
358
359
389
381
346
379
301
384
356
335
397
366
383
379
383
373
377
359
374
366
340
407
375
348
373
337
368
349
359
346
372
337
364
364
370
359
353
326
378
360
322
333
331
313
347
319
342
338
307
336
312
340
322
319
326
351
325
325
345
331
336
337
339
302
336
299
325
319
290
330
292
320
311
290
292
291
315
312
335
291
295
318
285
315
288
278
262
289
250
323
309
316
326
331
300
295
274
290
280
306
294
281
326
293
277
255
292
278
282
273
280
282
273
251
278
287
270
301
293
296
268
242
283
279
276
293
270
305
271
256
258
275
253
260
213
244
246
259
277
255
244
249
256
226
253
222
248
267
247
242
231
253
252
239
247
248
268
247
248
248
235
246
266
257
200
239
245
250
221
215
258
240
252
222
240
226
209
240
226
216
195
203
235
215
229
204
219
192
200
207
231
209
241
233
206
258
211
209
198
211
223
191
235
203
187
191
201
227
204
206
197
223
184
182
163
194
204
212
204
197
206
214
217
178
185
199
174
209
196
175
217
187
192
176
187
207
194
194
211
183
182
223
179
190
186
172
188
204
175
188
189
189
153
189
161
160
175
187
171
149
181
142
139
190
160
150
176
196
159
180
169
200
167
147
154
136
149
134
157
156
136
180
153
168
163
137
145
169
156
163
149
174
151
150
146
160
157
149
171
135
164
149
136
154
144
128
146
150
140
106
137
143
159
177
163
137
144
154
130
136
138
119
146
120
131
153
147
118
131
132
135
154
124
122
146
113
124
117
116
111
139
128
138
133
121
112
139
148
127
128
114
114
127
106
124
129
106
100
137
129
136
113
117
119
116
116
113
96
130
104
106
115
118
105
106
121
119
122
107
124
121
100
113
120
95
103
108
91
95
123
80
90
101
113
91
108
100
101
121
91
88
103
108
110
105
89
87
91
95
116
92
102
115
92
95
105
95
78
97
99
105
102
97
92
92
94
95
121
89
94
75
83
80
84
89
78
90
82
82
73
75
78
105
90
96
68
89
83
74
99
76
83
85
62
79
69
78
71
71
89
92
82
75
71
71
53
81
88
87
70
75
85
71
83
108
64
79
49
67
88
82
63
72
58
74
73
76
76
57
62
82
60
66
65
63
55
78
68
63
61
61
65
66
71
55
67
61
58
68
65
58
59
61
57
62
74
81
67
40
66
48
51
67
50
56
59
52
59
57
43
68
67
59
51
50
57
54
49
64
51
47
51
57
51
50
47
57
61
67
54
60
53
56
53
55
58
39
48
56
58
49
44
50
45
56
43
55
61
47
58
44
53
45
52
59
49
43
53
61
55
50
42
38
39
34
40
55
38
43
48
42
38
46
42
43
51
22
37
31
51
40
47
44
28
44
41
35
35
39
39
50
40
47
32
37
30
40
42
34
44
38
41
41
30
29
36
37
42
32
32
35
26
33
37
38
49
31
30
27
35
30
31
40
35
44
31
26
34
30
43
45
33
33
19
26
44
38
36
26
32
27
33
34
37
22
32
21
36
34
23
19
27
34
27
35
32
29
33
29
28
23
28
29
21
31
34
33
31
19
27
27
37
26
25
32
18
28
20
27
30
29
21
23
30
18
24
22
18
27
20
25
18
27
21
13
31
20
23
20
21
28
33
28
25
17
14
6
21
21
19
20
11
15
25
27
14
19
19
18
20
27
24
20
20
21
14
17
22
20
13
27
16
11
15
17
13
22
24
26
15
15
18
14
10
18
18
16
22
16
15
20
23
27
15
20
16
18
13
25
18
12
15
18
22
13
21
18
14
10
12
20
22
22
18
16
23
16
13
11
11
17
20
12
20
15
17
14
16
19
11
11
16
13
3
16
14
17
10
8
14
21
9
13
14
13
11
4
10
15
14
10
11
14
11
16
17
13
12
20
10
6
14
13
13
10
10
12
13
14
9
12
11
10
12
13
16
11
13
10
8
11
11
10
13
12
11
9
16
11
10
16
7
11
5
8
10
10
14
10
8
7
8
14
8
15
10
10
11
8
16
8
13
10
6
7
9
9
6
6
8
7
10
14
11
11
6
12
8
8
13
9
11
6
6
8
12
6
9
6
7
11
9
11
10
5
5
14
7
8
6
10
9
9
11
5
6
6
6
11
7
8
3
11
6
10
6
6
5
8
3
5
6
2
2
5
6
5
5
7
9
7
7
9
6
9
2
7
7
6
6
5
4
3
6
8
0
3
8
5
5
6
9
9
2
4
13
5
7
9
5
7
2
8
5
6
5
3
3
1
8
6
4
5
14
5
3
6
4
2
3
3
4
4
7
5
5
3
4
0
5
3
4
2
3
3
5
4
4
2
1
2
5
5
2
4
1
5
2
1
5
4
7
3
3
2
6
4
2
4
2
4
3
4
6
4
5
2
1
8
2
2
1
5
2
3
5
0
6
3
1
9
2
4
3
4
3
0
3
5
3
5
3
4
1
4
1
3
4
2
1
2
4
2
1
3
4
2
2
1
1
2
2
4
4
4
3
3
3
5
4
4
1
7
1
4
0
4
1
1
3
0
2
2
2
4
8
3
5
1
1
4
4
2
2
5
3
1
0
3
1
4
2
2
2
4
2
5
3
3
2
3
2
0
3
0
1
4
1
2
1
0
1
3
0
3
3
4
3
3
2
2
2
2
3
1
0
1
1
0
1
5
5
3
3
2
1
0
1
1
1
1
2
1
1
0
1
1
1
2
1
0
1
2
2
0
0
1
0
2
1
2
0
2
3
0
0
2
1
1
1
3
1
1
3
1
0
4
2
1
3
3
2
1
1
1
0
0
1
1
0
1
2
1
2
0
1
2
1
3
0
2
2
0
1
2
2
0
1
2
0
1
2
0
3
1
0
0
1
2
1
1
1
0
2
0
2
3
2
0
0
0
0
0
0
0
1
1
1
0
0
0
2
0
1
0
2
0
4
2
1
0
0
0
2
2
0
0
2
1
0
0
2
1
1
1
1
3
0
0
1
1
0
0
0
1
0
0
0
0
1
1
1
0
0
1
0
1
0
1
0
0
0
0
0
0
2
0
1
0
1
0
1
0
0
0
0
0
0
0
0
0
1
0
1
0
0
1
1
0
0
0
0
0
0
1
0
0
0
1
0
0
0
0
0
0
0
0
0
2
0
0
0
0
1
0
1
0
1
0
1
0
1
0
0
1
0
1
1
1
0
0
1
1
0
1
1
0
0
0
1
0
0
0
0
0
0
0
0
3
0
0
0
0
0
0
0
1
0
0
0
0
0
0
0
3
0
0
0
0
0
0
0
0
0
0
0
1
0
0
0
0
1
1
0
0
0
0
0
0
1
1
0
2
0
0
0
0
0
1
0
0
0
0
0
1
0
0
1
0
0
0
0
0
0
1
0
0
0
0
0
1
0
0
0
0
0
0
1
0
1
0
0
1
0
1
0
0
0
0
0
0
0
0
0
0
0
0
0
0
0
1
0
0
0
0
1
0
0
0
0
0
0
0
0
2
0
0
0
0
0
0
0
2
0
0
0
0
1
0
0
1
0
0
0
0
0
0
0
0
0
0
0
0
0
0
0
0
0
0
1
0
0
0
0
0
0
0
0
0
0
0
0
0
0
0
0
0
0
0
1
0
0
0
0
0
0
0
0
0
0
0
0
0
0
0
0
0
0
0
0
0
0
0
0
0
0
0
0
0
0
0
0
0
0
0
0
0
0
0
0
0
0
0
0
0
0
0
0
0
0
0
0
0
0
0
0
0
0
0
0
1
0
0
0
0
0
0
0
1
0
0
0
0
0
2
0
0
0
0
0
0
0
0
0
0
0
0
0
0
0
0
0
0
0
0
0
0
0
0
0
0
0
1
0
0
0
0
0
0
0
0
0
0
0
0
0
0
0
0
0
0
0
0
0
0
0
0
0
0
0
0
0
0
0
0
0
0
0
0
0
0
0
0
0
0
0
0
0
0
0
0
0
0
0
0
0
0
0
0
0
0
0
0
0
0
0
0
0
1
0
0
0
0
0
0
0
0
0
0
0
0
0
0
0
0
0
0
0
0
0
0
0
0
0
0
0
0
0
0
0
0
0
0
0
0
0
0
0
0
0
0
0
0
0
0
0
0
0
0
0
0
0
0
0
0
0
0
0
0
0
0
0
0
0
0
1
0
0
0
0
0
0
0
0
0
0
0
0
0
0
0
0
0
0
0
0
0
0
0
0
0
0
0
0
0
0
0
0
0
0
0
1
0
0
0
0
0
0
0
0
0
0
0
0
0
0
0
0
0
0
0
0
0
0
0
0
0
0
0
0
0
0
0
0
0
0
0
0
0
0
0
0
0
0
0
0
0
0
0
0
0
0
0
0
0
0
0
0
0
0
0
0
0
0
0
0
0
0
0
0
0
1
0
0
0
0
0
0
0
0
0
0
0
0
0
0
0
0
0
1
0
0
0
0
0
0
0
0
0
0
0
0
0
0
0
0
0
0
0
0
0
0
0
0
0
0
0
0
0
0
0
0
0
0
0
0
0
0
0
0
0
0
0
0
0
0
0
0
0
0
0
0
0
0
0
0
0
0
0
0
0
0
0
0
0
0
0
0
0
0
0
0
0
0
0
0
0
0
0
0
0
0
0
0
0
0
0
0
0
0
0
0
0
0
0
0
0
0
0
0
0
0
0
0
0
0
0
0
0
0
0
0
0
0
0
0
0
0
0
0
0
0
0
0
0
0
0
0
0
0
0
0
0
1
0
0
0
0
0
0
0
0
0
0
0
0
0
0
0
0
0
0
0
0
0
0
0
0
0
0
0
0
0
0
0
0
0
0
0
0
0
0
0
0
0
0
0
0
0
0
0
0
0
0
0
0
0
0
0
0
0
0
0
0
0
0
0
0
0
0
0
0
0
0
0
0
0
0
0
0
0
0
0
0
0
0
0
0
0
0
0
0
0
0
0
0
0
0
0
0
0
0
0
0
0
0
0
0
0
0
0
0
0
0
0
0
0
0
0
0
0
0
0
0
0
0
0
0
0
0
0
0
0
0
0
0
0
0
0
0
0
0
0
0
0
0
0
0
0
0
0
0
0
0
0
0
0
0
0
0
0
0
0
0
0
0
0
0
0
0
0
0
0
0
0
0
0
0
0
0
0
0
0
0
0
0
0
0
0
0
0
0
0
0
0
0
0
0
0
0
0
0
0
0
0
0
0
0
0
0
0
0
0
0
0
0
0
0
0
0
0
0
0
0
0
0
0
0
0
0
0
0
0
0
0
0
0
0
0
0
0
0
0
0
0
0
0
0
0
0
0
0
0
0
0
0
0
0
0
0
0
0
0
0
0
0
0
0
0
0
0
0
0
0
0
0
0
0
0
0
0
0
0
0
0
0
0
0
0
0
0
0
0
0
0
0
0
0
0
0
0
0
0
0
0
0
0
0
0
0
0
0
0
0
0
0
0
0
0
0
0
0
0
0
0
0
0
0
0
0
0
0
0
0
0
0
0
0
0
0
0
0
0
0
0
0
0
0
0
0
0
0
0
0
0
0
0
0
0
0
0
0
0
0
0
0
0
0
0
0
0
0
0
0
0
0
0
0
0
0
0
0
0
0
0
0
0
0
0
0
0
0
0
0
0
0
0
0
0
0
0
0
0
0
0
0
0
0
0
0
0
0
0
0
0
0
0
0
0
0
0
0
0
0
0
0
0
0
0
0
0
0
0
0
0
0
0
0
0
0
0
0
0
0
0
0
0
0
0
0
0
0
0
0
0
0
0
0
0
0
0
0
0
0
0
0
0
0
0
0
0
0
0
0
0
0
0
0
0
0
0
0
0
0
0
0
0
0
0
0
0
0
0
0
0
0
0
0
0
0
0
0
0
0
0
0
0
0
0
0
0
0
0
0
0
0
0
0
0
0
0
0
0
0
0
0
0
0
0
0
0
0
0
0
0
0
0
0
0
0
0
0
0
0
0
0
0
0
0
0
0
0
0
0
0
0
0
0
0
0
0
0
0
0
0
0
0
0
0
0
0
0
0
0
0
0
0
0
0
0
0
0
0
0
0
0
0
0
0
0
0
0
0
0
0
0
0
0
0
0
0
0
0
0
0
0
0
0
0
0
0
0
0
0
0
0
0
0
0
0
0
0
0
0
0
0
0
0
0
0
0
0
0
0
0
0
0
0
0
0
0
0
0
0
0
0
0
0
0
0
0
0
0
0
0
0
0
0
0
0
0
0
0
0
0
0
0
0
0
0
0
0
0
0
0
0
0
0
0
0
0
0
0
0
0
0
0
0
0
0
0
0
0
0
0
0
0
0
0
0
0
0
0
0
0
0
0
0
0
0
0
0
0
0
0
0
0
0
0
0
0
0
0
0
0
0
0
0
0
0
0
0
0
0
0
0
0
0
0
0
0
0
0
0
0
0
0
0
0
0
0
0
0
0
0
0
0
0
0
0
0
0
0
0
0
0
0
0
0
0
0
0
0
0
0
0
0
0
0
0
0
0
0
0
0
0
0
0
0
0
0
0
0
0
0
0
0
0
0
0
0
0
0
0
0
0
0
0
0
0
0
0
0
0
0
0
0
0
0
0
0
0
0
0
0
0
0
0
0
0
0
0
0
0
0
0
0
0
0
0
0
0
0
0
0
0
0
0
0
0
0
0
0
0
0
0
0
0
0
0
0
0
0
0
0
0
0
0
0
0
0
0
0
0
0
0
0
0
0
0
0
0
0
0
0
0
0
0
0
0
0
0
0
0
0
0
0
0
0
0
0
0
0
0
0
0
0
0
0
0
0
0
0
0
0
0
0
0
0
0
0
0
0
0
0
0
0
0
0
0
0
0
0
0
0
0
0
0
0
0
0
0
0
0
0
0
0
0
0
0
0
0
0
0
0
0
0
0
0
0
0
0
0
0
0
0
0
0
0
0
0
0
0
0
0
0
0
0
0
0
0
0
0
0
0
0
0
0
0
0
0
0
0
0
0
0
0
0
0
0
0
0
0
0
0
0
0
0
0
0
0
0
0
0
0
0
0
0
0
0
0
0
0
0
0
0
0
0
0
0
0
0
0
0
0
0
0
0
0
0
0
0
0
0
0
0
0
0
0
0
0
0
0
0
0
0
0
0
0
0
0
0
0
0
0
0
0
0
0
0
0
0
0
0
0
0
0
0
0
0
0
0
0
0
0
0
0
0
0
0
0
0
0
0
0
0
0
0
0
0
0
0
0
0
0
0
0
0
0
0
0
0
0
0
0
0
0
0
0
0
0
0
0
0
0
0
0
0
0
0
0
0
0
0
0
0
0
0
0
0
0
0
0
0
0
0
0
0
0
0
0
0
0
0
0
0
0
0
0
0
0
0
0
0
0
0
0
0
0
0
0
0
0
0
0
0
0
0
0
0
0
0
0
0
0
0
0
0
0
0
0
0
0
0
0
0
0
0
0
0
0
0
0
0
0
0
0
0
0
0
0
0
0
0
0
0
0
0
0
0
0
0
0
0
0
0
0
0
0
0
0
0
0
0
0
0
0
0
0
0
0
0
0
0
0
0
0
0
0
0
0
0
0
0
0
0
0
0
0
0
0
0
0
0
0
0
0
0
0
0
0
0
0
0
0
0
0
0
0
0
0
0
0
0
0
0
0
0
0
0
0
0
0
0
0
0
0
0
0
0
0
0
0
0
0
0
0
0
0
0
0
0
0
0
0
0
0
0
0
0
0
0
0
0
0
0
0
0
0
0
0
0
0
0
0
0
0
0
0
0
0
0
0
0
0
0
0
0
0
0
0
0
0
0
0
0
0
0
0
0
0
0
0
0
0
0
0
0
0
0
0
0
0
0
0
0
0
0
0
0
0
0
0
0
0
0
0
0
0
0
0
0
0
0
0
0
0
0
0
0
0
0
0
0
0
0
0
0
0
0
0
0
0
0
0
0
0
0
0
0
0
0
0
0
0
0
0
0
0
0
0
0
0
0
0
0
0
0
0
0
0
0
0
0
0
0
0
0
0
0
0
0
0
0
0
0
0
0
0
0
0
0
0
0
0
0
0
0
0
0
0
0
0
0
0
0
0
0
0
0
0
0
0
0
0
0
0
0
0
0
0
0
0
0
0
0
0
0
0
0
0
0
0
0
0
0
0
0
0
0
0
0
0
0
0
0
0
0
0
0
0
0
0
0
0
0
0
0
0
0
0
0
0
0
0
0
0
0
0
0
0
0
0
0
0
0
0
0
0
0
0
0
0
0
0
0
0
0
0
0
0
0
0
0
0
0
0
0
0
0
0
0
0
0
0
0
0
0
0
0
0
0
0
0
0
0
0
0
0
0
0
0
0
0
0
0
0
0
0
0
0
0
0
0
0
0
0
0
0
0
0
0
0
0
0
0
0
0
0
0
0
0
0
0
0
0
0
0
0
0
0
0
0
0
0
0
0
0
0
0
0
0
0
0
0
0
0
0
0
0
0
0
0
0
0
0
0
0
0
0
0
0
0
0
0
0
0
0
0
0
0
0
0
0
0
0
0
0
0
0
0
0
0
0
0
0
0
0
0
0
0
0
0
0
0
0
0
0
0
0
0
0
0
0
0
0
0
0
0
0
0
0
0
0
0
0
0
0
0
0
0
0
0
0
0
0
0
0
0
0
0
0
0
0
0
0
0
0
0
0
0
0
0
0
0
0
0
0
0
0
0
0
0
0
0
0
0
0
0
0
0
0
0
0
0
0
0
0
0
0
0
0
0
0
0
0
0
0
0
0
0
0
0
0
0
0
0
0
0
0
0
0
0
0
0
0
0
0
0
0
0
0
0
0
0
0
0
0
0
0
0
0
0
0
0
0
0
0
0
0
0
0
0
0
0
0
0
0
0
0
0
0
0
0
0
0
0
0
0
0
0
0
0
0
0
0
0
0
0
0
0
0
0
0
0
0
0
0
0
0
0
0
0
0
0
0
0
0
0
0
0
0
0
0
0
0
0
0
0
0
0
0
0
0
0
0
0
0
0
0
0
0
0
0
0
0
0
0
0
0
0
0
0
0
0
0
0
0
0
0
0
0
0
0
0
0
0
0
0
0
0
0
0
0
0
0
0
0
0
0
0
0
0
0
0
0
0
0
0
0
0
0
0
0
0
0
0
0
0
0
0
0
0
0
0
0
0
0
0
0
0
0
0
0
0
0
0
0
0
0
0
0
0
0
0
0
0
0
0
0
0
0
0
0
0
0
0
0
0
0
0
0
0
0
0
0
0
0
0
0
0
0
0
0
0
0
0
0
0
0
0
0
0
0
0
0
0
0
0
0
0
0
0
0
0
0
0
0
0
0
0
0
0
0
0
0
0
0
0
0
0
0
0
0
0
0
0
0
0
0
0
0
0
0
0
0
0
0
0
0
0
0
0
0
0
0
0
0
0
0
0
0
0
0
0
0
0
0
0
0
0
0
0
0
0
0
0
0
0
0
0
0
0
0
0
0
0
0
0
0
0
0
0
0
0
0
0
0
0
0
0
0
0
0
0
0
0
0
0
0
0
0
0
0
0
0
0
0
0
0
0
0
0
0
0
0
0
0
0
0
0
0
0
0
0
0
0
0
0
0
0
0
0
0
0
0
0
0
0
0
0
0
0
0
0
0
0
0
0
0
0
0
0
0
0
0
0
0
0
0
0
0
0
0
0
0
0
0
0
0
0
0
0
0
0
0
0
0
0
0
0
0
0
0
0
0
0
0
0
0
0
0
0
0
0
0
0
0
0
0
0
0
0
0
0
0
0
0
0
0
0
0
0
0
0
0
0
0
0
0
0
0
0
0
0
0
0
0
0
0
0
0
0
0
0
0
0
0
0
0
0
0
0
0
0
0
0
0
0
0
0
0
0
0
0
0
0
0
0
0
0
0
0
0
0
0
0
0
0
0
0
0
0
0
0
0
0
0
0
0
0
0
0
0
0
0
0
0
0
0
0
0
0
0
0
0
0
0
0
0
0
0
0
0
0
0
0
0
0
0
0
0
0
0
0
0
0
0
0
0
0
0
0
0
0
0
0
0
0
0
0
0
0
0
0
0
0
0
0
0
0
0
0
0
0
0
0
0
0
0
0
0
0
0
0
0
0
0
0
0
0
0
0
0
0
0
0
0
0
0
0
0
0
0
0
0
0
0
0
0
0
0
0
0
0
0
0
0
0
0
0
0
0
0
0
0
0
0
0
0
0
0
0
0
0
0
0
0
0
0
0
0
0
0
0
0
0
0
0
0
0
0
0
0
0
0
0
0
0
0
0
0
0
0
0
0
0
0
0
0
0
0
0
0
0
0
0
0
0
0
0
0
0
0
0
0
0
0
0
0
0
0
0
0
0
0
0
0
0
0
0
0
0
0
0
0
0
0
0
0
0
0
0
0
0
0
0
0
0
0
0
0
0
0
0
0
0
0
0
0
0
0
0
0
0
0
0
0
0
0
0
0
0
0
0
0
0
0
0
0
0
0
0
0
0
0
0
0
0
0
0
0
0
0
0
0
0
0
0
0
0
0
0
0
0
0
0
0
0
0
0
0
0
0
0
0
0
0
0
0
0
0
0
0
0
0
0
0
0
0
0
0
0
0
0
0
0
0
0
0
0
0
0
0
0
0
0
0
0
0
0
0
0
0
0
0
0
0
0
0
0
0
0
0
0
0
0
0
0
0
0
0
0
0
0
0
0
0
0
0
0
0
0
0
0
0
0
0
0
0
0
0
0
0
0
0
0
0
0
0
0
0
0
0
0
0
0
0
0
0
0
0
0
0
0
0
0
0
0
0
0
0
0
0
0
0
0
0
0
0
0
0
0
0
0
0
0
0
0
0
0
0
0
0
0
0
0
0
0
0
0
0
0
0
0
0
0
0
0
0
0
0
0
0
0
0
0
0
0
0
0
0
0
0
0
0
0
0
0
0
0
0
0
0
0
0
0
0
0
0
0
0
0
0
0
0
0
0
0
0
0
0
0
0
0
0
0
0
0
0
0
0
0
0
0
0
0
0
0
0
0
0
0
0
0
0
0
0
0
0
0
0
0
0
0
0
0
0
0
0
0
0
0
0
0
0
0
0
0
0
0
0
0
0
0
0
0
0
0
0
0
0
0
0
0
0
0
0
0
0
0
0
0
0
0
0
0
0
0
0
0
0
0
0
0
0
0
0
0
0
0
0
0
0
0
0
0
0
0
0
0
0
0
0
0
0
0
0
0
0
0
0
0
0
0
0
0
0
0
0
0
0
0
0
0
0
0
0
0
0
0
0
0
0
0
0
0
0
0
0
0
0
0
0
0
0
0
0
0
0
0
0
0
0
0
0
0
0
0
0
0
0
0
0
0
0
0
0
0
0
0
0
0
0
0
0
0
0
0
0
0
0
0
0
0
0
0
0
0
0
0
0
0
0
0
0
0
0
0
0
0
0
0
0
0
0
0
0
0
0
0
0
0
0
0
0
0
0
0
0
0
0
0
0
0
0
0
0
0
0
0
0
0
0
0
0
0
0
0
0
0
0
0
0
0
0
0
0
0
0
0
0
0
0
0
0
0
0
0
0
0
0
0
0
0
0
0
0
0
0
0
0
0
0
0
0
0
0
0
0
0
0
0
0
0
0
0
0
0
0
0
0
0
0
0
0
0
0
0
0
0
0
0
0
0
0
0
0
0
0
0
0
0
0
0
0
0
0
0
0
0
0
0
0
0
0
0
0
0
0
0
0
0
0
0
0
0
0
0
0
0
0
0
0
0
0
0
0
0
0
0
0
0
0
0
0
0
0
0
0
0
0
0
0
0
0
0
0
0
0
0
0
0
0
0
0
0
0
0
0
0
0
0
0
0
0
0
0
0
0
0
0
0
0
0
0
0
0
0
0
0
0
0
0
0
0
0
0
0
0
0
0
0
0
0
0
0
0
0
0
0
0
0
0
0
0
0
0
0
0
0
0
0
0
0
0
0
0
0
0
0
0
0
0
0
0
0
0
0
0
0
0
0
0
0
0
0
0
0
0
0
0
0
0
0
0
0
0
0
0
0
0
0
0
0
0
0
0
0
0
0
0
0
0
0
0
0
0
0
0
0
0
0
0
0
0
0
0
0
0
0
0
0
0
0
0
0
0
0
0
0
0
0
0
0
0
0
0
0
0
0
0
0
0
0
0
0
0
0
0
0
0
0
0
0
0
0
0
0
0
0
0
0
0
0
0
0
0
0
0
0
0
0
0
0
0
0
0
0
0
0
0
0
0
0
0
0
0
0
0
0
0
0
0
0
0
0
0
0
0
0
0
0
0
0
0
0
0
0
0
0
0
0
0
0
0
0
0
0
0
0
0
0
0
0
0
0
0
0
0
0
0
0
0
0
0
0
0
0
0
0
0
0
0
0
0
0
0
0
0
0
0
0
0
0
0
0
0
0
0
0
0
0
0
0
0
0
0
0
0
0
0
0
0
0
0
0
0
0
0
0
0
0
0
0
0
0
0
0
0
0
0
0
0
0
0
0
0
0
0
0
0
0
0
0
0
0
0
0
0
0
0
0
0
0
0
0
0
0
0
0
0
0
0
0
0
0
0
0
0
0
0
0
0
0
0
0
0
0
0
0
0
0
0
0
0
0
0
0
0
0
0
0
0
0
0
0
0
0
0
0
0
0
0
0
0
0
0
0
0
0
0
0
0
0
0
0
0
0
0
0
0
0
0
0
0
0
0
0
0
0
0
0
0
0
0
0
0
0
0
0
0
0
0
0
0
0
0
0
0
0
0
0
0
0
0
0
0
0
0
0
0
0
0
0
0
0
0
0
0
0
0
0
0
0
0
0
0
0
0
0
0
0
0
0
0
0
0
0
0
0
0
0
0
0
0
0
0
0
0
0
0
0
0
0
0
0
0
0
0
0
0
0
0
0
0
0
0
0
0
0
0
0
0
0
0
0
0
0
0
0
0
0
0
0
0
0
0
0
0
0
0
0
0
0
0
0
0
0
0
0
0
0
0
0
0
0
0
0
0
0
0
0
0
0
0
0
0
0
0
0
0
0
0
0
0
0
0
0
0
0
0
0
0
0
0
0
0
0
0
0
0
0
0
0
0
0
0
0
0
0
0
0
0
0
0
0
0
0
0
0
0
0
0
0
0
0
0
0
0
0
0
0
0
0
0
0
0
0
0
0
0
0
0
0
0
0
0
0
0
0
0
0
0
0
0
0
0
0
0
0
0
0
0
0
0
0
0
0
0
0
0
0
0
0
0
0
0
0
0
0
0
0
0
0
0
0
