0
0
0
0
0
0
0
0
0
0
0
0
0
0
0
0
0
0
0
0
0
0
0
0
0
0
0
0
0
0
0
0
0
0
0
0
0
0
0
0
0
0
0
0
0
0
0
0
0
0
0
0
0
0
0
0
0
0
0
0
0
0
0
0
0
0
0
0
0
0
0
0
0
0
0
0
0
0
0
0
0
0
0
0
0
0
0
0
0
0
0
0
0
0
0
0
0
0
0
0
0
0
0
0
0
0
0
0
0
0
0
0
0
0
0
0
0
0
0
0
0
0
0
0
0
0
0
0
0
0
0
0
0
0
0
0
0
0
0
0
0
0
0
0
0
0
0
0
0
0
0
0
0
0
0
0
0
0
0
0
0
0
0
0
0
0
0
0
0
0
0
0
0
0
0
0
0
0
0
0
0
0
0
0
0
0
0
0
0
0
0
0
0
0
0
0
0
0
0
0
0
0
0
0
0
0
0
0
0
0
0
0
0
0
0
0
0
0
0
0
0
0
0
0
0
0
0
0
0
0
0
0
0
0
0
0
0
0
0
0
0
1
1
0
0
0
0
0
0
0
0
0
0
0
0
0
0
0
0
0
0
0
0
0
0
0
0
0
0
0
0
0
0
0
0
0
0
0
0
0
0
0
0
0
0
0
0
0
0
0
0
0
0
0
0
0
0
0
0
0
0
0
0
0
0
0
0
0
0
1
0
0
0
0
0
0
0
0
0
0
0
0
1
0
0
0
0
0
0
0
0
0
0
0
0
0
1
0
0
0
0
0
0
0
1
0
0
0
0
0
0
0
0
0
0
0
0
0
0
0
0
0
0
0
0
0
0
0
0
0
0
0
0
1
0
0
0
0
0
0
0
0
0
0
0
0
0
0
0
0
0
1
0
0
0
0
0
0
0
0
0
1
0
0
0
0
0
1
0
0
0
0
0
1
0
0
0
0
0
0
0
0
0
0
0
0
0
1
0
0
0
0
1
0
0
0
0
0
0
0
0
0
0
0
0
1
0
0
1
0
0
0
0
0
1
0
0
0
0
0
0
1
0
0
0
0
0
2
0
0
0
0
0
0
0
0
0
0
2
0
0
0
0
1
1
0
0
0
0
0
0
0
0
0
0
0
0
1
0
0
0
0
0
0
0
0
0
0
0
0
0
1
0
0
0
1
0
1
0
0
0
0
0
1
0
1
1
0
0
0
0
0
0
0
0
0
0
0
0
0
0
0
0
0
0
1
0
0
0
0
0
0
0
0
0
0
0
0
0
1
0
0
0
1
0
1
0
0
1
0
0
0
0
0
0
0
0
0
0
1
0
1
0
0
0
0
0
0
0
1
0
1
0
0
0
1
1
0
1
0
0
1
2
0
0
1
0
0
0
0
1
0
1
0
2
0
0
0
0
1
1
1
4
3
1
0
0
0
0
1
1
0
1
0
1
0
0
1
0
0
0
0
0
1
1
1
0
1
1
1
0
0
0
0
0
1
1
0
0
2
3
0
0
2
3
1
1
0
0
1
2
1
0
0
1
1
1
1
1
0
0
0
0
1
2
1
1
0
0
3
3
2
4
2
0
0
1
0
0
2
1
2
0
0
0
1
0
1
0
1
2
0
1
0
1
3
1
0
0
0
3
0
1
2
2
0
1
1
1
0
1
1
2
1
0
2
1
1
1
1
0
2
0
1
1
3
2
2
0
2
2
2
4
1
1
0
2
1
2
3
0
0
2
3
3
0
0
2
1
1
0
2
0
0
1
4
2
1
2
3
0
2
0
3
2
0
1
3
0
4
3
3
2
2
2
2
2
2
2
4
2
6
5
1
3
2
2
0
1
3
2
2
2
3
5
0
0
1
2
5
2
3
2
2
4
3
4
1
0
3
3
2
5
2
3
3
4
6
2
3
3
0
3
2
1
2
1
5
2
1
2
2
3
0
2
1
1
2
3
1
3
3
2
3
2
3
3
2
5
3
4
1
1
2
1
4
1
1
4
5
2
3
5
6
1
0
5
5
4
4
5
3
5
3
4
3
3
0
8
3
4
4
3
8
4
2
4
2
4
1
2
5
6
3
5
4
3
1
5
1
6
9
7
2
2
4
6
2
3
5
4
8
5
1
2
2
2
7
5
5
6
5
8
3
1
7
4
9
7
7
7
3
5
7
3
6
5
6
6
8
8
9
3
6
2
4
6
6
5
5
2
5
2
7
4
7
7
7
6
4
6
6
11
5
5
10
5
6
7
3
10
5
7
6
5
4
11
5
9
7
7
7
6
9
7
6
9
5
5
9
7
3
8
6
4
5
5
11
9
10
7
8
11
12
8
8
9
7
9
5
12
7
10
6
8
10
8
10
11
9
2
6
7
6
13
6
13
8
8
11
12
5
9
15
3
8
8
2
9
10
7
12
7
5
10
6
7
11
11
10
9
15
5
9
5
11
8
11
11
7
14
8
12
8
13
11
9
5
8
9
12
13
12
13
13
12
9
16
7
12
7
7
12
16
12
9
12
14
17
8
8
11
10
10
10
9
11
15
10
14
7
13
16
10
7
9
11
12
13
13
14
12
18
15
8
22
16
10
14
19
20
12
15
16
18
11
22
10
13
9
12
17
11
12
14
15
20
15
11
19
17
12
7
21
13
15
11
20
19
22
14
17
14
29
16
13
16
22
21
19
18
17
19
14
21
16
12
10
14
19
23
14
19
15
17
19
13
22
13
22
16
27
13
16
15
22
19
27
24
24
18
25
25
21
26
20
16
27
26
27
21
21
16
14
22
18
18
25
28
23
21
20
27
26
25
17
20
27
20
19
27
24
19
28
24
17
23
28
27
23
18
22
28
33
16
34
30
29
23
23
22
24
27
30
21
20
23
21
35
20
25
32
26
25
21
21
32
22
25
22
36
22
26
29
28
32
28
33
32
22
31
29
34
30
29
29
18
32
26
33
28
27
30
32
30
35
26
30
32
41
40
28
34
30
36
32
32
22
32
31
47
31
35
33
26
29
28
41
38
41
34
34
35
37
30
32
38
44
34
27
38
30
29
34
37
41
35
37
36
33
38
33
40
41
34
39
37
35
30
30
41
40
37
40
36
37
34
40
36
56
30
36
47
44
37
33
47
39
35
43
43
55
41
40
42
56
35
47
57
46
40
54
47
48
50
47
42
43
53
53
43
45
41
42
52
57
42
52
53
48
57
58
57
45
44
48
55
49
47
52
61
52
53
48
52
54
50
44
49
47
65
44
64
45
58
34
48
34
47
60
54
58
53
51
63
39
61
54
50
34
43
56
51
56
52
53
50
58
60
52
60
54
50
76
62
53
52
61
58
58
55
62
69
60
63
56
69
78
46
61
55
67
60
60
62
55
64
59
70
65
72
51
66
59
58
73
69
77
73
77
60
71
55
68
60
62
68
81
65
68
74
84
70
81
47
62
101
63
54
67
81
73
81
95
80
85
85
75
73
94
72
63
81
72
60
80
61
68
82
88
82
79
63
77
74
75
70
86
95
82
93
66
81
94
78
91
82
76
78
81
97
78
84
61
80
82
81
76
106
71
85
68
102
81
90
90
105
86
92
82
81
100
89
112
72
79
97
84
81
103
92
101
113
87
95
92
100
97
102
95
112
84
86
94
105
90
110
113
100
95
90
100
98
104
105
111
103
90
96
109
110
107
91
104
109
89
104
99
95
95
110
87
121
100
105
118
99
112
101
103
105
116
96
113
136
111
119
131
109
133
113
106
120
113
107
126
117
104
116
119
125
127
121
120
110
105
108
108
126
141
126
126
100
109
124
117
125
118
137
115
133
123
110
137
135
126
121
108
114
127
131
115
115
130
136
137
141
137
132
136
138
141
130
135
143
131
140
151
124
133
141
159
141
128
119
144
121
149
141
125
148
148
133
141
133
153
141
144
123
136
134
162
151
147
146
148
143
123
141
143
146
133
159
164
147
133
131
163
166
153
142
163
147
152
143
166
138
169
150
170
155
133
147
172
173
172
162
166
159
156
147
135
157
178
167
167
183
186
159
148
164
162
180
167
181
193
175
185
164
166
174
175
192
180
172
168
175
196
157
194
180
188
162
184
183
174
169
181
177
162
187
200
161
160
188
162
183
186
182
149
170
190
179
223
181
194
181
203
202
204
210
191
211
181
175
173
196
215
179
180
221
186
180
196
219
180
196
209
203
211
206
206
220
214
225
228
195
209
211
218
206
229
206
225
214
230
194
231
220
221
250
199
193
210
194
236
196
204
207
219
231
220
207
222
229
218
183
240
218
224
205
216
214
217
185
218
219
245
206
211
246
228
221
251
209
225
219
219
212
228
234
212
218
237
235
247
244
253
288
231
256
253
225
229
239
247
249
264
262
252
229
260
243
231
245
256
244
267
237
255
236
264
272
266
282
228
270
209
266
243
258
278
265
264
250
247
251
262
241
294
259
250
270
261
260
269
261
255
278
291
275
267
257
287
319
290
267
251
226
271
244
303
270
294
272
298
283
283
280
263
273
301
292
290
251
304
282
288
268
291
291
299
263
256
308
270
289
311
301
323
274
313
307
284
285
306
287
294
291
288
318
298
297
278
313
294
268
278
280
336
315
338
312
261
305
330
325
345
308
317
321
335
302
321
353
305
324
344
338
308
302
345
279
326
304
343
330
313
304
302
328
338
359
367
334
330
335
370
340
321
360
351
335
340
316
299
324
314
336
369
380
313
324
317
332
317
323
353
366
334
326
306
326
344
368
369
337
336
326
375
348
371
313
330
375
367
364
354
365
394
356
394
348
372
363
358
381
356
386
380
397
370
338
420
391
354
397
382
368
372
318
365
355
366
387
418
361
332
359
383
382
378
353
393
398
399
407
367
336
397
393
386
408
373
319
316
379
419
399
337
376
384
440
443
394
360
369
409
378
389
365
369
420
412
411
411
387
397
378
409
402
405
427
416
417
374
404
411
442
398
427
433
407
400
408
432
426
402
397
430
444
417
404
364
449
416
441
413
418
464
446
434
474
410
427
401
415
410
433
408
425
454
410
419
457
448
391
428
450
429
406
412
432
439
415
440
462
435
428
448
444
440
457
441
449
461
418
460
457
409
465
464
479
444
433
461
484
470
459
425
438
487
397
454
425
455
471
462
491
465
441
445
480
438
490
518
435
455
436
515
470
487
415
457
454
462
509
479
480
457
522
514
493
441
474
480
435
489
465
457
487
467
496
465
491
485
447
498
490
525
453
550
504
476
428
534
501
461
498
534
503
490
493
470
485
469
514
529
501
529
494
435
530
508
502
517
523
509
506
494
522
539
521
479
545
494
502
486
522
496
526
539
517
524
530
564
499
496
502
493
511
532
511
533
546
575
565
517
544
498
483
552
544
543
567
540
469
529
496
550
513
571
532
574
509
477
459
556
529
570
542
536
531
506
521
580
532
529
525
580
563
545
506
543
593
530
538
605
568
542
471
514
554
519
550
603
577
534
585
570
557
531
532
571
566
579
566
586
549
600
559
571
551
613
582
570
585
562
552
547
570
566
563
618
576
572
589
551
503
572
572
593
560
592
578
579
601
620
559
502
575
573
600
638
583
595
593
560
599
600
568
585
578
580
551
547
532
528
586
559
532
604
551
584
590
577
597
592
620
564
594
561
636
569
634
602
581
594
597
602
537
604
630
617
605
575
528
621
573
611
638
607
617
566
576
644
584
586
560
622
626
614
674
615
613
609
617
632
613
600
593
676
570
631
589
578
655
606
568
551
622
636
614
642
604
606
645
659
648
624
589
578
595
596
602
632
602
663
688
643
624
664
592
644
601
582
609
641
635
621
623
634
610
566
667
642
665
652
596
630
636
627
643
644
633
609
608
495
666
644
630
608
638
605
641
633
636
639
615
684
658
658
607
657
652
627
647
658
639
644
670
649
664
609
699
640
658
656
607
649
697
639
648
674
630
651
663
629
676
646
630
649
580
623
564
637
637
639
682
680
618
656
621
645
624
680
637
668
687
646
621
684
636
651
648
679
635
663
617
715
665
657
629
680
634
612
591
595
686
666
609
652
678
644
652
659
660
658
607
647
694
657
667
710
703
694
664
693
646
667
665
641
679
635
637
680
653
679
685
654
694
669
652
679
667
714
705
692
687
664
641
694
696
673
630
543
663
632
679
708
679
651
672
668
689
626
662
686
667
686
655
613
684
698
688
652
642
672
684
677
695
717
644
670
705
653
658
688
691
692
649
652
704
682
694
697
657
701
662
685
723
661
600
647
739
685
702
654
635
693
668
699
697
703
710
684
691
665
661
713
672
717
655
677
701
659
692
622
699
647
698
661
651
676
625
647
696
655
684
685
657
667
702
664
655
676
656
689
694
675
677
676
671
675
728
708
709
652
667
706
671
661
667
687
664
647
685
674
679
651
704
727
690
654
637
692
667
655
701
723
681
635
654
601
700
677
656
760
706
663
693
738
704
656
667
685
751
724
658
651
722
701
688
723
676
658
692
716
685
650
671
690
671
688
657
708
705
624
653
714
685
718
646
693
734
637
655
741
703
665
636
709
712
671
713
718
682
686
623
679
639
647
661
733
717
632
682
707
663
670
675
716
654
625
651
691
698
697
667
750
695
661
599
635
691
645
662
756
657
718
662
674
708
623
703
684
661
702
655
666
677
655
676
729
691
646
636
711
702
655
674
717
712
713
641
730
666
651
694
726
661
673
643
731
670
687
693
711
707
643
651
577
689
672
717
707
704
659
668
718
684
678
701
706
698
628
635
635
655
684
663
711
673
683
668
692
706
662
680
716
641
660
645
688
666
633
721
674
668
661
673
709
656
666
648
699
639
670
630
640
652
641
654
696
641
639
666
642
652
665
654
650
679
666
642
674
627
652
640
698
644
662
664
676
690
654
633
664
635
625
588
620
686
644
665
714
673
616
619
642
661
631
615
652
659
611
648
642
648
625
627
654
646
629
653
678
670
648
681
641
658
647
664
623
614
682
667
706
636
654
636
638
631
660
651
657
673
646
646
553
646
630
645
658
646
614
647
618
628
619
599
598
621
648
588
606
697
670
634
655
608
630
647
665
637
608
656
655
662
644
647
639
644
636
640
623
639
654
618
624
603
661
627
651
645
588
613
652
596
630
612
614
585
612
577
604
646
635
635
568
668
614
611
597
618
565
591
609
625
592
610
600
586
603
550
638
610
618
537
543
585
612
575
567
639
631
616
631
605
594
589
596
594
626
592
599
591
577
586
639
645
580
591
585
548
587
593
620
575
604
584
588
582
565
637
617
615
578
614
612
551
605
596
604
614
617
587
470
640
654
613
614
608
585
576
620
571
568
529
624
582
583
549
550
579
610
574
625
558
577
584
595
547
568
580
653
563
561
621
574
527
564
542
597
576
535
533
579
620
590
558
627
544
593
482
569
541
574
566
546
570
533
549
563
564
570
567
617
563
583
555
592
550
576
591
560
580
559
568
537
546
526
514
552
530
582
499
525
553
496
575
571
563
537
522
544
551
550
519
526
539
547
520
522
532
541
518
598
522
480
492
567
554
535
546
505
520
493
494
543
550
547
479
528
505
567
512
516
549
568
518
545
510
551
531
433
575
522
513
510
500
493
524
528
551
490
512
553
530
523
492
505
513
525
516
480
515
521
492
527
496
502
491
503
514
541
478
525
487
512
506
485
474
484
517
518
495
476
466
496
528
481
472
485
519
475
472
523
498
469
497
504
501
548
519
514
508
473
492
520
493
514
533
498
500
437
489
487
451
428
498
469
449
491
418
420
487
477
503
472
487
491
471
514
486
432
473
482
473
417
475
441
474
441
444
473
447
475
453
448
468
460
461
481
427
481
455
473
485
488
463
452
462
428
436
436
451
423
464
457
477
463
440
407
448
440
453
475
458
420
462
424
462
435
428
494
429
406
458
418
467
485
480
462
406
441
431
446
431
429
424
400
412
430
420
438
429
428
425
428
450
408
416
423
425
376
415
435
454
433
411
389
394
421
430
456
409
410
417
428
362
440
407
413
412
405
398
403
423
419
415
413
399
433
405
422
444
403
397
380
401
437
368
367
409
418
412
386
407
397
378
384
385
399
389
426
412
373
375
380
386
374
409
410
366
366
408
388
379
357
367
399
393
376
358
411
379
393
400
398
361
383
352
418
372
358
372
359
385
364
363
299
412
331
363
386
402
332
375
372
371
342
376
371
360
394
365
376
419
326
377
383
376
368
387
356
362
347
330
388
353
347
336
373
360
321
379
370
343
349
329
349
345
378
325
371
354
344
306
322
399
324
336
316
371
372
339
336
360
387
360
352
359
335
324
349
359
357
318
391
315
357
319
331
348
325
311
378
353
329
313
306
369
316
313
326
364
330
313
323
332
339
335
349
336
302
345
334
319
329
339
356
341
342
323
304
309
326
281
330
319
317
296
290
321
297
326
330
295
316
314
296
301
281
299
323
296
285
279
264
323
317
312
322
323
285
290
278
316
287
304
264
320
314
326
307
294
301
318
320
282
281
319
280
292
298
268
304
306
286
297
290
292
298
328
278
288
269
302
274
277
311
265
296
287
274
265
268
288
288
286
264
310
296
287
299
292
260
269
272
258
250
258
265
264
287
273
270
264
270
270
272
282
272
261
264
256
270
240
235
275
259
254
248
252
230
217
263
258
247
230
246
272
285
255
261
261
238
269
248
244
259
258
228
256
243
233
255
266
228
254
251
256
241
265
233
261
219
247
241
257
229
223
243
265
265
228
200
223
246
227
228
265
222
219
226
246
233
223
224
230
227
224
214
251
216
242
236
239
230
203
227
242
230
201
227
229
193
196
220
239
245
208
216
232
234
229
229
244
215
200
196
219
212
195
214
219
220
204
221
205
186
217
244
223
219
218
234
215
209
206
207
234
205
206
218
217
201
236
230
222
202
200
186
204
203
188
169
203
204
214
198
196
212
195
198
199
213
190
194
206
197
202
190
202
172
199
187
193
199
206
176
176
214
185
210
215
193
216
200
216
200
179
202
198
173
192
160
181
190
190
202
219
186
193
179
173
184
195
171
176
190
180
185
171
158
180
198
164
180
177
172
171
181
179
193
179
178
151
167
167
153
166
178
176
157
191
176
177
174
185
177
169
146
175
168
155
178
169
168
151
161
162
155
154
131
158
164
169
179
168
153
169
162
173
163
184
161
152
159
141
170
155
160
140
157
140
160
181
144
171
162
131
142
144
145
128
150
157
163
153
156
163
154
142
147
136
150
144
153
152
142
160
150
155
148
153
144
155
142
158
140
145
139
162
155
142
147
155
140
158
152
154
144
148
151
141
137
138
140
130
120
114
107
143
131
150
156
137
129
150
135
138
139
146
141
131
130
133
144
119
118
145
136
120
142
128
130
146
124
134
140
144
142
122
116
122
118
146
120
118
126
132
133
141
118
108
122
120
124
117
129
138
139
123
138
118
114
119
123
110
131
129
122
120
118
142
108
115
110
131
120
111
129
116
104
112
125
117
115
131
107
99
99
128
110
117
109
112
128
84
122
102
110
130
109
110
103
106
120
103
114
93
123
100
103
107
115
124
114
98
146
102
86
112
115
103
105
110
111
104
117
83
100
115
116
95
104
115
109
104
90
90
99
90
89
83
87
107
104
98
91
100
99
84
91
88
94
108
90
85
96
98
99
93
95
90
104
75
84
95
100
95
87
88
93
80
105
74
92
83
96
92
91
94
97
79
98
85
108
87
78
73
93
105
91
99
93
78
76
82
75
74
91
81
74
91
92
82
88
110
89
101
81
88
85
80
77
76
87
78
82
88
103
60
98
90
79
71
78
82
77
84
80
79
86
77
89
68
73
86
69
83
77
78
97
89
72
75
76
83
86
65
82
59
78
70
81
70
64
65
86
66
71
74
61
91
69
65
58
65
66
86
84
67
74
74
70
88
61
70
75
83
66
58
51
63
64
65
57
72
71
70
68
56
58
67
54
51
80
72
73
66
63
79
61
71
58
73
50
72
63
69
60
51
57
52
68
55
58
70
70
66
58
68
59
52
80
49
60
69
67
49
73
60
75
62
64
52
64
66
63
54
59
64
73
65
64
57
38
57
60
62
57
60
59
46
55
51
55
52
43
51
56
44
56
56
46
56
66
56
62
56
62
42
56
51
52
64
55
53
43
41
47
53
55
46
49
59
67
49
53
42
38
58
51
48
46
54
54
52
37
60
59
44
54
52
47
56
68
39
49
48
37
45
45
36
47
55
42
49
37
47
42
41
51
42
44
43
57
41
45
43
47
43
43
41
39
40
46
36
48
42
55
28
48
49
47
43
37
50
48
38
40
37
41
48
37
36
44
36
48
35
36
31
47
55
35
43
40
33
33
40
31
44
46
40
30
46
40
37
50
38
41
42
44
45
35
41
48
31
34
43
34
33
29
33
52
34
36
44
40
31
34
43
33
39
41
33
28
33
24
40
48
38
34
23
42
42
38
38
44
36
32
36
35
28
23
41
26
41
36
32
43
35
42
28
40
44
37
40
35
31
37
31
29
25
29
37
23
31
26
33
25
29
26
31
30
29
21
39
31
35
31
28
32
31
37
33
37
26
25
33
21
23
18
24
28
28
34
27
22
29
28
15
27
22
29
28
32
32
27
25
23
27
25
24
33
26
26
33
29
23
22
29
24
33
26
27
27
33
36
30
31
19
18
19
20
19
20
23
25
22
28
32
23
19
25
27
28
22
33
17
33
26
23
23
19
27
21
22
25
25
20
34
27
19
25
20
32
17
18
24
20
19
25
24
21
15
19
24
28
30
20
26
17
21
25
25
16
14
16
27
30
29
23
15
22
7
18
24
20
24
16
26
16
18
22
17
20
17
13
22
14
17
20
13
20
25
16
13
23
25
16
11
18
22
17
11
14
15
20
18
18
11
19
18
22
17
21
13
17
14
15
20
13
18
14
19
15
15
13
24
16
22
14
14
16
19
22
19
8
15
18
12
15
15
19
20
26
16
13
14
16
11
11
14
13
16
23
14
13
15
19
16
11
16
10
18
19
17
10
12
20
20
23
19
17
15
16
10
20
13
15
20
15
22
17
22
16
9
17
14
10
12
13
18
12
15
12
15
17
3
15
19
10
11
10
11
12
14
8
14
20
7
9
9
13
5
19
13
16
19
15
9
12
19
13
8
9
13
9
5
13
13
13
20
9
14
11
10
11
8
16
5
9
10
10
10
13
7
12
9
6
12
14
11
4
13
11
8
8
13
10
10
11
13
10
7
10
8
13
8
14
11
14
9
14
12
8
13
9
7
17
5
12
7
9
8
6
4
9
3
9
12
3
6
11
9
12
4
9
7
5
5
6
7
9
9
10
14
6
11
6
8
4
6
8
11
5
10
4
8
16
6
6
6
6
8
11
7
8
6
7
11
6
7
5
9
11
6
5
6
6
5
9
5
17
2
7
10
4
7
10
4
7
7
8
8
9
7
6
8
10
6
7
11
8
5
10
5
7
8
7
4
6
9
7
5
6
6
11
7
9
6
11
2
6
8
10
7
6
9
6
9
7
5
6
8
9
8
6
8
5
3
7
2
6
8
6
8
5
2
4
9
1
5
5
4
4
4
5
10
6
6
8
9
8
6
7
3
8
9
7
7
1
6
11
3
5
5
8
3
7
2
6
6
7
1
7
9
7
2
8
5
10
5
5
2
3
6
6
7
6
6
4
6
6
4
10
8
5
5
4
0
5
5
5
3
10
3
2
7
3
6
5
3
3
2
6
4
6
4
7
2
6
4
7
5
3
4
6
2
2
0
6
5
3
3
3
2
0
4
1
2
6
4
4
4
2
5
4
3
3
3
6
4
3
4
7
4
7
7
10
2
1
0
1
0
7
6
5
1
2
6
4
5
4
2
3
4
1
3
4
4
1
3
7
1
5
4
1
5
1
3
3
3
5
5
5
6
3
3
1
2
1
4
2
1
1
3
2
3
3
2
2
3
4
1
6
4
1
5
2
4
1
5
0
0
3
2
2
4
2
2
3
3
2
2
3
3
3
0
2
5
3
6
2
2
1
1
0
3
2
3
4
5
0
3
3
4
4
3
4
0
4
2
2
1
2
5
0
2
4
1
4
1
2
4
2
1
1
5
2
3
1
2
1
1
1
3
0
2
6
1
0
3
1
1
1
2
2
1
1
5
2
1
0
0
1
0
3
2
2
3
2
0
3
3
3
1
1
0
0
1
2
5
1
3
1
5
3
0
3
4
3
0
3
1
0
7
1
1
2
1
0
2
3
2
1
1
1
2
1
3
1
2
1
1
2
1
0
0
3
3
0
3
1
4
0
2
2
0
1
3
2
1
3
4
0
2
2
0
3
1
0
1
1
1
3
3
2
3
0
2
1
1
2
0
1
2
2
0
1
1
1
2
1
3
0
1
2
2
3
2
2
2
2
1
0
4
1
3
1
4
3
2
0
1
3
0
0
0
2
0
1
0
0
0
1
3
1
1
1
0
0
2
1
3
2
2
0
0
1
1
1
0
1
0
0
1
2
0
0
0
0
2
1
0
0
2
1
1
2
1
0
0
1
1
0
1
0
0
1
0
2
0
0
0
0
0
0
1
1
1
2
2
2
1
0
4
1
1
1
3
1
3
1
0
0
1
3
1
1
0
0
2
2
0
1
2
0
2
1
0
0
1
2
0
3
1
0
2
2
0
2
1
2
1
2
2
0
1
2
0
0
0
1
2
0
1
0
1
0
0
1
0
0
0
1
0
1
0
0
1
1
3
1
0
1
0
1
1
0
0
0
2
0
0
0
1
1
0
0
1
1
1
0
0
0
0
1
1
3
0
0
0
0
2
1
2
0
2
1
3
0
2
1
1
0
0
1
1
0
0
0
0
1
1
0
1
0
1
2
0
1
1
0
1
0
0
0
0
0
0
0
0
0
1
2
0
0
0
0
1
0
0
0
0
1
0
2
2
0
0
0
1
0
0
0
1
1
0
0
0
0
0
1
0
0
0
0
0
0
0
0
0
0
1
1
0
1
1
0
0
0
0
0
0
0
0
2
1
2
1
0
0
0
0
0
0
0
0
1
0
0
0
1
0
0
1
0
0
0
0
0
1
0
1
3
0
0
0
0
0
1
1
0
0
1
0
0
0
0
1
0
0
1
1
1
0
0
0
0
0
0
0
2
0
1
0
0
1
0
0
0
1
0
0
0
1
0
0
1
0
0
1
0
0
0
0
0
0
0
0
2
0
0
0
1
0
0
0
0
1
0
0
1
0
1
0
0
0
0
1
0
0
0
1
1
0
0
0
0
0
0
0
0
0
0
1
1
1
0
1
0
0
0
0
0
1
0
0
0
1
1
1
0
0
0
0
1
0
0
0
0
0
0
0
0
0
0
0
0
0
0
0
0
0
0
0
0
0
0
0
1
0
1
0
0
2
0
0
0
0
1
1
0
0
1
0
1
0
0
1
0
0
0
0
0
0
0
0
0
0
0
1
0
0
0
1
0
0
0
0
0
0
0
0
0
0
0
1
0
0
0
0
1
0
0
0
0
0
0
0
0
0
0
0
1
0
1
0
0
0
0
0
0
0
0
0
0
0
0
1
0
0
0
0
0
0
0
0
0
0
0
0
0
0
0
1
0
0
0
0
0
1
0
0
0
0
0
0
0
0
0
1
0
0
0
0
0
1
0
0
0
0
0
0
0
0
0
0
0
0
0
0
0
0
0
0
0
0
0
0
0
0
0
0
0
0
0
0
1
0
0
0
0
0
0
0
0
0
0
0
0
0
0
0
0
0
0
0
0
0
0
0
0
0
0
1
0
0
0
0
0
0
0
1
0
0
0
0
0
0
0
0
1
0
0
0
0
0
0
0
0
0
0
0
0
0
0
0
0
0
0
0
0
0
0
0
0
0
0
0
0
0
0
0
0
0
0
0
0
0
0
0
0
0
0
0
1
0
0
0
0
0
0
0
0
0
0
0
0
0
0
0
0
0
0
0
0
0
0
0
0
0
0
0
0
0
0
0
0
0
0
0
0
0
0
0
0
0
1
1
0
0
0
0
0
0
0
0
0
0
0
0
0
0
0
0
0
0
0
0
0
0
0
0
0
0
0
0
0
0
0
0
0
0
0
0
0
0
1
0
0
0
0
0
0
0
0
1
0
0
0
0
0
0
0
0
0
0
0
0
0
0
0
0
0
0
0
0
0
0
0
0
0
0
1
1
0
0
0
0
0
0
0
0
0
0
0
0
0
0
0
0
0
0
0
1
0
0
0
0
0
0
0
0
0
0
0
0
0
0
0
0
0
0
0
0
0
0
0
0
0
0
0
0
0
0
0
0
0
0
0
0
0
0
0
0
0
0
0
0
0
0
0
0
0
0
0
0
0
0
0
0
0
0
0
0
0
0
0
0
0
0
0
0
0
0
0
0
0
0
0
0
0
0
0
0
0
0
0
0
0
0
0
0
0
0
0
1
0
0
0
0
0
0
0
0
0
0
0
0
0
0
0
0
0
0
0
0
0
0
0
0
0
0
0
0
0
0
0
0
0
0
0
0
0
0
0
0
0
0
0
0
0
0
0
0
0
0
0
0
0
0
0
0
0
0
0
0
0
0
0
0
0
1
0
0
0
0
0
0
0
0
0
0
0
0
0
0
0
0
0
0
0
0
0
0
0
0
0
0
0
0
0
0
0
0
0
0
0
0
0
0
0
0
0
0
0
0
0
0
0
0
0
0
0
0
0
0
0
0
0
0
0
0
0
0
0
0
0
0
0
0
0
0
0
0
0
0
0
0
0
0
0
0
0
0
0
0
0
0
0
0
0
0
0
0
0
0
0
0
0
0
0
0
0
0
0
0
0
0
0
0
0
0
0
0
0
0
0
0
0
0
0
0
0
0
0
0
0
0
0
0
0
0
0
0
0
0
0
0
0
0
0
0
0
0
0
0
0
0
0
0
0
0
0
0
0
0
0
0
0
0
0
0
0
0
0
0
0
0
0
0
0
0
0
0
0
0
0
0
0
0
0
0
0
0
0
0
0
0
0
0
0
0
0
0
0
0
0
0
0
0
0
0
0
0
0
0
0
0
0
0
0
0
0
0
0
0
0
0
0
0
0
0
0
0
0
0
0
0
0
0
0
0
0
0
0
0
0
0
0
0
0
0
0
0
0
0
0
0
0
0
0
0
0
0
0
0
0
0
0
0
0
0
0
0
0
0
0
0
0
0
0
0
0
0
0
0
0
0
0
0
0
0
0
0
0
0
0
0
0
0
0
0
0
0
0
0
0
0
0
0
0
0
0
0
0
0
0
0
0
0
0
0
0
0
0
0
0
0
0
0
0
0
0
0
0
0
0
0
0
0
0
0
0
0
0
0
0
0
0
0
0
0
0
0
0
0
0
0
0
0
0
0
0
0
0
0
0
0
0
0
0
0
0
0
0
0
0
0
0
0
0
0
0
0
0
0
0
0
0
0
0
0
0
0
0
0
0
0
0
0
0
0
0
0
0
0
0
0
0
0
0
0
0
0
0
0
0
0
0
0
0
0
0
0
0
0
0
0
0
0
0
0
0
0
0
0
0
0
0
0
0
0
0
0
0
0
0
0
0
0
0
0
0
0
0
0
0
0
0
0
0
0
0
0
0
0
0
0
0
0
0
0
0
0
0
0
0
0
0
0
0
0
0
0
0
0
0
0
0
0
0
0
0
0
0
0
0
0
0
0
0
0
0
0
0
0
0
0
0
0
0
0
0
0
0
0
0
0
0
0
0
0
0
0
0
0
0
0
0
0
0
0
0
0
0
0
0
0
0
0
0
0
0
0
0
0
0
0
0
0
0
0
0
0
0
0
0
0
0
0
0
0
0
0
0
0
0
0
0
0
0
0
0
0
0
0
0
0
0
0
0
0
0
0
0
0
0
0
0
0
0
0
0
0
0
0
0
0
0
0
0
0
0
0
0
0
0
0
0
0
0
0
0
0
0
0
0
0
0
0
0
0
0
0
0
0
0
0
0
0
0
0
0
0
0
0
0
0
0
0
0
0
0
0
0
0
0
0
0
0
0
0
0
0
0
0
0
0
0
0
0
0
0
0
0
0
0
0
0
0
0
0
0
0
0
0
0
0
0
0
0
0
0
0
0
0
0
0
0
0
0
0
0
0
0
0
0
0
0
0
0
0
0
0
0
0
0
0
0
0
0
0
0
0
0
0
0
0
0
0
0
0
0
0
0
0
0
0
0
0
0
0
0
0
0
0
0
0
0
0
0
0
0
0
0
0
0
0
0
0
0
0
0
0
0
0
0
0
0
0
0
0
0
0
0
0
0
0
0
0
0
0
0
0
0
0
0
0
0
0
0
0
0
0
0
0
0
0
0
0
0
0
0
0
0
0
0
0
0
0
0
0
0
0
0
0
0
0
0
0
0
0
0
0
0
0
0
0
0
0
0
0
0
0
0
0
0
0
0
0
0
0
0
0
0
0
0
0
0
0
0
0
0
0
0
0
0
0
0
0
0
0
0
0
0
0
0
0
0
0
0
0
0
0
0
0
0
0
0
0
0
0
0
0
0
0
0
0
0
0
0
0
0
0
0
0
0
0
0
0
0
0
0
0
0
0
0
0
0
0
0
0
0
0
0
0
0
0
0
0
0
0
0
0
0
0
0
0
0
0
0
0
0
0
0
0
0
0
0
0
0
0
0
0
0
0
0
0
0
0
0
0
0
0
0
0
0
0
0
0
0
0
0
0
0
0
0
0
0
0
0
0
0
0
0
0
0
0
0
0
0
0
0
0
0
0
0
0
0
0
0
0
0
0
0
0
0
0
0
0
0
0
0
0
0
0
0
0
0
0
0
0
0
0
0
0
0
0
0
0
0
0
0
0
0
0
0
0
0
0
0
0
0
0
0
0
0
0
0
0
0
0
0
0
0
0
0
0
0
0
0
0
0
0
0
0
0
0
0
0
0
0
0
0
0
0
0
0
0
0
0
0
0
0
0
0
0
0
0
0
0
0
0
0
0
0
0
0
0
0
0
0
0
0
0
0
0
0
0
0
0
0
0
0
0
0
0
0
0
0
0
0
0
0
0
0
0
0
0
0
0
0
0
0
0
0
0
0
0
0
0
0
0
0
0
0
0
0
0
0
0
0
0
0
0
0
0
0
0
0
0
0
0
0
0
0
0
0
0
0
0
0
0
0
0
0
0
0
0
0
0
0
0
0
0
0
0
0
0
0
0
0
0
0
0
0
0
0
0
0
0
0
0
0
0
0
0
0
0
0
0
0
0
0
0
0
0
0
0
0
0
0
0
0
0
0
0
0
0
0
0
0
0
0
0
0
0
0
0
0
0
0
0
0
0
0
0
0
0
0
0
0
0
0
0
0
0
0
0
0
0
0
0
0
0
0
0
0
0
0
0
0
0
0
0
0
0
0
0
0
0
0
0
0
0
0
0
0
0
0
0
0
0
0
0
0
0
0
0
0
0
0
0
0
0
0
0
0
0
0
0
0
0
0
0
0
0
0
0
0
0
0
0
0
0
0
0
0
0
0
0
0
0
0
0
0
0
0
0
0
0
0
0
0
0
0
0
0
0
0
0
0
0
0
0
0
0
0
0
0
0
0
0
0
0
0
0
0
0
0
0
0
0
0
0
0
0
0
0
0
0
0
0
0
0
0
0
0
0
0
0
0
0
0
0
0
0
0
0
0
0
0
0
0
0
0
0
0
0
0
0
0
0
0
0
0
0
0
0
0
0
0
0
0
0
0
0
0
0
0
0
0
0
0
0
0
0
0
0
0
0
0
0
0
0
0
0
0
0
0
0
0
0
0
0
0
0
0
0
0
0
0
0
0
0
0
0
0
0
0
0
0
0
0
0
0
0
0
0
0
0
0
0
0
0
0
0
0
0
0
0
0
0
0
0
0
0
0
0
0
0
0
0
0
0
0
0
0
0
0
0
0
0
0
0
0
0
0
0
0
0
0
0
0
0
0
0
0
0
0
0
0
0
0
0
0
0
0
0
0
0
0
0
0
0
0
0
0
0
0
0
0
0
0
0
0
0
0
0
0
0
0
0
0
0
0
0
0
0
0
0
0
0
0
0
0
0
0
0
0
0
0
0
0
0
0
0
0
0
0
0
0
0
0
0
0
0
0
0
0
0
0
0
0
0
0
0
0
0
0
0
0
0
0
0
0
0
0
0
0
0
0
0
0
0
0
0
0
0
0
0
0
0
0
0
0
0
0
0
0
0
0
0
0
0
0
0
0
0
0
0
0
0
0
0
0
0
0
0
0
0
0
0
0
0
0
0
0
0
0
0
0
0
0
0
0
0
0
0
0
0
0
0
0
0
0
0
0
0
0
0
0
0
0
0
0
0
0
0
0
0
0
0
0
0
0
0
0
0
0
0
0
0
0
0
0
0
0
0
0
0
0
0
0
0
0
0
0
0
0
0
0
0
0
0
0
0
0
0
0
0
0
0
0
0
0
0
0
0
0
0
0
0
0
0
