0
0
0
0
0
0
1
0
1
0
0
0
0
0
0
0
0
0
0
0
0
0
0
0
0
0
0
0
0
0
0
0
0
1
2
0
1
0
0
3
0
0
0
0
1
1
0
1
0
0
0
0
0
0
1
0
1
0
0
0
1
0
0
0
1
0
0
0
0
1
1
0
1
0
0
0
0
0
0
0
1
1
0
1
0
0
0
0
0
0
1
1
1
2
0
0
0
1
2
1
0
0
1
0
1
0
0
2
0
0
0
1
0
0
0
1
1
0
1
0
0
0
0
1
0
0
0
0
0
0
1
1
1
0
0
1
0
0
0
0
0
2
0
0
0
0
3
0
1
0
1
0
2
0
0
1
2
2
2
0
0
1
2
0
0
0
1
0
0
1
0
0
1
1
2
1
0
0
0
0
0
2
1
2
1
1
3
0
1
1
0
0
2
1
0
5
0
1
2
2
0
1
0
2
2
0
1
1
0
3
1
1
1
2
0
2
1
0
1
0
2
3
2
1
2
1
1
2
2
1
1
0
0
1
0
1
1
3
2
1
0
0
0
1
2
2
3
2
1
1
3
1
4
1
1
4
3
2
0
1
0
1
2
3
2
3
3
5
1
1
1
4
1
1
0
3
1
0
1
2
2
2
2
5
0
1
2
2
1
1
4
3
4
1
1
4
4
4
2
4
3
1
1
6
0
2
0
4
3
3
1
3
2
2
1
4
2
3
3
1
6
3
2
1
1
3
6
5
5
1
2
2
4
1
2
4
2
5
7
4
4
4
2
2
4
4
4
7
3
5
4
4
4
3
2
3
4
2
4
6
7
5
1
4
6
2
1
2
1
2
9
5
5
8
4
4
3
3
6
1
5
5
6
6
3
5
9
4
7
5
7
9
5
4
4
10
5
2
8
3
2
7
10
8
7
6
6
7
8
6
5
5
4
2
6
10
5
7
7
4
5
4
10
7
6
13
1
7
8
7
5
9
8
8
11
5
6
7
7
10
7
7
8
9
7
6
6
8
5
5
7
7
5
7
13
13
6
7
9
9
7
4
7
9
7
7
6
6
8
11
10
11
8
6
13
7
9
7
5
9
9
7
6
8
7
10
13
13
11
10
16
9
8
14
12
10
12
14
13
12
10
9
7
6
16
16
12
13
14
10
9
16
8
10
12
16
12
7
7
15
14
14
13
13
13
7
13
16
11
13
9
9
12
14
15
14
21
12
15
12
19
12
13
21
13
16
10
9
16
16
13
11
15
16
8
13
15
9
15
24
19
10
16
21
13
19
14
17
22
11
11
13
9
20
19
18
12
17
22
18
14
19
20
17
17
18
23
20
22
23
16
22
16
20
17
21
13
22
13
16
26
26
25
20
19
22
21
22
17
24
17
20
22
15
26
24
29
22
21
19
22
17
26
23
15
26
18
25
27
27
19
24
30
21
30
27
28
24
22
28
25
23
24
28
30
38
39
24
23
29
29
33
26
32
20
16
34
28
27
32
29
28
31
18
40
34
35
23
30
24
32
40
49
29
37
25
28
30
34
43
42
33
37
24
25
44
38
32
26
39
34
36
36
39
28
29
36
36
40
31
34
41
41
39
31
47
32
37
43
39
41
33
30
31
29
43
47
36
45
41
37
45
46
42
42
37
50
55
41
43
38
45
46
50
45
39
41
50
39
47
46
51
47
48
35
52
42
40
45
43
60
50
53
52
48
51
44
40
44
53
41
54
41
49
44
53
51
60
65
53
62
58
64
48
60
54
45
56
44
52
51
44
64
60
55
61
60
61
59
57
45
56
73
52
51
48
64
62
52
75
58
49
64
70
66
66
58
67
74
55
56
65
71
82
71
70
63
75
73
79
63
57
59
65
63
81
74
75
68
90
78
83
88
72
67
85
73
66
87
77
74
83
75
75
63
75
85
70
81
72
79
90
105
83
69
99
82
85
71
81
92
91
74
80
90
82
82
72
97
100
82
91
80
90
74
78
102
90
86
105
98
87
114
96
84
78
93
97
108
98
87
119
106
117
89
100
104
83
88
106
102
106
106
96
106
126
96
106
114
104
85
107
116
121
104
114
116
103
100
111
103
95
104
90
123
89
108
100
94
115
99
106
112
119
125
97
123
110
105
128
132
135
122
117
132
111
111
135
119
113
139
140
120
125
108
110
127
127
126
125
110
114
130
127
114
148
138
154
136
130
126
138
134
130
150
142
136
116
146
134
128
145
141
147
162
157
150
131
144
151
158
167
160
148
151
153
149
122
139
145
137
140
127
131
176
154
157
163
147
152
170
150
147
160
166
195
174
156
149
146
150
169
163
193
185
154
193
150
157
177
157
173
176
167
167
188
158
157
154
165
184
193
173
164
189
178
165
177
154
184
158
132
172
194
160
195
179
176
212
194
156
164
171
178
177
166
186
181
200
205
202
178
194
198
208
187
194
178
203
186
201
203
206
220
200
193
202
210
209
234
195
189
226
205
214
277
221
206
185
223
254
221
234
219
250
222
202
207
241
209
212
241
232
219
185
237
230
236
210
244
223
240
225
241
241
248
238
251
221
219
200
199
262
260
221
231
254
250
251
228
243
241
241
259
208
230
248
217
276
243
231
242
236
254
245
288
271
252
252
267
258
292
243
274
254
272
276
274
270
245
266
264
275
266
265
269
282
271
289
239
285
289
298
294
290
272
292
318
272
288
265
307
294
306
283
292
252
268
302
296
297
303
291
273
317
303
290
301
310
284
315
311
296
307
308
309
296
301
304
314
311
284
309
325
309
330
283
311
295
296
307
355
316
308
318
329
319
346
344
305
332
327
323
357
355
318
318
356
305
355
376
384
351
344
338
334
372
327
310
280
364
342
342
364
368
369
360
357
335
368
355
388
384
347
356
405
355
319
376
363
353
385
361
358
369
367
383
352
445
375
372
390
381
382
346
417
383
410
401
421
431
404
401
384
392
371
369
345
415
393
390
387
411
390
417
426
398
410
398
405
405
412
395
405
416
394
428
431
410
442
416
403
459
373
439
440
387
419
424
412
425
440
378
449
433
442
396
446
424
452
390
418
431
434
373
487
452
418
459
468
442
453
434
475
461
456
454
478
451
452
458
427
421
444
469
492
458
523
463
487
479
469
450
503
476
436
418
428
449
466
449
469
471
467
495
492
467
494
473
462
480
529
508
486
482
476
483
527
483
460
513
491
481
475
475
498
473
527
494
489
501
472
496
564
515
483
484
516
511
457
510
568
518
498
498
401
510
525
513
553
530
520
513
531
512
539
541
494
557
536
497
487
517
502
560
557
500
546
513
553
531
556
539
565
568
517
555
578
584
554
541
600
549
555
588
556
563
564
554
620
545
570
503
552
545
535
564
577
565
549
578
609
523
591
542
553
609
570
596
581
599
595
617
606
605
616
611
592
588
576
588
616
577
581
557
548
577
613
651
611
620
602
580
588
589
594
569
620
631
649
560
579
615
598
627
653
666
627
612
630
655
618
658
660
625
627
603
596
608
621
664
622
640
660
585
650
654
650
657
665
651
673
589
550
667
623
633
651
652
657
640
651
649
676
658
664
632
671
619
689
634
644
701
631
687
653
645
705
686
650
669
689
707
656
662
656
706
664
689
655
673
681
665
674
659
684
718
686
672
651
608
628
664
692
742
698
650
668
753
684
715
730
695
712
660
667
680
718
677
681
674
724
726
656
677
730
658
699
668
731
721
688
678
655
718
722
756
702
704
720
677
732
710
736
686
707
735
695
715
727
721
709
709
775
744
705
713
743
723
756
703
795
723
762
687
734
727
744
737
762
711
749
712
732
742
771
717
790
747
744
714
618
743
732
738
771
728
699
719
759
806
759
755
809
761
771
718
725
749
744
730
768
763
715
761
780
739
777
748
755
712
760
758
784
808
761
750
797
751
820
775
770
754
778
782
737
761
822
769
805
794
824
801
868
812
778
813
826
785
770
835
791
769
856
753
814
781
778
854
811
776
786
776
775
819
795
776
769
815
780
714
746
790
788
777
834
815
776
790
803
778
794
830
832
814
801
786
830
709
754
793
839
858
802
834
826
839
796
822
820
809
843
761
859
838
784
790
905
845
799
817
824
850
793
779
826
774
806
764
696
826
796
836
839
818
823
799
832
846
837
829
818
842
809
800
799
816
869
810
867
814
840
827
812
824
841
787
840
837
836
831
781
847
823
873
885
779
833
810
885
910
877
824
866
884
822
776
811
848
792
842
860
834
821
829
832
877
844
834
809
825
833
821
847
836
830
797
853
854
795
823
886
899
833
804
862
882
862
758
802
887
841
855
915
849
803
824
851
847
813
797
900
833
842
868
837
822
803
839
881
821
833
820
893
833
859
850
866
888
843
834
889
909
834
821
866
838
882
818
862
851
892
811
848
871
828
795
701
843
873
818
894
861
827
822
827
832
880
861
854
847
855
793
836
839
839
826
875
835
855
849
863
847
888
852
863
869
821
830
876
869
852
880
852
869
785
814
908
856
832
870
881
831
847
790
820
818
764
885
888
880
797
822
839
795
892
834
814
819
845
872
817
851
852
834
890
802
793
804
869
838
850
827
871
813
793
775
780
841
835
837
862
766
879
798
802
830
813
789
851
842
843
827
844
803
845
905
848
856
832
823
828
805
832
846
869
848
828
772
864
819
800
855
816
842
789
871
831
804
782
854
878
767
798
771
677
860
817
841
834
836
789
800
856
835
855
817
814
883
838
768
811
834
849
829
803
856
875
807
812
878
831
788
869
808
798
795
809
785
806
841
794
833
817
813
858
804
831
849
839
815
790
724
818
749
798
775
801
816
814
838
818
822
809
796
786
846
765
765
850
807
781
759
803
815
804
790
820
766
806
786
843
800
844
721
640
810
765
791
899
764
786
849
771
837
750
768
771
793
769
769
800
850
800
793
814
792
799
776
817
818
805
769
808
759
726
764
772
762
724
793
795
763
779
790
792
798
791
760
790
811
765
733
629
764
778
793
832
733
722
748
764
784
794
778
750
765
798
693
751
754
765
782
759
766
765
753
763
745
771
735
755
767
716
729
763
715
763
709
824
773
759
736
770
738
758
713
732
729
740
671
808
741
725
690
753
809
691
786
786
749
691
698
703
731
742
662
728
817
750
689
785
717
707
727
721
694
706
697
739
701
714
666
594
724
732
742
667
717
746
699
689
714
692
662
765
702
677
681
771
709
660
696
734
687
707
675
700
747
660
663
700
702
681
669
741
714
651
683
685
680
690
712
691
713
689
658
717
689
706
739
612
705
701
677
663
697
678
646
688
690
660
656
682
680
697
685
629
672
671
616
658
671
685
657
663
688
649
671
683
628
655
675
632
645
635
622
663
639
639
625
609
608
632
634
711
648
637
573
592
668
617
630
657
648
624
648
627
621
558
652
650
640
647
631
596
691
589
607
622
614
646
605
634
605
637
610
620
639
626
534
598
662
630
651
642
601
578
629
609
613
636
625
581
571
556
571
588
618
582
572
594
599
576
611
598
599
546
581
552
564
600
546
558
599
567
587
591
524
568
540
617
620
565
530
610
588
588
567
483
573
550
562
602
593
558
514
562
545
537
551
564
581
542
537
517
557
564
529
536
552
540
576
559
562
503
512
538
551
523
502
590
571
537
506
574
542
523
492
581
525
592
485
506
540
529
505
547
537
553
512
541
492
528
528
536
497
501
497
503
504
508
461
524
504
493
505
553
541
520
488
485
482
475
486
502
529
508
449
442
504
528
548
503
479
491
476
492
498
470
481
511
470
466
481
473
461
479
449
474
472
473
454
502
467
484
478
495
507
472
466
463
470
473
495
434
453
435
446
492
481
459
460
468
438
473
452
366
459
427
456
454
455
440
370
473
413
408
437
424
436
449
427
409
451
402
435
453
405
405
434
436
415
478
438
431
460
438
431
410
421
409
417
440
387
402
389
447
440
417
383
407
428
418
363
407
442
430
422
440
412
414
374
413
471
401
385
389
367
381
380
368
396
393
368
433
355
393
387
405
380
353
373
400
377
390
319
374
362
346
360
381
349
381
388
377
339
370
407
380
384
383
346
351
408
319
382
393
351
339
361
352
349
383
348
379
386
351
374
401
341
328
365
342
393
370
340
373
372
363
326
360
354
320
324
304
352
344
362
365
352
327
341
322
347
350
275
318
324
334
308
327
357
320
322
334
322
325
332
309
342
341
303
331
321
304
300
332
326
304
313
368
327
321
298
330
289
305
303
291
335
296
324
326
335
317
325
297
314
301
275
305
318
323
284
305
308
283
277
300
294
288
309
311
302
286
288
270
283
296
268
284
280
281
253
283
291
290
296
315
270
264
280
268
290
255
240
299
258
282
295
249
282
284
252
302
265
261
277
267
256
268
284
273
270
286
233
247
242
228
270
270
289
253
246
242
260
258
230
252
240
240
218
213
254
265
274
247
263
267
255
246
250
242
257
229
222
229
224
254
248
230
221
238
233
225
239
222
218
225
243
252
239
243
212
236
238
223
217
227
210
231
195
222
232
241
213
235
223
180
200
199
255
212
217
223
214
236
226
193
212
207
208
212
215
210
198
236
208
210
222
220
198
237
216
208
184
189
206
191
189
181
171
193
211
193
160
226
230
205
198
209
209
173
209
190
204
198
189
190
191
191
215
208
198
201
218
177
192
185
180
179
192
200
182
174
165
195
177
179
181
183
177
173
183
161
196
183
180
166
148
120
186
193
161
188
161
164
180
195
165
164
168
162
157
189
166
146
166
159
180
149
171
160
147
138
136
150
161
169
143
160
157
186
134
159
151
125
151
162
139
165
157
154
147
159
153
154
147
145
144
161
172
166
170
140
130
160
149
119
152
157
132
130
151
144
134
147
147
145
125
140
157
143
143
135
164
123
141
132
146
133
120
139
138
124
130
126
133
123
150
129
118
121
132
112
141
163
123
128
121
127
137
126
117
130
115
131
105
114
125
125
101
136
112
124
108
129
116
133
123
115
138
132
121
91
113
123
116
98
129
128
124
117
101
114
100
92
108
115
115
110
128
108
114
112
113
97
131
120
111
106
116
105
102
109
106
104
96
108
95
106
102
106
114
110
106
99
100
105
98
104
107
112
115
99
82
112
93
100
96
81
103
99
109
99
95
89
99
86
86
90
98
86
74
82
100
92
97
108
93
91
96
85
80
104
89
110
89
64
93
71
74
86
88
97
89
73
85
74
88
77
78
77
93
89
72
91
78
82
92
89
88
93
70
73
85
90
70
73
64
84
77
75
85
66
73
86
82
83
73
76
85
75
84
57
75
57
67
64
81
67
80
78
68
91
66
60
73
72
74
65
65
69
72
75
75
75
75
62
71
75
62
67
56
65
65
55
74
67
56
67
83
51
88
50
63
68
57
46
51
58
58
52
56
55
64
55
59
57
84
66
72
60
71
60
62
61
74
62
62
55
54
42
66
59
46
56
58
52
41
52
59
44
39
58
40
36
63
65
52
58
60
45
52
50
51
52
46
61
61
54
53
51
48
54
57
57
44
45
51
55
64
49
53
50
58
52
45
48
42
45
55
55
43
59
49
50
39
44
43
39
34
40
42
37
52
43
57
56
42
45
32
47
48
46
32
42
36
40
39
43
56
40
47
55
51
37
41
38
40
48
34
47
40
49
34
41
41
41
32
36
45
41
29
39
34
42
44
38
46
32
32
36
40
48
28
43
34
35
32
30
31
35
31
28
41
30
31
33
40
29
28
37
43
41
25
38
38
34
38
36
34
35
39
27
32
29
44
31
31
29
26
28
34
31
27
42
27
28
34
29
35
35
28
25
28
29
24
32
25
38
23
34
26
24
27
17
26
30
31
29
33
33
19
29
26
26
38
33
24
19
20
32
27
27
16
29
29
23
33
20
17
30
19
33
28
34
27
29
28
20
24
29
30
31
22
26
24
24
28
23
19
29
17
25
31
17
24
28
21
22
26
19
24
34
19
23
15
30
31
27
27
27
19
21
15
21
20
17
20
20
11
21
17
23
25
20
20
14
12
22
22
14
24
20
18
17
20
22
22
16
20
16
21
20
22
16
21
19
19
19
20
18
23
18
15
12
28
19
14
19
20
15
21
12
12
15
22
10
14
22
9
16
24
14
18
26
18
24
18
19
20
18
15
18
9
19
13
11
15
16
16
12
19
15
19
16
16
13
18
20
14
21
19
10
20
9
18
19
21
13
14
21
13
13
15
13
9
14
14
6
14
9
10
17
14
14
12
16
24
15
13
4
17
10
16
12
11
8
10
9
17
13
12
9
12
12
12
8
11
12
11
14
10
14
17
9
5
12
13
15
11
9
17
8
9
11
14
8
7
13
11
7
12
13
9
11
17
7
9
11
11
10
8
12
11
9
10
9
10
8
20
10
16
10
12
6
8
12
12
10
11
5
13
10
9
9
9
9
9
13
8
5
8
12
5
16
8
4
3
13
7
16
3
11
10
7
7
5
6
5
9
7
11
6
6
8
7
4
5
8
10
8
8
10
5
7
6
9
10
7
16
11
4
8
9
3
5
8
7
7
4
7
6
2
4
6
11
7
2
9
5
8
9
4
5
12
6
6
14
4
4
14
10
7
11
10
5
6
6
4
3
4
3
8
6
4
7
3
5
4
3
2
5
5
5
1
4
6
5
5
5
7
8
6
5
4
4
9
5
5
4
7
3
2
5
3
6
2
3
3
3
7
4
5
2
4
4
4
4
4
5
4
1
3
7
7
3
3
4
7
3
6
1
2
6
5
4
3
3
7
3
3
6
3
3
1
5
6
3
3
5
4
4
2
7
2
6
6
2
2
2
2
3
1
7
4
3
6
4
5
5
2
4
6
4
6
2
3
2
6
2
1
5
2
1
1
1
3
1
2
2
5
3
5
5
3
1
1
1
2
1
5
8
3
6
0
3
7
2
5
4
2
1
5
4
4
1
1
0
3
2
1
1
4
2
2
2
4
3
4
5
5
2
2
4
2
2
4
2
0
4
0
0
1
3
2
2
2
3
2
2
2
2
0
2
0
3
4
4
4
5
1
5
1
1
2
0
3
1
1
4
5
3
1
1
4
0
2
1
1
2
6
2
1
1
4
1
3
3
4
2
2
2
2
1
2
0
7
1
6
1
1
3
1
1
3
2
4
1
1
4
1
1
4
2
1
0
1
2
2
0
0
0
0
2
1
0
2
1
1
1
2
1
2
2
4
1
2
1
1
3
1
0
2
2
2
1
1
0
2
1
2
1
3
3
2
1
2
2
1
1
4
3
1
2
2
1
1
1
0
0
4
3
1
1
1
2
0
1
0
0
0
4
1
4
3
0
1
1
0
0
2
1
2
2
1
1
3
2
2
0
1
1
0
3
1
1
1
0
1
0
2
1
1
2
1
1
0
0
1
0
0
2
2
0
0
1
0
1
0
2
0
2
1
0
1
1
1
0
0
1
2
0
0
3
0
1
1
0
0
0
2
0
0
2
0
1
0
0
0
1
0
0
1
3
0
0
2
1
1
2
1
2
1
1
0
2
0
1
0
0
0
0
1
0
1
2
1
0
1
0
0
0
0
0
0
1
1
0
0
0
2
0
1
2
1
2
2
0
0
0
1
1
0
0
0
3
2
0
0
0
3
2
1
0
0
0
0
1
1
0
0
1
0
0
0
0
0
1
0
0
0
1
0
0
1
0
2
0
1
0
0
2
1
0
2
0
2
0
1
0
0
0
1
0
1
1
0
0
0
0
0
0
1
0
0
0
0
0
2
1
1
0
1
0
1
0
0
1
0
0
3
1
0
0
0
0
0
0
1
0
0
0
0
0
0
0
0
0
0
0
0
0
1
0
0
0
0
0
0
0
0
0
0
1
0
1
2
1
0
0
1
0
0
0
0
1
1
0
0
1
1
0
0
2
0
0
0
0
0
0
0
0
0
0
0
0
0
0
0
0
0
0
0
0
1
0
0
0
0
0
1
0
0
1
0
0
0
0
1
0
0
0
0
0
0
0
0
0
0
0
0
0
0
0
0
0
0
0
0
0
0
1
0
0
0
0
0
0
0
0
0
0
0
1
0
1
0
0
0
0
0
0
0
1
0
0
0
0
0
0
0
0
0
0
0
0
0
0
1
0
0
0
0
0
0
0
0
0
0
0
1
0
0
0
0
0
0
1
0
0
0
0
0
0
0
0
0
0
0
1
0
0
0
0
0
0
0
0
0
0
0
0
0
0
0
0
1
0
0
0
0
0
0
0
0
0
0
0
0
0
0
0
0
0
0
0
0
0
0
0
0
0
0
0
0
0
0
0
0
1
0
0
0
0
0
0
0
1
0
0
0
0
0
0
0
0
0
0
0
0
0
0
0
0
0
0
0
0
0
0
0
0
0
0
0
0
0
0
0
0
0
0
0
0
0
0
0
0
0
0
0
0
0
0
0
0
0
1
1
0
0
0
0
0
0
0
0
0
0
0
0
0
0
0
0
0
0
0
0
0
1
0
0
0
0
0
0
0
0
1
0
0
0
0
0
0
0
0
0
0
0
0
0
0
0
0
0
1
0
0
1
0
0
0
0
0
0
0
1
0
0
0
0
0
0
1
0
0
0
0
0
0
0
0
0
0
0
0
0
0
0
0
0
0
0
0
1
0
0
0
0
0
0
0
0
0
0
0
0
0
0
0
0
0
0
0
0
0
0
0
0
0
0
0
0
0
0
0
0
0
0
0
0
0
0
1
0
0
0
0
0
0
0
0
0
0
0
0
0
0
0
0
0
0
0
0
0
0
0
0
0
0
0
0
0
0
0
0
0
0
0
0
0
0
0
0
0
0
1
0
0
0
0
0
0
0
0
0
0
0
0
0
0
0
0
0
0
0
0
0
0
0
0
0
0
0
0
0
0
0
0
0
0
0
1
0
0
1
0
0
0
0
0
0
0
0
0
0
0
0
0
0
0
0
0
0
0
0
0
0
0
0
0
0
0
0
0
0
0
0
0
0
0
0
0
0
0
0
0
0
0
0
0
0
0
0
0
0
0
0
0
0
0
0
0
0
0
0
0
0
0
0
0
0
0
0
0
0
0
0
0
0
0
0
0
1
0
0
0
0
0
0
0
0
0
0
0
0
0
0
0
0
0
0
0
0
0
0
0
0
0
0
0
0
0
0
0
0
0
0
0
0
0
0
0
0
0
0
0
0
0
0
0
0
0
0
0
0
0
0
0
0
0
0
0
0
0
0
0
0
0
0
0
0
0
0
0
1
0
0
0
0
0
0
0
0
0
0
0
0
0
0
0
0
0
0
0
0
0
0
0
0
0
0
0
0
0
0
0
0
0
0
0
0
0
0
0
0
0
0
0
0
0
0
0
0
0
0
0
0
0
0
0
0
0
0
0
0
0
0
0
0
0
0
0
0
0
0
0
0
0
0
0
0
0
0
0
0
0
0
0
0
0
0
0
0
0
0
0
0
0
0
0
0
0
0
0
0
0
0
0
0
0
0
0
0
0
0
0
0
0
0
0
0
0
0
0
0
0
0
0
0
0
0
0
0
0
0
0
0
0
0
0
0
0
0
0
0
1
0
0
0
0
0
0
0
0
0
0
0
0
0
0
0
0
0
0
0
0
0
0
0
0
0
0
0
0
0
0
0
0
0
0
0
0
0
0
0
0
0
0
0
0
0
0
0
0
0
0
0
0
0
0
0
0
0
0
0
0
0
0
0
0
0
0
0
0
0
0
0
0
0
0
0
0
0
0
0
0
0
0
0
0
0
0
0
0
0
0
0
0
0
0
0
0
0
0
0
0
0
0
0
0
0
0
0
0
0
0
0
0
0
0
0
0
0
0
0
0
0
0
0
0
0
0
0
0
0
0
0
0
0
0
0
0
0
0
0
0
0
0
0
0
0
0
0
0
0
0
0
0
0
0
0
0
0
0
0
0
0
0
0
0
0
0
0
0
0
0
0
0
0
0
0
0
0
0
0
0
0
0
0
0
0
0
0
0
0
0
0
0
0
0
0
0
0
0
0
0
0
0
0
0
0
0
0
0
0
0
0
0
0
0
0
0
0
0
0
0
0
0
0
0
0
0
0
0
0
0
0
0
0
0
0
0
0
0
0
0
0
0
0
0
0
0
0
0
0
0
0
0
0
0
0
0
0
0
0
0
0
0
0
0
0
0
0
0
0
0
0
0
0
0
0
0
0
0
0
0
0
0
0
0
0
0
0
0
0
0
0
0
0
0
0
0
0
0
0
0
0
0
0
0
0
0
0
0
0
0
0
0
0
0
0
0
0
0
0
0
0
0
0
0
0
0
0
0
0
0
0
0
0
0
0
0
0
0
0
0
0
0
0
0
0
0
0
0
0
0
0
0
0
0
0
0
0
0
0
0
0
0
0
0
0
0
0
0
0
0
0
0
0
0
0
0
0
0
0
0
0
0
0
0
0
0
0
0
0
0
0
0
0
0
0
0
0
0
0
0
0
0
0
0
0
0
0
0
0
0
0
0
0
0
0
0
0
0
0
0
0
0
0
0
0
0
0
0
0
0
0
0
0
0
0
0
0
0
0
0
0
0
0
0
0
0
0
0
0
0
0
0
0
0
0
0
0
0
0
0
0
0
0
0
0
0
0
0
0
0
0
0
0
0
0
0
0
0
0
0
0
0
0
0
0
0
0
0
0
0
0
0
0
0
0
0
0
0
0
0
0
0
0
0
0
0
0
0
0
0
0
0
0
0
0
0
0
0
0
0
0
0
0
0
0
0
0
0
0
0
0
0
0
0
0
0
0
0
0
0
0
0
0
0
0
0
0
0
0
0
0
0
0
0
0
0
0
0
0
0
0
0
0
0
0
0
0
0
0
0
0
0
0
0
0
0
0
0
0
0
0
0
0
0
0
0
0
0
0
0
0
0
0
0
0
0
0
0
0
0
0
0
0
0
0
0
0
0
0
0
0
0
0
0
0
0
0
0
0
0
0
0
0
0
0
0
0
0
0
0
0
0
0
0
0
0
0
0
0
0
0
0
0
0
0
0
0
0
0
0
0
0
0
0
0
0
0
0
0
0
0
0
0
0
0
0
0
0
0
0
0
0
0
0
0
0
0
0
0
0
0
0
0
0
0
0
0
0
0
0
0
0
0
0
0
0
0
0
0
0
0
0
0
0
0
0
0
0
0
0
0
0
0
0
0
0
0
0
0
0
0
0
0
0
0
0
0
0
0
0
0
0
0
0
0
0
0
0
0
0
0
0
0
0
0
0
0
0
0
0
0
0
0
0
0
0
0
0
0
0
0
0
0
0
0
0
0
0
0
0
0
0
0
0
0
0
0
0
0
0
0
0
0
0
0
0
0
0
0
0
0
0
0
0
0
0
0
0
0
0
0
0
0
0
0
0
0
0
0
0
0
0
0
0
0
0
0
0
0
0
0
0
0
0
0
0
0
0
0
0
0
0
0
0
0
0
0
0
0
0
0
0
0
0
0
0
0
0
0
0
0
0
0
0
0
0
0
0
0
0
0
0
0
0
0
0
0
0
0
0
0
0
0
0
0
0
0
0
0
0
0
0
0
0
0
0
0
0
0
0
0
0
0
0
0
0
0
0
0
0
0
0
0
0
0
0
0
0
0
0
0
0
0
0
0
0
0
0
0
0
0
0
0
0
0
0
0
0
0
0
0
0
0
0
0
0
0
0
0
0
0
0
0
0
0
0
0
0
0
0
0
0
0
0
0
0
0
0
0
0
0
0
0
0
0
0
0
0
0
0
0
0
0
0
0
0
0
0
0
0
0
0
0
0
0
0
0
0
0
0
0
0
0
0
0
0
0
0
0
0
0
0
0
0
0
0
0
0
0
0
0
0
0
0
0
0
0
0
0
0
0
0
0
0
0
0
0
0
0
0
0
0
0
0
0
0
0
0
0
0
0
0
0
0
0
0
0
0
0
0
0
0
0
0
0
0
0
0
0
0
0
0
0
0
0
0
0
0
0
0
0
0
0
0
0
0
0
0
0
0
0
0
0
0
0
0
0
0
0
0
0
0
0
0
0
0
0
0
0
0
0
0
0
0
0
0
0
0
0
0
0
0
0
0
0
0
0
0
0
0
0
0
0
0
0
0
0
0
0
0
0
0
0
0
0
0
0
0
0
0
0
0
0
0
0
0
0
0
0
0
0
0
0
0
0
0
0
0
0
0
0
0
0
0
0
0
0
0
0
0
0
0
0
0
0
0
0
0
0
0
0
0
0
0
0
0
0
0
0
0
0
0
0
0
0
0
0
0
0
0
0
0
0
0
0
0
0
0
0
0
0
0
0
0
0
0
0
0
0
0
0
0
0
0
0
0
0
0
0
0
0
0
0
0
0
0
0
0
0
0
0
0
0
0
0
0
0
0
0
0
0
0
0
0
0
0
0
0
0
0
0
0
0
0
0
0
0
0
0
0
0
0
0
0
0
0
0
0
0
0
0
0
0
0
0
0
0
0
0
0
0
0
0
0
0
0
0
0
0
0
0
0
0
0
0
0
0
0
0
0
0
0
0
0
0
0
0
0
0
0
0
0
0
0
0
0
0
0
0
0
0
0
0
0
0
0
0
0
0
0
0
0
0
0
0
0
0
0
0
0
0
0
0
0
0
0
0
0
0
0
0
0
0
0
0
0
0
0
0
0
0
0
0
0
0
0
0
0
0
0
0
0
0
0
0
0
0
0
0
0
0
0
0
0
0
0
0
0
0
0
0
0
0
0
0
0
0
0
0
0
0
0
0
0
0
0
0
0
0
0
0
0
0
0
0
0
0
0
0
0
0
0
0
0
0
0
0
0
0
0
0
0
0
0
0
0
0
0
0
0
0
0
0
0
0
0
0
0
0
0
0
0
0
0
0
0
0
0
0
0
0
0
0
0
0
0
0
0
0
0
0
0
0
0
0
0
0
0
0
0
0
0
0
0
0
0
0
0
0
0
0
0
0
0
0
0
0
0
0
0
0
0
0
0
0
0
0
0
0
0
0
0
0
0
0
0
0
0
0
0
0
0
0
0
0
0
0
0
0
0
0
0
0
0
0
0
0
0
0
0
0
0
0
0
0
0
0
0
0
0
0
0
0
0
0
0
0
0
0
0
0
0
0
0
0
0
0
0
0
0
0
0
0
0
0
0
0
0
0
0
0
0
0
0
0
0
0
0
0
0
0
0
0
0
0
0
0
0
0
0
0
0
0
0
0
0
0
0
0
0
0
0
0
0
0
0
0
0
0
0
0
0
0
0
0
0
0
0
0
0
0
0
0
0
0
0
0
0
0
0
0
0
0
0
0
0
0
0
0
0
0
0
0
0
0
0
0
0
0
0
0
0
0
0
0
0
0
0
0
0
0
0
0
0
0
0
0
0
0
0
0
0
0
0
0
0
0
0
0
0
0
0
0
0
0
0
0
0
0
0
0
0
0
0
0
0
0
0
0
0
0
0
0
0
0
0
0
0
0
0
0
0
0
0
0
0
0
0
0
0
0
0
0
0
0
0
0
0
0
0
0
0
0
0
0
0
0
0
0
0
0
0
0
0
0
0
0
0
0
0
0
0
0
0
0
0
0
0
0
0
0
0
0
0
0
0
0
0
0
0
0
0
0
0
0
0
0
0
0
0
0
0
0
0
0
0
0
0
0
0
0
0
0
0
0
0
0
0
0
0
0
0
0
0
0
0
0
0
0
0
0
0
0
0
0
0
0
0
0
0
0
0
0
0
0
0
0
0
0
0
0
0
0
0
0
0
0
0
0
0
0
0
0
0
0
0
0
0
0
0
0
0
0
0
0
0
0
0
0
0
0
0
0
0
0
0
0
0
0
0
0
0
0
0
0
0
0
0
0
0
0
0
0
0
0
0
0
0
0
0
0
0
0
0
0
0
0
0
0
0
0
0
0
0
0
0
0
0
0
0
0
0
0
0
0
0
0
0
0
0
0
0
0
0
0
0
0
0
0
0
0
0
0
0
0
0
0
0
0
0
0
0
0
0
0
0
0
0
0
0
0
0
0
0
0
0
0
0
0
0
0
0
0
0
0
0
0
0
0
0
0
0
0
0
0
0
0
0
0
0
0
0
0
0
0
0
0
0
0
0
0
0
0
0
0
0
0
0
0
0
0
0
0
0
0
0
0
0
0
0
0
0
0
0
0
0
0
0
0
0
0
0
0
0
0
0
0
0
0
0
0
0
0
0
0
0
0
0
0
0
0
0
0
0
0
0
0
0
0
0
0
0
0
0
0
0
0
0
0
0
0
0
0
0
0
0
0
0
0
0
0
0
0
0
0
0
0
0
0
0
0
0
0
0
0
0
0
0
0
0
0
0
0
0
0
0
0
0
0
0
0
0
0
0
0
0
0
0
0
0
0
0
0
0
0
0
0
0
0
0
0
0
0
0
0
0
0
0
0
0
0
0
0
0
0
0
0
0
0
0
0
0
0
0
0
0
0
0
0
0
0
0
0
0
0
0
0
0
0
0
0
0
0
0
0
0
0
0
0
0
0
0
0
0
0
0
0
0
0
0
0
0
0
0
0
0
0
0
0
0
0
0
0
0
0
0
0
0
0
0
0
0
0
0
0
0
0
0
0
0
0
0
0
0
0
0
0
0
0
0
0
0
0
0
0
0
0
0
0
0
0
0
0
0
0
0
0
0
0
0
0
0
0
0
0
0
0
0
0
0
0
0
0
0
0
0
0
0
0
0
0
0
0
0
0
0
0
0
0
0
0
0
0
0
0
0
0
0
0
0
0
0
0
0
0
0
0
0
0
0
0
0
0
0
0
0
0
0
0
0
0
0
0
0
0
0
0
0
0
0
0
0
0
0
0
0
0
0
0
0
0
0
0
0
0
0
0
0
0
0
0
0
0
0
0
0
0
0
0
0
0
0
0
0
0
0
0
0
0
0
0
0
0
0
0
0
0
0
0
0
0
0
0
0
0
0
0
0
0
0
0
0
0
0
0
0
0
0
0
0
0
0
0
0
0
0
0
0
0
0
0
0
0
0
0
0
0
0
0
0
0
0
0
0
0
0
0
0
0
0
0
0
0
0
0
0
0
0
0
0
0
0
0
0
0
0
0
0
0
0
0
0
0
0
0
0
0
0
0
0
0
0
0
0
0
0
0
0
0
0
0
0
0
0
0
0
0
0
0
0
0
0
0
0
0
0
0
0
0
0
0
0
0
0
0
0
0
0
0
0
0
0
0
0
0
0
0
0
0
0
0
0
0
0
0
0
0
0
0
0
0
0
0
0
0
0
0
0
0
0
0
0
0
0
0
0
0
0
0
0
0
0
0
0
0
0
0
0
0
0
0
0
0
0
0
0
0
0
0
0
0
0
0
0
0
0
0
0
0
0
0
0
0
0
0
0
0
0
0
0
0
0
0
0
0
0
0
0
0
0
0
0
0
0
0
0
0
0
0
0
0
0
0
0
0
0
0
0
0
0
0
0
0
0
0
0
0
0
0
0
0
0
0
0
0
0
0
0
0
0
0
0
0
0
0
0
0
0
0
0
0
0
0
0
0
0
0
0
0
0
0
0
0
0
0
0
0
0
0
0
0
0
0
0
0
0
0
0
0
0
0
0
0
0
0
0
0
0
0
0
0
0
0
0
0
0
0
0
0
0
0
0
0
0
0
0
0
0
0
0
0
0
0
0
0
0
0
0
0
0
0
0
0
0
0
0
0
0
0
0
0
0
0
0
0
0
0
0
0
0
0
0
0
0
0
0
0
0
0
0
0
0
0
0
0
0
0
0
0
0
0
0
0
0
0
0
0
0
0
0
0
0
0
0
0
0
0
0
0
0
0
0
0
0
0
0
0
0
0
0
0
0
0
0
0
0
0
0
0
0
0
0
0
0
0
0
0
0
0
0
0
0
0
0
0
0
0
0
0
0
0
0
0
0
0
0
0
0
0
0
0
0
0
0
0
0
0
0
0
0
0
0
0
0
0
0
0
0
0
0
0
0
0
0
0
0
0
0
0
0
0
0
0
0
0
0
0
0
0
0
0
0
0
0
0
0
0
0
0
0
0
0
0
0
0
0
0
0
0
0
0
0
0
0
0
0
0
0
0
0
0
0
0
0
0
0
0
0
0
0
0
0
0
0
0
0
0
0
0
0
0
0
0
0
0
0
0
0
0
0
0
0
0
0
0
0
0
0
0
0
0
0
0
0
0
0
0
0
0
0
0
0
0
0
0
0
0
0
0
0
0
0
0
0
0
0
0
0
0
0
0
0
0
0
0
0
0
0
0
0
0
0
0
0
0
0
0
0
0
0
0
0
0
0
0
0
0
0
0
0
0
0
0
0
0
0
0
0
0
0
0
0
0
0
0
0
0
0
0
0
0
0
0
0
0
0
0
0
0
0
0
0
0
0
0
0
0
0
0
0
0
0
0
0
0
0
0
0
0
0
0
0
0
0
0
0
0
0
0
0
0
0
0
0
0
0
0
0
0
0
0
0
0
0
0
0
0
0
0
0
