0
0
0
0
0
0
0
0
0
0
0
0
0
0
0
0
0
0
0
0
0
0
0
0
0
0
0
0
0
0
0
0
0
0
0
0
0
0
0
0
0
0
0
0
0
0
0
0
0
0
0
0
0
2
0
0
0
0
0
0
0
0
0
0
0
0
0
0
0
0
0
0
1
0
0
0
0
1
0
0
0
0
0
0
0
0
0
0
0
0
0
0
0
0
0
0
0
0
0
0
0
0
0
0
0
0
0
0
0
0
0
0
0
0
0
0
0
0
0
0
0
0
0
0
0
0
0
0
0
0
0
0
0
0
0
0
0
0
0
0
0
0
0
0
0
1
0
0
0
0
0
0
1
0
0
0
0
0
0
0
0
0
0
0
0
0
0
0
1
0
0
0
0
0
0
0
1
0
1
1
0
0
0
0
0
0
0
0
0
1
0
2
0
1
1
0
0
0
0
1
0
1
0
0
1
0
0
0
1
0
0
0
1
1
0
0
0
1
0
0
0
0
1
0
0
1
0
0
0
0
1
0
0
1
0
0
1
1
0
0
2
0
1
1
0
1
0
0
2
1
0
0
1
1
1
0
1
1
1
0
0
0
0
0
1
2
3
1
0
1
0
0
1
0
1
3
1
0
2
1
0
3
1
1
0
1
2
3
0
1
1
0
1
0
1
0
1
0
0
0
0
0
3
0
0
2
1
0
2
1
4
2
0
1
0
0
0
1
1
0
1
2
2
0
1
0
1
2
2
0
0
1
0
0
2
1
2
1
0
2
1
1
1
0
0
1
1
2
0
1
0
3
1
0
1
0
1
1
1
1
0
1
2
0
0
0
0
2
0
2
2
1
1
1
1
2
2
0
1
4
1
2
4
0
1
1
3
2
0
1
2
0
4
0
2
1
2
1
4
2
1
0
2
4
2
1
0
0
2
0
2
1
7
3
2
4
2
1
2
1
0
2
1
0
1
2
3
3
2
0
2
1
1
3
3
4
2
2
3
2
5
1
3
2
1
2
5
1
4
6
3
3
4
3
3
3
1
2
2
4
1
1
2
2
3
1
4
3
3
1
1
3
3
2
4
1
4
1
2
2
6
3
4
4
0
6
1
5
6
0
1
2
2
4
4
3
4
5
2
5
9
2
3
1
4
7
5
4
3
5
3
2
5
6
4
4
6
3
3
4
8
6
5
6
1
2
3
2
4
4
3
1
8
4
3
8
3
7
2
3
7
2
2
3
4
7
6
4
5
6
1
4
4
8
7
1
4
4
7
8
5
5
6
2
2
3
4
4
10
2
6
9
6
5
3
5
14
4
3
7
5
6
8
6
8
6
3
4
5
6
6
7
4
6
12
4
12
7
3
6
8
8
11
3
14
5
12
10
6
1
13
7
8
5
10
7
9
11
7
8
8
6
5
4
8
7
10
4
8
6
1
10
11
11
10
9
3
6
6
3
12
4
8
7
9
10
13
14
17
9
8
8
11
10
7
5
12
9
7
15
12
6
13
9
8
17
7
9
5
20
13
11
6
12
10
6
5
10
11
15
11
12
9
9
19
8
9
10
8
8
9
7
15
13
16
14
10
10
12
10
12
10
16
9
16
10
9
12
15
6
13
16
18
17
15
16
13
15
18
14
20
17
14
17
18
17
15
15
18
15
16
16
15
17
16
20
13
15
15
18
17
21
16
24
19
19
15
11
16
17
12
21
14
14
17
22
21
15
17
16
16
15
21
27
13
18
17
23
19
19
17
13
16
23
19
23
14
26
18
23
18
23
18
26
21
26
24
16
25
14
18
16
27
16
23
17
25
18
26
27
23
21
28
15
30
27
16
19
28
19
20
19
21
29
26
31
24
31
21
22
31
24
21
27
20
23
24
25
35
20
20
21
32
30
34
29
22
30
27
35
28
20
39
18
34
24
39
29
26
30
24
29
28
31
32
33
31
28
40
21
33
30
39
31
40
34
30
40
43
32
38
31
24
26
28
35
39
45
27
33
29
30
31
34
38
44
36
22
45
38
43
40
36
37
31
41
34
36
31
43
45
21
39
34
38
40
45
39
43
41
35
47
37
41
59
56
40
36
58
54
42
43
41
33
47
46
46
46
60
54
47
39
43
32
42
50
51
51
41
46
44
56
60
50
58
39
39
54
57
50
52
48
55
42
51
56
51
37
54
52
60
45
61
61
34
50
42
54
48
45
47
70
51
52
66
69
61
58
58
51
56
55
56
56
54
67
60
75
54
61
58
76
55
61
68
55
79
57
45
49
65
68
48
61
79
64
58
64
53
68
76
75
56
51
70
62
67
68
77
71
64
83
62
68
70
66
69
72
72
69
70
93
69
80
63
69
60
80
71
84
64
83
79
86
72
66
73
71
69
58
80
60
83
87
82
73
58
71
77
72
64
71
81
78
90
87
73
85
76
81
87
92
95
78
76
96
84
93
69
95
99
87
77
85
80
93
84
90
87
87
115
115
98
85
89
113
87
80
102
103
85
88
98
101
84
87
77
101
105
87
105
89
98
107
109
100
106
110
101
105
109
96
111
102
99
102
115
112
100
113
104
101
116
114
126
112
128
110
96
94
111
121
97
93
118
120
115
114
113
107
127
110
105
111
105
127
123
103
119
112
144
117
108
121
127
118
106
143
135
116
112
132
100
116
113
152
126
141
135
100
117
127
122
126
119
119
120
141
133
133
134
129
130
134
129
122
127
140
147
138
142
133
140
159
129
138
143
144
127
155
146
129
142
140
135
119
138
136
151
158
119
156
140
138
149
151
127
142
174
144
154
170
148
174
142
149
167
164
144
171
153
165
176
148
162
172
160
166
179
145
164
165
180
189
160
161
190
179
143
157
181
184
162
166
181
168
180
168
202
166
178
182
185
165
205
182
182
205
162
205
152
187
201
189
176
186
162
196
186
192
168
183
165
184
216
182
195
188
198
176
177
196
190
208
203
191
189
185
233
210
201
179
198
192
193
209
204
218
191
211
186
230
202
189
212
215
184
201
219
206
217
200
241
210
208
222
192
216
202
209
229
232
238
228
228
195
230
230
233
189
214
241
222
226
201
224
213
238
260
252
225
246
217
219
221
250
242
241
276
234
214
233
228
228
263
243
239
257
266
294
222
228
274
267
234
241
231
250
280
263
254
257
273
232
245
265
268
268
258
249
251
261
287
279
271
254
269
288
243
278
280
283
246
287
275
288
279
282
259
260
320
273
264
291
276
258
273
307
306
262
301
325
256
277
324
238
305
274
286
262
280
274
304
310
254
292
251
315
294
307
276
288
310
317
318
294
316
302
305
338
314
312
290
300
337
283
295
286
305
351
335
319
288
323
306
292
339
326
324
350
306
350
308
316
326
345
326
338
333
343
320
322
304
360
345
347
299
327
324
345
334
331
347
340
316
364
314
331
360
324
331
332
342
318
287
319
335
327
332
384
344
388
328
338
344
348
343
374
351
367
364
332
360
352
355
370
368
364
373
370
371
344
338
407
386
349
362
362
357
392
392
372
348
408
400
378
383
386
380
401
405
398
367
311
389
399
402
409
377
392
413
380
370
390
392
396
382
413
384
385
384
391
452
392
398
436
404
394
389
398
430
377
409
421
418
419
430
429
407
436
437
416
404
399
409
394
396
411
406
419
424
399
437
429
412
470
427
430
411
416
447
415
440
421
418
443
421
464
433
447
469
423
495
444
439
441
464
427
431
435
455
428
401
421
464
468
483
500
476
444
436
458
457
485
461
428
460
477
459
458
497
502
477
508
418
462
468
448
425
460
499
516
465
444
437
484
495
465
489
500
484
491
446
500
488
504
463
500
527
527
451
435
481
469
490
534
532
518
466
520
494
525
472
516
521
471
477
499
476
522
485
561
537
499
483
525
516
476
543
525
531
519
491
523
517
512
488
550
486
520
527
532
518
546
530
533
518
507
493
511
511
540
557
557
547
539
520
563
570
536
533
539
534
538
557
559
527
523
571
575
571
564
526
556
539
531
519
557
578
541
485
518
582
569
586
577
621
574
581
567
545
571
581
601
558
614
571
590
588
530
578
548
596
587
543
595
623
536
551
588
556
564
577
579
577
616
550
580
553
586
544
576
592
572
617
607
595
602
578
502
589
563
575
632
568
594
618
589
619
620
564
655
569
649
556
610
640
574
627
640
569
598
614
680
664
620
594
625
658
593
627
670
622
625
621
650
604
602
615
662
595
640
630
637
611
650
577
612
622
661
640
626
616
626
638
614
679
623
661
608
623
675
595
649
637
645
613
688
668
666
639
650
681
655
666
634
683
663
609
615
679
690
628
698
676
637
706
628
679
636
600
682
693
644
609
676
717
619
694
673
691
690
688
688
703
641
660
671
720
646
670
729
685
679
638
731
722
700
669
714
718
714
676
681
698
661
671
531
710
688
645
711
697
626
681
671
737
666
681
717
666
714
671
685
721
711
662
753
688
679
729
702
690
673
716
702
719
655
713
680
674
720
738
732
668
701
659
698
722
741
745
703
700
688
635
772
766
733
674
712
700
718
711
766
718
744
700
714
785
703
701
803
720
704
723
723
756
720
752
767
684
703
695
679
704
761
629
680
733
686
747
726
756
729
674
768
763
725
774
681
764
691
733
724
705
751
724
771
780
746
750
761
727
757
720
760
743
679
719
753
773
707
765
740
729
670
718
760
723
736
709
792
714
703
687
638
735
782
761
758
735
760
743
765
772
732
733
757
712
758
720
713
764
730
746
751
708
736
788
696
762
768
733
784
703
780
760
740
825
771
726
754
752
752
717
746
719
760
756
797
786
766
716
737
771
785
798
795
755
827
796
749
754
777
770
774
809
781
790
741
752
760
799
798
812
784
718
754
824
731
773
742
747
792
722
658
756
759
757
825
792
759
760
814
754
750
811
774
777
797
749
846
716
731
769
846
809
786
739
799
810
772
815
765
780
768
745
749
811
800
822
824
757
842
800
795
784
762
756
862
818
746
734
688
774
746
761
818
801
777
762
804
764
757
775
795
765
791
741
721
786
793
815
812
790
773
772
768
762
743
754
783
846
755
788
807
770
747
755
827
799
743
765
790
778
804
723
769
741
790
727
797
800
734
776
771
721
757
757
794
806
763
784
792
820
776
739
804
744
791
788
832
773
775
810
805
776
742
741
814
767
773
692
674
735
805
793
776
784
754
685
804
789
806
767
792
787
776
700
785
777
774
743
816
798
703
813
802
758
744
778
757
767
790
729
783
770
736
788
733
722
775
745
756
763
755
727
797
795
755
770
622
792
791
821
813
756
737
763
803
786
774
768
756
743
750
744
738
738
770
731
779
749
775
821
810
720
761
715
756
771
773
730
802
774
761
779
777
800
768
743
789
755
748
764
741
770
723
715
765
768
781
732
742
756
793
732
817
729
730
715
717
765
774
701
755
750
788
749
795
746
735
740
748
741
719
721
753
727
753
678
656
766
709
731
778
749
736
674
815
781
753
727
725
750
732
709
740
759
705
732
727
729
705
732
734
721
727
764
724
721
689
713
743
734
717
691
685
715
759
742
769
756
720
749
760
691
724
663
557
708
732
723
724
697
704
716
754
724
707
692
763
710
725
695
681
755
727
716
721
710
701
711
730
745
706
697
722
711
719
716
780
746
698
677
744
735
766
725
726
718
727
636
681
721
690
627
688
683
744
691
769
732
682
687
713
717
724
698
706
703
666
673
740
649
729
661
752
690
642
713
711
741
702
716
664
629
699
630
619
712
663
678
737
682
645
691
654
683
664
698
718
669
669
688
700
672
683
636
723
680
695
683
730
657
653
693
638
656
652
641
668
685
632
628
678
678
674
642
637
635
717
608
636
719
687
646
506
638
643
653
664
673
654
612
661
672
661
645
664
645
662
659
655
628
624
611
696
646
682
601
653
690
594
636
628
628
640
594
664
654
594
639
635
633
616
629
634
643
641
610
648
634
643
545
639
601
578
622
630
597
600
616
632
623
610
619
632
686
598
647
596
632
611
657
668
585
617
583
629
581
641
595
584
578
627
543
563
596
542
581
612
603
600
597
601
603
607
598
609
573
605
567
605
595
578
597
592
591
609
595
608
612
598
564
585
610
618
568
562
573
553
528
590
579
591
603
587
598
556
555
576
580
547
506
475
582
584
592
566
563
541
586
560
571
581
513
577
540
528
535
533
571
526
566
582
556
537
535
536
551
567
553
538
537
580
556
559
559
553
544
557
566
571
552
547
537
518
510
563
555
570
471
532
514
519
566
514
535
566
500
535
524
507
566
525
567
499
496
512
504
489
524
550
519
516
508
553
548
515
522
512
509
529
459
426
524
486
540
542
486
530
519
541
521
498
500
481
473
505
482
475
531
477
499
488
530
475
508
475
504
479
494
508
485
495
506
496
511
501
526
468
468
472
489
450
470
503
508
505
502
430
505
393
483
456
452
492
454
474
453
483
488
489
474
459
476
474
432
462
476
470
497
498
471
443
422
462
454
429
435
450
478
436
449
466
482
454
461
488
417
456
458
427
472
441
440
482
475
462
409
406
417
390
444
485
451
433
406
447
440
439
414
447
431
437
384
430
415
392
369
439
399
392
426
422
394
437
438
421
437
390
389
369
419
391
424
416
410
441
362
440
429
429
384
421
407
436
377
409
415
406
385
444
428
406
396
396
386
397
410
388
411
382
396
420
405
391
395
389
411
394
360
401
368
366
343
379
408
393
389
320
396
376
373
390
398
370
377
383
347
348
387
384
382
333
363
353
391
382
372
371
346
371
361
349
358
358
376
389
357
376
353
367
328
330
374
340
347
334
390
370
348
386
328
390
368
346
342
372
343
335
326
363
364
349
335
315
337
353
320
369
344
380
327
372
302
331
321
326
332
327
339
329
350
321
321
322
325
313
302
302
320
297
341
332
325
312
297
333
284
345
338
354
327
308
296
329
310
348
301
299
318
307
304
295
316
312
311
311
340
284
267
302
314
290
326
304
313
309
297
319
292
327
314
308
276
280
278
231
312
302
287
281
306
291
299
304
307
279
274
281
294
266
284
277
283
293
281
299
274
287
261
293
261
273
267
264
277
291
261
302
292
268
283
267
257
278
246
257
294
276
261
260
264
256
233
254
242
273
255
228
226
222
271
247
254
252
244
234
278
296
230
248
267
257
263
235
254
217
248
236
225
242
251
222
262
237
244
212
247
229
253
245
250
242
222
252
239
235
230
251
238
209
226
247
246
258
230
232
237
245
247
262
249
223
232
245
242
207
204
216
252
227
225
204
229
249
232
218
225
209
238
223
202
199
232
163
212
245
198
252
191
235
218
230
217
206
196
211
229
189
203
208
225
193
185
211
222
207
192
207
213
185
210
233
210
192
235
195
188
177
220
202
205
188
182
200
201
186
177
201
196
178
153
207
189
223
192
199
178
182
188
198
179
177
180
196
184
188
176
208
189
175
188
179
171
183
171
168
208
178
168
184
178
209
150
177
188
169
174
171
183
162
170
181
171
179
169
164
181
156
179
177
169
164
167
184
181
162
175
156
168
197
161
163
165
187
181
168
170
167
160
174
164
166
163
163
158
135
162
171
173
156
190
140
132
171
151
139
160
146
153
159
179
149
153
157
170
137
126
144
165
164
145
156
151
160
157
138
152
160
148
159
152
148
148
143
143
127
170
130
150
133
130
148
134
154
149
162
140
137
130
139
123
122
142
121
138
132
148
138
132
111
142
138
131
135
126
160
161
148
135
144
116
122
109
129
125
141
131
120
124
125
119
119
126
115
125
142
130
121
137
131
137
133
114
128
122
116
132
112
111
119
133
131
125
106
101
117
129
106
113
108
118
117
124
110
120
97
109
139
132
122
96
116
86
103
118
110
137
130
121
88
114
109
109
110
109
120
108
98
113
116
97
109
118
111
103
113
99
115
113
118
98
104
100
95
93
121
104
82
99
90
98
94
92
107
101
113
102
100
82
94
87
99
106
102
97
87
94
87
126
114
103
97
96
91
87
84
94
72
67
84
105
78
101
87
103
86
85
72
87
97
97
83
105
101
87
109
96
82
83
74
85
84
84
84
95
97
92
93
77
86
72
91
78
73
82
75
87
96
68
89
71
64
75
82
101
84
65
73
70
78
65
77
70
93
86
83
71
89
78
84
66
65
64
79
70
92
89
57
65
73
80
73
65
82
70
75
72
62
66
72
61
79
54
59
67
69
65
67
77
62
71
54
64
66
58
56
66
73
66
61
70
63
70
67
82
74
74
60
81
60
68
67
54
66
62
75
68
63
60
63
61
56
71
56
69
53
62
50
68
69
59
59
80
61
48
60
57
60
53
59
54
67
67
60
59
50
47
69
48
46
59
58
64
56
54
72
53
60
51
49
59
46
57
58
63
51
55
61
52
58
51
44
50
55
53
56
42
49
61
50
46
58
44
44
49
53
41
45
55
64
55
46
54
45
41
41
54
56
46
54
41
47
56
46
47
51
33
42
39
56
57
46
43
35
37
54
49
64
44
27
38
44
47
41
38
51
50
39
48
37
63
47
47
45
42
29
39
39
38
38
45
45
36
43
40
43
50
39
40
49
41
54
43
46
34
35
38
39
37
23
52
47
45
39
36
51
36
33
28
38
45
25
34
42
34
34
36
38
37
30
40
45
25
40
31
35
47
36
32
30
27
36
39
33
33
34
31
34
22
23
34
40
25
36
37
28
37
29
40
27
37
28
40
31
39
31
28
31
31
36
31
32
33
23
39
31
34
27
25
17
25
27
34
27
32
29
33
25
31
22
25
25
27
32
26
25
25
24
24
24
19
25
32
29
34
25
36
30
27
30
26
25
21
23
25
27
24
18
33
28
19
30
19
30
23
21
25
23
26
32
26
24
26
20
28
25
21
19
19
21
18
30
21
23
32
26
26
30
16
27
21
24
12
21
25
18
25
25
12
22
24
17
21
25
15
19
28
19
16
22
23
19
12
21
29
25
15
26
27
26
22
23
18
16
13
20
23
20
15
15
29
18
17
17
20
19
27
20
28
15
13
15
14
23
12
21
15
24
18
13
20
18
16
17
16
22
22
14
23
19
11
17
8
20
16
23
14
17
24
23
18
14
12
7
19
16
13
16
17
14
11
26
19
15
14
13
15
16
11
12
19
25
19
10
9
18
12
14
11
19
16
15
15
20
11
10
15
10
14
10
16
12
15
10
10
13
24
12
23
18
7
17
16
13
9
17
11
11
9
12
21
11
14
10
14
19
6
14
15
17
10
13
9
14
13
9
13
11
14
17
17
9
11
12
18
13
13
10
16
16
3
10
6
14
5
10
8
7
22
3
12
12
6
8
13
12
9
12
13
9
9
11
10
17
5
11
10
10
10
8
15
10
16
7
4
4
10
9
12
8
12
12
10
11
11
11
16
15
7
12
14
9
6
9
14
9
10
9
11
11
7
6
5
6
4
4
11
7
3
11
11
6
13
10
6
12
12
9
6
7
11
4
4
9
13
11
5
5
10
3
8
6
5
4
5
9
7
8
8
10
10
10
11
10
3
5
9
8
9
4
9
7
7
12
6
3
6
9
7
6
5
7
6
3
11
4
8
13
9
5
6
3
10
14
2
7
6
5
3
10
3
5
4
7
4
4
8
8
6
9
5
8
6
3
6
2
6
6
7
5
5
2
9
6
11
5
2
3
6
5
6
4
3
9
8
5
7
3
5
2
5
4
5
5
4
3
8
7
6
2
0
2
1
5
5
4
4
5
4
2
11
7
2
7
5
3
1
10
6
6
11
4
5
3
5
3
4
2
4
3
3
2
6
0
6
4
0
3
3
5
8
5
7
3
5
4
2
3
6
3
4
5
2
9
4
4
6
1
5
2
1
3
5
4
3
5
4
2
7
4
2
3
2
2
5
1
3
2
0
4
1
0
0
3
2
1
4
5
5
1
2
8
2
2
2
3
5
4
4
3
4
3
4
4
3
4
2
2
5
3
2
2
1
4
3
2
4
3
1
0
3
6
4
5
2
1
4
3
5
5
4
3
3
2
4
3
4
3
1
7
6
5
2
2
3
1
1
3
1
1
5
3
3
2
2
0
3
1
0
2
3
5
1
2
5
1
0
4
1
2
4
1
3
2
2
4
4
5
5
2
2
2
2
3
1
2
3
3
2
1
3
4
2
1
1
3
1
2
2
4
1
0
3
6
0
2
1
2
1
2
1
2
2
3
1
2
3
2
0
2
2
0
2
2
3
1
3
1
1
0
2
1
2
2
2
0
0
0
1
0
0
0
2
2
1
0
4
0
4
3
4
1
2
2
1
2
1
2
3
2
2
1
1
0
1
1
0
0
1
0
4
0
1
0
4
0
0
0
0
2
1
5
1
3
1
0
1
1
0
2
1
3
1
2
2
2
2
2
1
2
0
1
2
0
2
1
3
0
1
1
0
1
2
3
0
0
1
2
0
1
3
1
0
2
0
0
0
2
1
1
1
2
0
1
0
0
3
2
1
0
0
0
1
1
2
0
1
2
1
0
0
0
0
1
0
2
2
5
2
0
0
1
0
0
1
0
0
1
1
1
1
0
3
2
2
1
0
3
0
0
0
0
0
2
2
0
1
1
0
1
1
1
0
1
1
1
0
0
1
2
1
1
0
0
1
0
0
0
0
2
2
0
0
0
0
0
0
0
1
1
0
0
2
0
3
1
0
1
3
0
2
1
0
0
0
1
0
0
0
1
0
0
0
1
0
1
1
1
0
3
0
0
1
0
0
0
0
0
1
0
1
0
2
0
0
0
0
1
0
0
1
0
0
1
0
0
0
0
1
0
0
1
0
1
0
0
0
0
0
1
0
1
1
0
0
1
0
0
0
0
0
0
0
0
0
0
0
0
0
0
0
0
0
1
1
0
0
0
0
0
0
1
0
0
0
0
0
1
0
1
1
2
0
0
0
1
3
0
2
0
0
0
0
0
0
0
1
0
0
1
0
1
0
0
0
0
0
0
0
1
0
0
2
2
1
0
0
0
0
0
0
0
1
0
0
1
0
1
0
1
0
1
0
0
1
0
0
0
1
0
1
0
1
0
0
0
0
0
0
0
0
0
0
0
2
0
0
2
0
0
0
1
1
0
1
0
0
1
0
0
1
0
0
0
0
0
1
0
0
0
0
0
1
0
0
1
0
1
0
0
0
0
0
0
0
0
0
0
1
0
1
0
1
0
0
0
0
0
0
0
0
0
0
0
0
0
0
0
2
1
0
0
0
1
0
0
1
1
0
0
1
0
0
0
0
0
0
1
1
0
0
1
0
0
0
0
0
0
0
0
1
2
0
1
0
1
0
0
0
0
1
1
0
0
1
0
1
0
0
0
0
0
0
0
0
0
0
0
0
1
1
0
0
0
0
1
0
0
1
0
0
0
0
0
0
0
0
0
0
0
1
0
0
0
0
0
0
0
0
0
0
0
0
0
0
0
0
0
0
0
0
1
0
0
0
0
0
0
0
0
0
0
0
0
0
0
0
0
0
0
0
0
0
0
0
0
0
0
0
0
0
0
0
0
0
0
0
0
0
0
1
0
0
0
0
0
0
0
0
0
0
0
0
1
0
0
0
0
0
0
0
0
0
0
0
0
0
0
0
0
0
0
0
0
0
1
0
0
0
0
0
0
0
0
0
0
0
0
0
0
0
0
0
0
0
0
0
0
0
0
0
0
0
0
0
0
0
0
0
0
0
0
0
0
0
0
0
0
0
0
0
0
0
0
1
0
0
0
0
0
0
0
0
0
0
0
0
0
0
0
0
0
0
0
0
0
0
0
0
0
0
0
0
1
0
0
0
0
0
0
0
0
0
0
1
0
0
0
0
0
0
0
0
0
0
0
0
0
0
0
0
0
0
0
0
0
0
0
0
0
0
0
0
1
0
0
0
0
0
0
0
0
0
0
0
0
0
0
0
0
0
0
0
0
0
0
0
0
0
0
0
0
0
1
0
0
0
0
0
0
0
0
0
0
0
0
0
0
0
1
0
0
0
0
0
0
0
0
0
0
0
0
0
0
0
0
0
0
0
0
0
0
0
1
0
0
0
0
0
0
0
0
0
0
0
0
0
0
0
0
0
0
0
0
0
1
0
0
0
0
0
0
0
0
0
0
0
0
0
0
0
0
0
0
0
0
0
0
0
0
0
0
0
0
0
0
0
0
0
0
0
0
0
0
0
0
0
0
0
0
0
0
0
0
0
1
0
0
0
0
0
0
0
0
0
0
0
0
0
0
0
0
0
0
0
0
0
0
0
0
0
0
0
0
0
0
0
0
0
0
0
0
0
0
0
0
0
0
0
0
0
0
0
0
0
0
0
0
0
0
0
0
0
0
0
0
0
0
0
0
0
0
0
0
0
0
0
0
0
0
0
0
0
0
0
0
0
0
0
0
0
0
0
0
0
0
0
0
0
0
0
0
0
0
0
0
0
0
0
0
0
0
0
0
0
0
0
0
0
0
0
0
0
0
0
0
0
0
0
0
0
0
0
0
0
0
0
0
0
0
0
0
0
0
0
0
0
0
0
0
0
0
0
0
0
0
0
0
0
0
0
0
0
0
0
0
0
0
0
0
0
0
0
0
0
0
0
0
0
0
0
0
0
0
0
0
0
0
0
0
0
0
0
0
0
0
0
0
0
0
0
0
0
0
0
0
0
0
0
0
0
0
0
0
0
0
0
0
0
0
0
0
0
0
0
0
0
0
0
0
0
0
0
0
0
0
0
0
0
0
0
0
0
0
0
0
0
0
0
0
0
0
0
0
0
0
0
0
0
0
0
0
0
0
0
0
0
0
0
0
0
0
0
0
0
0
0
0
0
0
0
0
0
0
0
0
0
0
0
0
0
0
0
0
0
0
0
0
0
0
0
0
0
0
0
0
0
0
0
0
0
0
0
0
0
0
0
0
0
0
0
0
0
0
0
0
0
0
0
0
0
0
0
0
0
0
0
0
0
0
0
0
0
0
0
0
0
0
0
0
0
0
0
0
0
0
0
0
0
0
0
0
0
0
0
0
0
0
0
0
0
0
0
0
0
0
0
0
0
0
0
0
0
0
0
0
0
0
0
0
0
0
0
0
0
0
0
0
0
0
0
0
0
0
0
0
0
0
0
0
0
0
0
0
0
0
0
0
0
0
0
0
0
0
0
0
0
0
0
0
0
0
0
0
0
0
0
0
0
0
0
0
0
0
0
0
0
0
0
0
0
0
0
0
0
0
0
0
0
0
0
0
0
0
0
0
0
0
0
0
0
0
0
0
0
0
0
0
0
0
0
0
0
0
0
0
0
0
0
0
0
0
0
0
0
0
0
0
0
0
0
0
0
0
0
0
0
0
0
0
0
0
0
0
0
0
0
0
0
0
0
0
0
0
0
0
0
0
0
0
0
0
0
0
0
0
0
0
0
0
0
0
0
0
0
0
0
0
0
0
0
0
0
0
0
0
0
0
0
0
0
0
0
0
0
0
0
0
0
0
0
0
0
0
0
0
0
0
0
0
0
0
0
0
0
0
0
0
0
0
0
0
0
0
0
0
0
0
0
0
0
0
0
0
0
0
0
0
0
0
0
0
0
0
0
0
0
0
0
0
0
0
0
0
0
0
0
0
0
0
0
0
0
0
0
0
0
0
0
0
0
0
0
0
0
0
0
0
0
0
0
0
0
0
0
0
0
0
0
0
0
0
0
0
0
0
0
0
0
0
0
0
0
0
0
0
0
0
0
0
0
0
0
0
0
0
0
0
0
0
0
0
0
0
0
0
0
0
0
0
0
0
0
0
0
0
0
0
0
0
0
0
0
0
0
0
0
0
0
0
0
0
0
0
0
0
0
0
0
0
0
0
0
0
0
0
0
0
0
0
0
0
0
0
0
0
0
0
0
0
0
0
0
0
0
0
0
0
0
0
0
0
0
0
0
0
0
0
0
0
0
0
0
0
0
0
0
0
0
0
0
0
0
0
0
0
0
0
0
0
0
0
0
0
0
0
0
0
0
0
0
0
0
0
0
0
0
0
0
0
0
0
0
0
0
0
0
0
0
0
0
0
0
0
0
0
0
0
0
0
0
0
0
0
0
0
0
0
0
0
0
0
0
0
0
0
0
0
0
0
0
0
0
0
0
0
0
0
0
0
0
0
0
0
0
0
0
0
0
0
0
0
0
0
0
0
0
0
0
0
0
0
0
0
0
0
0
0
0
0
0
0
0
0
0
0
0
0
0
0
0
0
0
0
0
0
0
0
0
0
0
0
0
0
0
0
0
0
0
0
0
0
0
0
0
0
0
0
0
0
0
0
0
0
0
0
0
0
0
0
0
0
0
0
0
0
0
0
0
0
0
0
0
0
0
0
0
0
0
0
0
0
0
0
0
0
0
0
0
0
0
0
0
0
0
0
0
0
0
0
0
0
0
0
0
0
0
0
0
0
0
0
0
0
0
0
0
0
0
0
0
0
0
0
0
0
0
0
0
0
0
0
0
0
0
0
0
0
0
0
0
0
0
0
0
0
0
0
0
0
0
0
0
0
0
0
0
0
0
0
0
0
0
0
0
0
0
0
0
0
0
0
0
0
0
0
0
0
0
0
0
0
0
0
0
0
0
0
0
0
0
0
0
0
0
0
0
0
0
0
0
0
0
0
0
0
0
0
0
0
0
0
0
0
0
0
0
0
0
0
0
0
0
0
0
0
0
0
0
0
0
0
0
0
0
0
0
0
0
0
0
0
0
0
0
0
0
0
0
0
0
0
0
0
0
0
0
0
0
0
0
0
0
0
0
0
0
0
0
0
0
0
0
0
0
0
0
0
0
0
0
0
0
0
0
0
0
0
0
0
0
0
0
0
0
0
0
0
0
0
0
0
0
0
0
0
0
0
0
0
0
0
0
0
0
0
0
0
0
0
0
0
0
0
0
0
0
0
0
0
0
0
0
0
0
0
0
0
0
0
0
0
0
0
0
0
0
0
0
0
0
0
0
0
0
0
0
0
0
0
0
0
0
0
0
0
0
0
0
0
0
0
0
0
0
0
0
0
0
0
0
0
0
0
0
0
0
0
0
0
0
0
0
0
0
0
0
0
0
0
0
0
0
0
0
0
0
0
0
0
0
0
0
0
0
0
0
0
0
0
0
0
0
0
0
0
0
0
0
0
0
0
0
0
0
0
0
0
0
0
0
0
0
0
0
0
0
0
0
0
0
0
0
0
0
0
0
0
0
0
0
0
0
0
0
0
0
0
0
0
0
0
0
0
0
0
0
0
0
0
0
0
0
0
0
0
0
0
0
0
0
0
0
0
0
0
0
0
0
0
0
0
0
0
0
0
0
0
0
0
0
0
0
0
0
0
0
0
0
0
0
0
0
0
0
0
0
0
0
0
0
0
0
0
0
0
0
0
0
0
0
0
0
0
0
0
0
0
0
0
0
0
0
0
0
0
0
0
0
0
0
0
0
0
0
0
0
0
0
0
0
0
0
0
0
0
0
0
0
0
0
0
0
0
0
0
0
0
0
0
0
0
0
0
0
0
0
0
0
0
0
0
0
0
0
0
0
0
0
0
0
0
0
0
0
0
0
0
0
0
0
0
0
0
0
0
0
0
0
0
0
0
0
0
0
0
0
0
0
0
0
0
0
0
0
0
0
0
0
0
0
0
0
0
0
0
0
0
0
0
0
0
0
0
0
0
0
0
0
0
0
0
0
0
0
0
0
0
0
0
0
0
0
0
0
0
0
0
0
0
0
0
0
0
0
0
0
0
0
0
0
0
0
0
0
0
0
0
0
0
0
0
0
0
0
0
0
0
0
0
0
0
0
0
0
0
0
0
0
0
0
0
0
0
0
0
0
0
0
0
0
0
0
0
0
0
0
0
0
0
0
0
0
0
0
0
0
0
0
0
0
0
0
0
0
0
0
0
0
0
0
0
0
0
0
0
0
0
0
0
0
0
0
0
0
0
0
0
0
0
0
0
0
0
0
0
0
0
0
0
0
0
0
0
0
0
0
0
0
0
0
0
0
0
0
0
0
0
0
0
0
0
0
0
0
0
0
0
0
0
0
0
0
0
0
0
0
0
0
0
0
0
0
0
0
0
0
0
0
0
0
0
0
0
0
0
0
0
0
0
0
0
0
0
0
0
0
0
0
0
0
0
0
0
0
0
0
0
0
0
0
0
0
0
0
0
0
0
0
0
0
0
0
0
0
0
0
0
0
0
0
0
0
0
0
0
0
0
0
0
0
0
0
0
0
0
0
0
0
0
0
0
0
0
0
0
0
0
0
0
0
0
0
0
0
0
0
0
0
0
0
0
0
0
0
0
0
0
0
0
0
0
0
0
0
0
0
0
0
0
0
0
0
0
0
0
0
0
0
0
0
0
0
0
0
0
0
0
0
0
0
0
0
0
0
0
0
0
0
0
0
0
0
0
0
0
0
0
0
0
0
0
0
0
0
0
0
0
0
0
0
0
0
0
0
0
0
0
0
0
0
0
0
0
0
0
0
0
0
0
0
0
0
0
0
0
0
0
0
0
0
0
0
0
0
0
0
0
0
0
0
0
0
0
0
0
0
0
0
0
0
0
0
0
0
0
0
0
0
0
0
0
0
0
0
0
0
0
0
0
0
0
0
0
0
0
0
0
0
0
0
0
0
0
0
0
0
0
0
0
0
0
0
0
0
0
0
0
0
0
0
0
0
0
0
0
0
0
0
0
0
0
0
0
0
0
0
0
0
0
0
0
0
0
0
0
0
0
0
0
0
0
0
0
0
0
0
0
0
0
0
0
0
0
0
0
0
0
0
0
0
0
0
0
0
0
0
0
0
0
0
0
0
0
0
0
0
0
0
0
0
0
0
0
0
0
0
0
0
0
0
0
0
0
0
0
0
0
0
0
0
0
0
0
0
0
0
0
0
0
0
0
0
0
0
0
0
0
0
0
0
0
0
0
0
0
0
0
0
0
0
0
0
0
0
0
0
0
0
0
0
0
0
0
0
0
0
0
0
0
0
0
0
0
0
0
0
0
0
0
0
0
0
0
0
0
0
0
0
0
0
0
0
0
0
0
0
0
0
0
0
0
0
0
0
0
0
0
0
0
0
0
0
0
0
0
0
0
0
0
0
0
0
0
0
0
0
0
0
0
0
0
0
0
0
0
0
0
0
0
0
0
0
0
0
0
0
0
0
0
0
0
0
0
0
0
0
0
0
0
0
0
0
0
0
0
0
0
0
0
0
0
0
0
0
0
0
0
0
0
0
0
0
0
0
0
0
0
0
0
0
0
0
0
0
0
0
0
0
0
0
0
0
0
0
0
0
0
0
0
0
0
0
0
0
0
0
0
0
0
0
0
0
0
0
0
0
0
0
0
0
0
0
0
0
0
0
0
0
0
0
0
0
0
0
0
0
0
0
0
0
0
0
0
0
0
0
0
0
0
0
0
0
0
0
0
0
0
0
0
0
0
0
0
0
0
0
0
0
0
0
0
0
0
0
0
0
0
0
0
0
0
0
0
0
0
0
0
0
0
0
0
0
0
0
0
0
0
0
0
0
0
0
0
0
0
0
0
0
0
0
0
0
0
0
0
0
0
0
0
0
0
0
0
0
0
0
0
0
0
0
0
0
0
0
0
0
0
0
0
0
0
0
0
0
0
0
0
0
0
0
0
0
0
0
0
0
0
0
0
0
0
0
0
0
0
0
0
0
0
0
0
0
0
0
0
0
0
0
0
0
0
0
0
0
0
0
0
0
0
0
0
0
0
0
0
0
0
0
0
0
0
0
0
0
0
0
0
0
0
0
0
0
0
0
0
0
0
0
0
0
0
0
0
0
0
0
0
0
0
0
0
0
0
0
0
0
0
0
0
0
0
0
0
0
0
0
0
0
0
0
0
0
0
0
0
0
0
0
0
0
0
0
0
0
0
0
0
0
0
0
0
0
0
0
0
0
0
0
0
0
0
0
0
0
0
0
0
0
0
0
0
0
0
0
0
0
0
0
0
0
0
0
0
0
0
0
0
0
0
0
0
0
0
0
0
0
0
0
0
0
0
0
0
0
0
0
0
0
0
0
0
0
0
0
0
0
0
0
0
0
0
0
0
0
0
0
0
0
0
0
0
0
0
0
0
0
0
0
0
0
0
0
0
0
0
0
0
0
0
0
0
0
0
0
0
0
0
0
0
0
0
0
0
0
0
0
0
0
0
0
0
0
0
0
0
0
0
0
0
0
0
0
0
0
0
0
0
0
0
0
0
0
0
0
0
0
0
0
0
0
0
0
0
0
0
0
0
0
0
0
0
0
0
0
0
0
0
0
0
0
0
0
0
0
0
0
0
0
0
0
0
0
0
0
0
0
0
0
0
0
0
0
0
0
0
0
0
0
0
0
0
0
0
0
0
0
0
0
0
0
0
0
0
0
0
0
0
0
0
0
0
0
0
0
0
0
0
0
0
0
0
0
0
0
0
0
0
0
0
0
0
0
0
0
0
0
0
