0
0
0
0
0
1
0
0
0
1
0
0
0
0
0
0
0
0
0
0
0
0
0
0
0
1
0
0
2
0
0
0
0
0
0
1
0
1
0
0
0
0
0
1
0
0
1
0
0
0
1
0
0
2
0
1
0
0
0
1
0
0
0
1
1
0
0
2
0
0
1
1
1
1
0
0
1
0
1
0
1
1
1
1
1
0
0
0
0
0
1
1
0
0
1
1
0
0
0
0
0
1
0
1
1
1
0
1
0
0
1
1
0
1
1
3
2
2
1
2
1
0
1
0
2
0
1
1
0
1
0
4
0
1
2
0
0
1
1
0
2
1
2
1
4
0
0
3
0
1
1
0
0
3
3
0
4
2
0
1
4
1
2
3
1
1
0
1
2
3
3
1
4
1
4
2
0
3
3
5
2
2
2
4
4
1
1
4
4
4
2
1
2
3
2
1
1
1
2
4
2
4
3
5
1
2
6
4
1
1
2
4
1
3
7
2
8
6
5
3
7
3
4
2
4
0
8
6
4
3
3
5
4
4
5
2
2
2
2
3
4
10
5
6
1
3
5
8
6
5
3
5
5
6
3
4
5
6
7
4
2
9
5
5
1
8
7
8
7
3
12
10
11
9
7
6
12
6
8
8
6
4
11
4
7
12
8
9
8
5
8
7
4
15
13
6
7
8
7
8
8
13
14
14
13
10
8
7
10
6
10
11
8
8
14
14
19
19
17
17
18
11
13
10
11
15
19
12
12
10
11
10
12
10
14
17
9
16
12
21
16
19
15
15
18
19
13
14
20
21
22
16
19
17
19
16
20
13
24
22
21
18
20
22
17
23
21
24
28
19
15
17
29
18
26
17
22
19
21
12
24
21
27
20
17
32
29
23
20
20
27
22
28
24
32
23
24
30
30
31
26
10
40
37
25
20
28
30
28
35
45
19
37
28
29
35
34
27
32
45
31
40
37
34
38
45
23
36
32
32
47
35
43
33
38
44
36
29
30
41
35
50
42
43
47
35
57
44
47
50
42
41
50
42
49
46
36
37
45
47
54
64
51
39
47
44
46
47
65
62
55
56
41
57
49
69
46
53
54
56
54
55
51
52
63
58
53
56
64
54
59
50
48
68
70
62
57
74
67
76
74
58
59
64
58
64
58
80
66
69
81
77
70
70
75
73
70
72
84
64
76
78
77
85
71
75
71
91
82
69
80
88
86
91
85
78
81
99
74
67
101
86
84
93
84
105
96
93
101
104
116
92
94
114
100
92
100
119
89
97
101
105
100
108
116
120
103
102
128
86
100
119
114
108
104
117
118
102
119
96
133
138
111
119
127
93
109
97
99
130
144
133
120
156
138
134
141
128
135
126
156
149
138
120
135
137
133
143
146
171
137
153
177
142
150
138
153
150
130
160
149
143
162
155
171
148
142
171
169
165
179
145
169
185
147
179
168
149
160
192
171
178
180
198
172
168
184
183
173
189
176
193
175
162
199
204
190
185
202
193
191
199
181
198
194
207
207
167
239
214
212
194
229
214
239
200
238
200
209
217
213
187
230
211
224
251
215
221
241
245
235
232
205
240
248
259
244
249
239
242
243
215
253
258
246
251
214
265
246
251
290
247
276
238
230
305
284
251
284
295
309
283
273
273
290
292
245
265
277
271
297
280
298
277
308
293
310
309
301
315
316
307
316
283
303
303
283
305
324
334
312
352
372
346
359
330
359
323
320
358
342
338
353
387
375
329
343
364
365
353
362
355
361
369
358
371
394
354
378
416
376
357
421
420
358
429
389
408
364
372
383
408
407
384
422
338
401
392
417
408
443
412
398
458
418
416
419
430
420
406
410
434
447
401
449
458
428
419
397
451
464
454
436
452
464
447
463
486
459
450
470
460
493
471
496
506
502
481
480
461
485
494
438
512
529
501
466
538
539
474
515
571
514
511
537
520
519
520
550
557
558
542
532
586
497
545
554
531
562
553
532
611
546
542
534
502
536
522
597
595
562
589
568
600
572
567
575
552
597
595
601
637
597
592
589
617
585
580
595
667
614
597
610
605
646
623
640
615
647
666
665
635
685
677
640
692
671
674
621
671
650
668
674
537
721
659
734
662
685
663
658
723
691
678
638
764
696
675
701
719
734
703
719
721
706
718
708
727
753
720
695
801
732
771
711
788
706
769
761
752
786
751
734
817
756
777
768
734
790
797
722
753
828
778
771
830
800
808
707
775
782
807
831
838
814
838
809
852
854
817
844
842
879
834
858
865
855
799
801
828
851
890
801
812
833
913
897
903
885
854
874
935
884
904
822
894
847
901
909
945
922
907
870
975
881
886
921
875
913
936
885
915
920
891
889
941
961
949
995
909
963
943
953
956
935
886
968
917
962
952
921
773
1005
995
954
1000
993
965
961
1007
1039
984
964
991
994
947
926
963
979
970
1015
1012
1048
991
992
1015
1082
1000
1025
1053
1047
996
1010
1053
1049
1063
1050
1091
1045
1029
1037
1070
1060
1044
1084
1045
1086
1073
1020
1073
1073
1065
1069
1143
1148
1053
1102
1085
1073
1086
1125
1125
1088
1060
1097
1125
1133
1100
1115
1130
1136
1135
1052
1128
1079
1099
1081
1140
1098
1114
1011
1031
1127
1181
1111
1099
1117
1200
1154
1199
1092
1112
1137
1159
1162
1146
1139
1082
1172
1168
1177
1138
1189
1188
1147
1102
1156
1206
1146
1184
1140
1200
1176
1159
1184
1139
1231
1206
1216
1156
1170
1167
1137
1157
1192
1224
1170
1252
1169
994
1214
1219
1183
1280
1214
1138
1163
1238
1173
1168
1209
1196
1220
1185
1175
1189
1154
1183
1244
1295
1261
1195
1226
1209
1268
1174
1264
1256
1232
1189
1264
1246
1240
1279
1190
1289
1255
1268
1162
1268
1177
1188
1250
1251
1284
1234
1170
1280
1237
1265
1280
1329
1334
1314
1242
1335
1260
1251
1272
1251
1323
1266
1236
1271
1335
1282
1316
1325
1259
1275
1189
1257
1282
1264
1247
1269
1266
1283
1196
1170
1269
1270
1280
1325
1262
1293
1315
1282
1329
1344
1274
1287
1344
1303
1221
1281
1324
1277
1283
1331
1312
1275
1256
1282
1312
1227
1343
1264
1278
1312
1197
1295
1290
1286
1326
1327
1337
1342
1303
1364
1279
1276
1280
1310
1301
1241
1175
1158
1327
1340
1306
1286
1332
1290
1222
1315
1292
1300
1308
1276
1296
1233
1215
1240
1336
1293
1318
1380
1312
1258
1295
1221
1297
1284
1277
1303
1326
1278
1259
1298
1283
1290
1354
1350
1173
1274
1254
1335
1329
1268
1221
1304
1337
1258
1171
1349
1256
1244
1302
1343
1314
1290
1280
1211
1297
1313
1303
1349
1285
1317
1248
1283
1273
1259
1317
1294
1291
1321
1168
1350
1255
1271
1230
1261
1186
1254
1183
1143
1253
1267
1269
1332
1273
1329
1223
1276
1351
1218
1260
1279
1264
1246
1286
1241
1242
1243
1315
1243
1247
1225
1150
1238
1257
1199
1269
1338
1201
1259
1156
1311
1264
1237
1301
1302
1265
1220
1259
1265
1197
1211
1228
1267
1184
1225
1215
1026
1192
1192
1248
1287
1257
1231
1247
1188
1150
1268
1295
1209
1136
1191
1219
1101
1241
1207
1221
1188
1214
1172
1220
1189
1243
1153
1105
1216
1218
1190
1214
1243
1245
1202
1201
1231
1173
1199
1165
1188
1185
1189
1166
1238
1177
1176
1055
1179
1093
1224
1202
1145
1189
1216
1104
1191
1120
1153
1134
1191
1119
1094
1148
1118
1114
1121
1147
1168
1135
1156
1125
1099
1134
1080
1036
1169
1139
1122
1045
936
1202
1105
1089
1102
1113
1139
1049
1120
1038
1051
1146
1120
1069
1052
1112
1119
1176
1072
1076
1054
1075
1064
1032
1073
1098
1127
1008
1087
1040
1022
1059
1075
1084
1059
1097
1116
1080
1028
1014
1059
1003
1018
979
1114
1029
1052
1049
881
1023
1062
1002
1053
1038
970
1042
983
994
971
1013
1047
1022
983
953
932
1035
1008
981
994
967
982
955
1006
1044
1013
1006
1008
940
998
948
938
981
921
960
1026
963
968
995
958
1012
903
880
920
932
911
860
966
930
942
949
933
900
954
895
933
910
931
932
905
913
917
856
865
840
819
898
915
900
889
947
895
918
802
881
860
872
828
798
741
893
842
895
857
830
859
822
909
866
834
846
846
838
853
813
848
830
875
834
829
846
814
818
848
830
838
777
857
804
835
761
768
783
754
741
759
789
834
744
806
772
763
786
780
782
761
781
704
750
757
738
816
754
760
724
765
755
693
731
752
725
791
750
732
673
721
729
736
718
744
679
692
727
711
706
736
706
711
717
740
758
720
718
711
702
677
692
706
651
717
632
718
648
666
662
650
657
633
649
660
659
672
657
662
585
627
613
686
647
599
645
673
646
623
628
685
625
593
593
620
672
606
614
632
584
615
514
532
583
594
628
573
605
588
576
599
625
580
575
610
577
587
508
568
525
569
526
586
546
530
524
603
579
565
568
562
581
524
491
503
511
528
555
543
552
537
502
531
548
498
496
529
537
532
516
430
501
506
527
485
512
485
485
469
513
470
478
470
455
458
470
411
485
472
479
469
449
490
452
475
490
456
425
479
437
424
430
454
415
458
423
461
463
458
437
484
461
431
401
452
462
420
410
444
463
442
431
416
407
417
398
389
376
438
417
412
407
398
375
438
387
384
372
397
416
384
390
396
378
396
390
365
421
385
328
350
404
405
385
338
388
366
349
356
372
349
331
383
351
339
386
355
329
323
333
345
340
306
305
311
342
341
349
341
346
331
342
340
314
342
333
324
297
309
323
286
290
311
354
306
343
268
312
239
310
312
316
324
294
313
283
316
286
284
289
298
266
309
273
269
298
250
291
280
308
261
265
283
246
259
275
292
268
274
287
221
248
246
255
263
288
260
257
241
258
258
268
212
259
264
227
255
276
252
236
242
245
224
239
249
254
235
210
234
236
204
254
215
246
210
230
238
219
212
216
230
247
194
213
223
217
212
183
211
206
205
210
195
213
197
199
223
195
198
186
187
206
220
169
195
197
203
194
193
196
190
164
175
184
183
184
190
149
185
163
159
187
192
170
180
178
178
183
178
172
156
163
186
184
177
164
122
147
173
165
161
165
148
178
146
168
176
136
157
166
136
135
144
168
160
161
141
158
138
146
147
138
160
161
142
151
169
142
160
153
133
131
145
134
127
125
147
146
150
111
154
107
141
99
118
128
111
117
109
110
120
110
104
121
136
122
103
114
119
110
110
107
107
105
94
115
132
95
99
129
129
88
102
100
111
79
74
101
84
84
98
111
105
98
100
96
98
112
122
76
110
112
87
96
93
76
95
82
96
97
96
72
79
90
98
82
95
84
91
95
79
89
83
95
100
99
86
79
95
80
81
83
87
69
64
69
69
71
96
84
80
72
69
92
68
68
82
81
73
74
66
62
63
69
78
55
63
62
80
53
62
71
78
67
49
68
67
59
61
73
66
68
62
51
72
62
65
56
60
51
56
66
61
75
54
70
70
65
49
70
47
58
61
56
74
57
58
48
48
51
63
47
41
47
54
47
44
44
48
65
51
59
45
44
40
54
49
48
45
27
38
52
47
43
51
41
45
42
54
41
46
43
41
45
38
46
44
43
36
40
41
45
45
46
41
39
45
46
50
38
39
30
41
37
37
38
33
42
39
32
33
39
15
41
37
31
31
28
37
34
38
33
36
30
33
26
24
35
37
36
29
32
21
37
36
29
27
32
27
20
24
25
31
30
30
23
19
28
25
23
29
30
23
31
36
25
34
21
27
20
25
22
17
33
29
14
14
19
19
21
24
24
24
30
26
21
19
24
26
26
23
26
19
27
17
18
25
14
18
19
25
18
21
18
21
15
15
23
20
21
19
28
24
13
25
19
26
15
22
18
14
21
19
18
20
18
16
15
15
11
13
12
10
22
18
18
18
15
17
18
5
15
12
15
13
8
15
16
11
14
6
16
14
12
10
7
11
20
14
8
8
10
13
16
12
18
18
9
16
14
14
10
12
12
19
11
17
15
12
11
10
10
15
8
9
9
14
15
13
7
11
3
8
6
8
14
10
8
7
7
11
9
4
7
9
6
14
9
11
11
7
13
17
10
9
11
12
13
6
11
3
5
7
10
6
5
4
7
11
9
3
9
10
5
4
11
9
14
5
10
10
5
4
3
11
7
8
4
13
9
6
5
9
9
7
7
5
3
5
7
9
7
7
3
3
7
9
5
8
4
8
4
0
3
5
7
11
9
3
7
5
6
5
6
4
4
6
4
5
1
2
2
6
11
2
3
2
3
8
8
3
9
4
6
3
5
4
2
7
1
3
1
4
5
4
3
1
6
3
1
6
5
3
4
1
3
4
3
0
3
5
4
8
2
2
4
3
5
4
7
2
2
3
6
1
2
2
4
7
2
3
3
4
4
1
1
4
2
3
3
4
1
3
4
1
2
4
2
2
5
0
4
7
3
5
1
2
2
2
1
3
0
0
2
1
2
0
0
1
2
1
1
3
5
1
1
2
1
4
2
3
2
2
5
1
3
0
5
3
1
5
0
1
1
0
5
2
3
2
3
0
2
3
0
1
0
2
0
0
3
1
1
1
0
0
3
1
0
1
1
5
0
3
1
1
1
1
2
1
1
4
1
0
2
1
1
1
1
2
2
1
1
2
1
1
1
0
3
0
0
2
1
3
0
3
2
2
2
3
0
3
2
2
0
0
0
0
1
0
2
1
1
1
1
2
1
2
0
1
1
3
0
0
2
0
0
2
0
0
0
1
0
0
0
2
2
0
0
1
0
0
2
0
0
2
2
1
0
1
0
0
0
1
2
0
1
0
0
0
1
0
0
0
0
2
0
1
0
0
0
2
0
0
0
0
0
2
0
0
1
1
0
0
0
1
0
0
3
0
3
1
1
1
1
0
1
1
3
0
0
0
1
0
0
1
0
0
0
1
0
1
2
0
0
0
2
0
0
0
0
1
0
0
0
1
0
0
0
0
0
1
0
0
0
0
0
0
0
0
0
0
0
0
0
0
1
0
0
1
0
1
0
1
0
0
0
0
1
0
1
0
1
1
0
0
1
0
0
0
0
0
1
0
0
0
1
1
0
0
0
0
0
0
0
0
0
0
0
0
0
0
1
0
0
0
0
0
1
0
0
0
0
0
0
0
0
0
0
0
1
0
1
0
0
1
0
0
0
0
0
0
0
0
0
1
0
0
1
0
0
0
0
0
0
0
0
0
0
0
0
0
0
0
0
0
0
1
0
0
0
0
0
0
0
0
0
0
0
0
0
0
0
0
0
0
0
0
0
0
0
0
0
0
0
1
0
1
0
0
0
0
0
0
1
0
0
0
0
0
0
0
0
0
0
0
0
0
0
0
0
0
0
0
0
0
1
0
0
0
0
0
0
0
0
0
0
0
0
1
0
0
0
0
0
0
0
0
0
0
0
0
0
0
0
0
0
0
0
0
0
0
0
0
0
0
0
0
0
0
0
0
0
0
0
0
0
0
0
0
0
0
0
0
0
0
0
0
0
0
0
0
0
0
0
0
0
0
0
0
0
0
0
0
0
0
0
0
0
0
0
0
0
0
0
0
0
0
0
0
0
0
0
0
0
0
0
0
0
0
0
0
0
0
0
0
0
0
0
0
0
0
0
0
0
0
0
0
0
0
0
0
0
0
0
0
0
0
0
0
0
0
0
0
0
0
0
0
0
0
0
0
0
0
0
0
0
0
0
0
0
0
0
0
0
0
0
0
0
0
0
0
0
0
0
0
0
0
0
0
0
0
0
0
0
0
0
0
0
0
0
0
0
0
0
0
0
0
0
0
1
0
0
0
0
0
0
0
0
0
0
0
0
0
0
0
0
0
0
0
0
0
0
0
0
0
0
0
0
0
0
0
0
0
0
1
0
0
0
0
0
0
0
0
0
0
0
0
0
0
0
0
0
0
0
0
0
0
0
0
0
0
0
0
0
0
0
0
0
0
0
0
0
0
0
0
0
0
0
0
0
0
0
0
0
0
0
0
0
0
0
0
0
0
0
0
0
0
0
0
0
0
0
0
0
0
0
0
0
0
0
0
0
0
0
0
0
0
0
0
0
0
0
0
0
0
0
0
0
0
0
0
0
0
0
0
0
0
0
0
0
0
0
0
0
0
0
0
0
0
0
0
0
0
0
0
0
0
0
0
0
0
0
0
0
0
0
0
0
0
0
0
0
0
0
0
0
0
0
0
0
0
0
0
0
0
0
0
0
0
0
0
0
0
0
0
0
0
0
0
0
0
0
0
0
0
0
0
0
0
0
0
0
0
0
0
0
0
0
0
0
0
0
0
0
0
0
0
0
0
0
0
0
0
0
0
0
0
0
0
0
0
0
0
0
0
0
0
0
0
0
0
0
0
0
0
0
0
0
0
0
0
0
0
0
0
0
0
0
0
0
0
0
0
0
0
0
0
0
0
0
0
0
0
0
0
0
0
0
0
0
0
0
0
0
0
0
0
0
0
0
0
0
0
0
0
0
0
0
0
0
0
0
0
0
0
0
0
0
0
0
0
0
0
0
0
0
0
0
0
0
0
0
0
0
0
0
0
0
0
0
0
0
0
0
0
0
0
0
0
0
0
0
0
0
0
0
0
0
0
0
0
0
0
0
0
0
0
0
0
0
0
0
0
0
0
0
0
0
0
0
0
0
0
0
0
0
0
0
0
0
0
0
0
0
0
0
0
0
0
0
0
0
0
0
0
0
0
0
0
0
0
0
0
0
0
0
0
0
0
0
0
0
0
0
0
0
0
0
0
0
0
0
0
0
0
0
0
0
0
0
0
0
0
0
0
0
0
0
0
0
0
0
0
0
0
0
0
0
0
0
0
0
0
0
0
0
0
0
0
0
0
0
0
0
0
0
0
0
0
0
0
0
0
0
0
0
0
0
0
0
0
0
0
0
0
0
0
0
0
0
0
0
0
0
0
0
0
0
0
0
0
0
0
0
0
0
0
0
0
0
0
0
0
0
0
0
0
0
0
0
0
0
0
0
0
0
0
0
0
0
0
0
0
0
0
0
0
0
0
0
0
0
0
0
0
0
0
0
0
0
0
0
0
0
0
0
0
0
0
0
0
0
0
0
0
0
0
0
0
0
0
0
0
0
0
0
0
0
0
0
0
0
0
0
0
0
0
0
0
0
0
0
0
0
0
0
0
0
0
0
0
0
0
0
0
0
0
0
0
0
0
0
0
0
0
0
0
0
0
0
0
0
0
0
0
0
0
0
0
0
0
0
0
0
0
0
0
0
0
0
0
0
0
0
0
0
0
0
0
0
0
0
0
0
0
0
0
0
0
0
0
0
0
0
0
0
0
0
0
0
0
0
0
0
0
0
0
0
0
0
0
0
0
0
0
0
0
0
0
0
0
0
0
0
0
0
0
0
0
0
0
0
0
0
0
0
0
0
0
0
0
0
0
0
0
0
0
0
0
0
0
0
0
0
0
0
0
0
0
0
0
0
0
0
0
0
0
0
0
0
0
0
0
0
0
0
0
0
0
0
0
0
0
0
0
0
0
0
0
0
0
0
0
0
0
0
0
0
0
0
0
0
0
0
0
0
0
0
0
0
0
0
0
0
0
0
0
0
0
0
0
0
0
0
0
0
0
0
0
0
0
0
0
0
0
0
0
0
0
0
0
0
0
0
0
0
0
0
0
0
0
0
0
0
0
0
0
0
0
0
0
0
0
0
0
0
0
0
0
0
0
0
0
0
0
0
0
0
0
0
0
0
0
0
0
0
0
0
0
0
0
0
0
0
0
0
0
0
0
0
0
0
0
0
0
0
0
0
0
0
0
0
0
0
0
0
0
0
0
0
0
0
0
0
0
0
0
0
0
0
0
0
0
0
0
0
0
0
0
0
0
0
0
0
0
0
0
0
0
0
0
0
0
0
0
0
0
0
0
0
0
0
0
0
0
0
0
0
0
0
0
0
0
0
0
0
0
0
0
0
0
0
0
0
0
0
0
0
0
0
0
0
0
0
0
0
0
0
0
0
0
0
0
0
0
0
0
0
0
0
0
0
0
0
0
0
0
0
0
0
0
0
0
0
0
0
0
0
0
0
0
0
0
0
0
0
0
0
0
0
0
0
0
0
0
0
0
0
0
0
0
0
0
0
0
0
0
0
0
0
0
0
0
0
0
0
0
0
0
0
0
0
0
0
0
0
0
0
0
0
0
0
0
0
0
0
0
0
0
0
0
0
0
0
0
0
0
0
0
0
0
0
0
0
0
0
0
0
0
0
0
0
0
0
0
0
0
0
0
0
0
0
0
0
0
0
0
0
0
0
0
0
0
0
0
0
0
0
0
0
0
0
0
0
0
0
0
0
0
0
0
0
0
0
0
0
0
0
0
0
0
0
0
0
0
0
0
0
0
0
0
0
0
0
0
0
0
0
0
0
0
0
0
0
0
0
0
0
0
0
0
0
0
0
0
0
0
0
0
0
0
0
0
0
0
0
0
0
0
0
0
0
0
0
0
0
0
0
0
0
0
0
0
0
0
0
0
0
0
0
0
0
0
0
0
0
0
0
0
0
0
0
0
0
0
0
0
0
0
0
0
0
0
0
0
0
0
0
0
0
0
0
0
0
0
0
0
0
0
0
0
0
0
0
0
0
0
0
0
0
0
0
0
0
0
0
0
0
0
0
0
0
0
0
0
0
0
0
0
0
0
0
0
0
0
0
0
0
0
0
0
0
0
0
0
0
0
0
0
0
0
0
0
0
0
0
0
0
0
0
0
0
0
0
0
0
0
0
0
0
0
0
0
0
0
0
0
0
0
0
0
0
0
0
0
0
0
0
0
0
0
0
0
0
0
0
0
0
0
0
0
0
0
0
0
0
0
0
0
0
0
0
0
0
0
0
0
0
0
0
0
0
0
0
0
0
0
0
0
0
0
0
0
0
0
0
0
0
0
0
0
0
0
0
0
0
0
0
0
0
0
0
0
0
0
0
0
0
0
0
0
0
0
0
0
0
0
0
0
0
0
0
0
0
0
0
0
0
0
0
0
0
0
0
0
0
0
0
0
0
0
0
0
0
0
0
0
0
0
0
0
0
0
0
0
0
0
0
0
0
0
0
0
0
0
0
0
0
0
0
0
0
0
0
0
0
0
0
0
0
0
0
0
0
0
0
0
0
0
0
0
0
0
0
0
0
0
0
0
0
0
0
0
0
0
0
0
0
0
0
0
0
0
0
0
0
0
0
0
0
0
0
0
0
0
0
0
0
0
0
0
0
0
0
0
0
0
0
0
0
0
0
0
0
0
0
0
0
0
0
0
0
0
0
0
0
0
0
0
0
0
0
0
0
0
0
0
0
0
0
0
0
0
0
0
0
0
0
0
0
0
0
0
0
0
0
0
0
0
0
0
0
0
0
0
0
0
0
0
0
0
0
0
0
0
0
0
0
0
0
0
0
0
0
0
0
0
0
0
0
0
0
0
0
0
0
0
0
0
0
0
0
0
0
0
0
0
0
0
0
0
0
0
0
0
0
0
0
0
0
0
0
0
0
0
0
0
0
0
0
0
0
0
0
0
0
0
0
0
0
0
0
0
0
0
0
0
0
0
0
0
0
0
0
0
0
0
0
0
0
0
0
0
0
0
0
0
0
0
0
0
0
0
0
0
0
0
0
0
0
0
0
0
0
0
0
0
0
0
0
0
0
0
0
0
0
0
0
0
0
0
0
0
0
0
0
0
0
0
0
0
0
0
0
0
0
0
0
0
0
0
0
0
0
0
0
0
0
0
0
0
0
0
0
0
0
0
0
0
0
0
0
0
0
0
0
0
0
0
0
0
0
0
0
0
0
0
0
0
0
0
0
0
0
0
0
0
0
0
0
0
0
0
0
0
0
0
0
0
0
0
0
0
0
0
0
0
0
0
0
0
0
0
0
0
0
0
0
0
0
0
0
0
0
0
0
0
0
0
0
0
0
0
0
0
0
0
0
0
0
0
0
0
0
0
0
0
0
0
0
0
0
0
0
0
0
0
0
0
0
0
0
0
0
0
0
0
0
0
0
0
0
0
0
0
0
0
0
0
0
0
0
0
0
0
0
0
0
0
0
0
0
0
0
0
0
0
0
0
0
0
0
0
0
0
0
0
0
0
0
0
0
0
0
0
0
0
0
0
0
0
0
0
0
0
0
0
0
0
0
0
0
0
0
0
0
0
0
0
0
0
0
0
0
0
0
0
0
0
0
0
0
0
0
0
0
0
0
0
0
0
0
0
0
0
0
0
0
0
0
0
0
0
0
0
0
0
0
0
0
0
0
0
0
0
0
0
0
0
0
0
0
0
0
0
0
0
0
0
0
0
0
0
0
0
0
0
0
0
0
0
0
0
0
0
0
0
0
0
0
0
0
0
0
0
0
0
0
0
0
0
0
0
0
0
0
0
0
0
0
0
0
0
0
0
0
0
0
0
0
0
0
0
0
0
0
0
0
0
0
0
0
0
0
0
0
0
0
0
0
0
0
0
0
0
0
0
0
0
0
0
0
0
0
0
0
0
0
0
0
0
0
0
0
0
0
0
0
0
0
0
0
0
0
0
0
0
0
0
0
0
0
0
0
0
0
0
0
0
0
0
0
0
0
0
0
0
0
0
0
0
0
0
0
0
0
0
0
0
0
0
0
0
0
0
0
0
0
0
0
0
0
0
0
0
0
0
0
0
0
0
0
0
0
0
0
0
0
0
0
0
0
0
0
0
0
0
0
0
0
0
0
0
0
0
0
0
0
0
0
0
0
0
0
0
0
0
0
0
0
0
0
0
0
0
0
0
0
0
0
0
0
0
0
0
0
0
0
0
0
0
0
0
0
0
0
0
0
0
0
0
0
0
0
0
0
0
0
0
0
0
0
0
0
0
0
0
0
0
0
0
0
0
0
0
0
0
0
0
0
0
0
0
0
0
0
0
0
0
0
0
0
0
0
0
0
0
0
0
0
0
0
0
0
0
0
0
0
0
0
0
0
0
0
0
0
0
0
0
0
0
0
0
0
0
0
0
0
0
0
0
0
0
0
0
0
0
0
0
0
0
0
0
0
0
0
0
0
0
0
0
0
0
0
0
0
0
0
0
0
0
0
0
0
0
0
0
0
0
0
0
0
0
0
0
0
0
0
0
0
0
0
0
0
0
0
0
0
0
0
0
0
0
0
0
0
0
0
0
0
0
0
0
0
0
0
0
0
0
0
0
0
0
0
0
0
0
0
0
0
0
0
0
0
0
0
0
0
0
0
0
0
0
0
0
0
0
0
0
0
0
0
0
0
0
0
0
0
0
0
0
0
0
0
0
0
0
0
0
0
0
0
0
0
0
0
0
0
0
0
0
0
0
0
0
0
0
0
0
0
0
0
0
0
0
0
0
0
0
0
0
0
0
0
0
0
0
0
0
0
0
0
0
0
0
0
0
0
0
0
0
0
0
0
0
0
0
0
0
0
0
0
0
0
0
0
0
0
0
0
0
0
0
0
0
0
0
0
0
0
0
0
0
0
0
0
0
0
0
0
0
0
0
0
0
0
0
0
0
0
0
0
0
0
0
0
0
0
0
0
0
0
0
0
0
0
0
0
0
0
0
0
0
0
0
0
0
0
0
0
0
0
0
0
0
0
0
0
0
0
0
0
0
0
0
0
0
0
0
0
0
0
0
0
0
0
0
0
0
0
0
0
0
0
0
0
0
0
0
0
0
0
0
0
0
0
0
0
0
0
0
0
0
0
0
0
0
0
0
0
0
0
0
0
0
0
0
0
0
0
0
0
0
0
0
0
0
0
0
0
0
0
0
0
0
0
0
0
0
0
0
0
0
0
0
0
0
0
0
0
0
0
0
0
0
0
0
0
0
0
0
0
0
0
0
0
0
0
0
0
0
0
0
0
0
0
0
0
0
0
0
0
0
0
0
0
0
0
0
0
0
0
0
0
0
0
0
0
0
0
0
0
0
0
0
0
0
0
0
0
0
0
0
0
0
0
0
0
0
0
0
0
0
0
0
0
0
0
0
0
0
0
0
0
0
0
0
0
0
0
0
0
0
0
0
0
0
0
0
0
0
0
0
0
0
0
0
0
0
0
0
0
0
0
0
0
0
0
0
0
0
0
0
0
0
0
0
0
0
0
0
0
0
0
0
0
0
0
0
0
0
0
0
0
0
0
0
0
0
0
0
0
0
0
0
0
0
0
0
0
0
0
0
0
0
0
0
0
0
0
0
0
0
0
0
0
0
0
0
0
0
0
0
0
0
0
0
0
0
0
0
0
0
0
0
0
0
0
0
0
0
0
0
0
0
0
0
0
0
0
0
0
0
0
0
0
0
0
0
0
0
0
0
0
0
0
0
0
0
0
0
0
0
0
0
0
0
0
0
0
0
0
0
0
0
0
0
0
0
0
0
0
0
0
0
0
0
0
0
0
0
0
0
0
0
0
0
0
0
0
0
0
0
0
0
0
0
0
0
0
0
0
0
0
0
0
0
0
0
0
0
0
0
0
0
0
0
0
0
0
0
0
0
0
0
0
0
0
0
0
0
0
0
0
0
0
0
0
0
0
0
0
0
0
0
0
0
0
0
0
0
0
0
0
0
0
0
0
0
0
0
0
0
0
0
0
0
0
0
0
0
0
0
0
0
0
0
0
0
0
0
0
0
0
0
0
0
0
0
0
0
0
0
0
0
0
0
0
0
0
0
0
0
0
0
0
0
0
0
0
0
0
0
0
0
0
0
0
0
0
0
0
0
0
0
0
0
0
0
0
0
0
0
0
0
0
0
0
0
0
0
0
0
0
0
0
0
0
0
0
0
0
0
0
0
0
0
0
0
0
0
0
0
0
0
0
0
0
0
0
0
0
0
0
0
0
0
0
0
0
0
0
0
0
0
0
0
0
0
0
0
0
0
0
0
0
0
0
0
0
0
0
0
0
0
0
0
0
0
0
0
0
0
0
0
0
0
0
0
0
0
0
0
0
0
0
0
0
0
0
0
0
0
0
0
0
0
0
0
0
0
0
0
0
0
0
0
0
0
0
0
0
0
0
0
0
0
0
0
0
0
0
0
0
0
0
0
0
0
0
0
0
0
0
0
0
0
0
0
0
0
0
0
0
0
0
0
0
0
0
0
0
0
0
0
0
0
0
0
0
0
0
0
0
0
0
0
0
0
0
0
0
0
0
0
0
0
0
0
0
0
0
0
0
0
0
0
0
0
0
0
0
0
0
0
0
0
0
0
0
0
0
0
0
0
0
0
0
0
0
0
0
0
0
0
0
0
0
0
0
0
0
0
0
0
0
0
0
0
0
0
0
0
0
0
0
0
0
0
0
0
0
0
0
0
0
0
0
0
0
0
0
0
0
0
0
0
0
0
0
0
0
0
0
0
0
0
0
0
0
0
0
0
0
0
0
0
0
0
0
0
0
0
0
0
0
0
0
0
0
0
0
0
0
0
0
0
0
0
0
0
0
0
0
0
0
0
0
0
0
0
0
0
0
0
0
0
0
0
0
0
0
0
0
0
0
0
0
0
0
0
0
0
0
0
0
0
0
0
0
0
0
0
0
0
0
0
0
0
0
0
0
0
0
0
0
0
0
0
0
0
0
0
0
0
0
0
0
0
0
0
0
0
0
0
0
0
0
0
0
0
0
0
0
0
0
0
0
0
0
0
0
0
0
0
0
0
0
0
0
0
0
0
0
0
0
0
0
0
0
0
0
0
0
0
0
0
0
0
0
0
0
0
0
0
0
0
0
0
0
0
0
0
0
0
0
0
0
0
0
0
0
0
0
0
0
0
0
0
0
0
0
0
0
0
0
0
0
0
0
0
0
0
0
0
0
0
0
0
0
0
0
0
0
0
0
0
0
0
0
0
0
0
0
0
0
0
0
0
0
0
0
0
0
0
0
0
0
0
0
0
0
0
0
0
0
0
0
0
0
0
0
0
0
0
0
0
0
0
0
0
0
0
0
0
0
0
0
0
0
0
0
0
0
0
0
0
0
0
0
0
0
0
0
0
0
0
0
0
0
0
0
0
0
0
0
0
0
0
0
0
0
0
0
0
0
0
0
0
0
0
0
0
0
0
0
0
0
0
0
0
0
0
0
0
0
0
0
0
0
0
0
0
0
0
0
0
0
0
0
0
0
0
0
0
0
0
0
0
0
0
0
0
0
0
0
0
0
0
0
0
0
0
0
0
0
0
0
0
0
0
0
0
0
0
0
0
0
0
0
0
0
0
0
0
0
0
0
0
0
0
0
0
0
0
0
0
0
0
0
0
0
0
0
0
0
0
0
0
0
0
0
0
0
0
0
0
0
0
0
0
0
0
0
0
0
0
0
0
0
0
0
0
0
0
0
0
0
0
0
0
0
0
0
0
0
0
0
0
0
0
0
0
0
0
0
0
0
0
0
0
0
0
0
0
0
0
0
0
0
0
0
0
0
0
0
0
0
0
0
0
0
0
0
0
0
0
0
0
0
0
0
0
0
0
0
0
0
0
0
0
0
0
0
0
0
0
0
0
0
0
0
0
0
0
0
0
0
0
0
0
0
0
0
0
0
0
0
0
0
0
0
0
0
0
0
0
0
0
0
0
0
0
0
0
0
0
0
0
0
0
0
0
0
0
0
0
0
0
0
0
0
0
0
0
0
0
0
0
0
0
0
0
0
0
0
0
0
0
0
0
0
0
0
0
0
0
0
0
0
0
0
0
0
0
0
0
0
0
0
0
0
0
0
0
0
0
0
0
0
0
0
0
0
0
0
0
0
0
0
0
0
0
0
0
0
0
0
0
0
0
0
0
0
0
0
0
0
0
0
0
0
0
0
0
0
0
0
0
0
0
0
0
0
0
0
0
0
0
0
0
0
0
0
0
0
0
0
0
0
0
0
0
0
0
0
0
0
0
0
0
0
0
0
0
0
0
0
0
0
0
0
0
0
0
0
0
0
0
0
0
0
0
0
0
0
0
0
0
0
0
0
0
0
0
0
0
0
0
0
0
0
0
0
0
0
0
0
0
0
0
0
0
0
0
0
0
0
0
0
0
0
0
0
0
0
0
0
0
0
0
0
0
0
0
0
0
0
0
0
0
0
0
0
0
0
0
0
0
0
0
0
0
0
0
0
0
0
0
0
0
0
0
0
0
0
0
0
0
0
0
0
0
0
0
0
0
0
0
0
0
0
0
0
0
0
0
0
0
0
0
0
0
0
0
0
0
0
0
0
0
0
0
0
0
0
0
0
0
0
0
0
0
0
0
0
0
0
0
0
0
0
0
0
0
0
0
0
0
0
0
0
0
0
0
0
0
0
0
0
0
0
0
0
0
0
0
0
0
0
0
0
0
0
0
0
0
0
0
0
0
0
0
0
0
0
0
0
0
0
0
0
0
0
0
0
0
0
0
0
0
0
0
0
0
0
0
0
0
0
0
0
0
0
0
0
0
0
0
0
0
0
0
0
0
0
0
0
0
0
0
0
0
0
0
0
0
0
0
0
0
0
0
0
0
0
0
0
0
0
0
0
0
0
0
0
0
0
0
0
0
0
0
0
0
0
0
0
0
0
0
0
0
0
0
0
0
0
0
0
0
0
0
0
0
0
0
0
0
0
0
0
0
0
0
0
0
0
0
0
0
0
0
0
0
0
0
0
0
0
0
0
0
0
0
0
0
0
0
0
0
0
0
0
0
0
0
0
0
0
0
0
0
0
0
0
0
0
0
0
0
0
0
0
0
0
0
0
0
0
0
0
0
0
0
0
0
0
0
0
0
0
0
0
0
0
0
0
0
0
0
0
0
0
0
0
0
0
0
0
0
0
0
0
0
0
0
0
0
0
0
0
0
0
0
0
0
0
0
0
0
0
0
0
0
0
0
0
0
0
0
0
0
0
0
0
0
0
0
0
0
0
0
0
0
0
0
0
0
0
0
0
0
0
0
0
0
0
0
0
0
0
0
0
0
0
0
0
0
0
0
0
0
0
0
0
0
0
0
0
0
0
0
0
0
0
0
0
0
0
0
0
0
0
0
0
0
0
0
0
0
0
0
0
0
0
0
0
0
0
0
0
0
0
0
0
0
0
0
0
0
0
0
0
0
0
0
0
0
0
0
0
0
0
0
0
0
0
0
0
0
0
0
0
0
0
0
0
0
0
0
0
0
0
0
0
0
0
0
0
0
0
0
0
0
0
0
0
0
0
0
0
0
0
0
0
0
0
0
0
0
0
0
0
0
0
0
0
0
0
0
0
0
0
0
0
0
0
0
0
0
0
0
0
0
0
0
0
0
0
0
0
0
0
0
0
0
0
0
0
0
0
0
0
0
0
0
0
0
0
0
0
0
0
0
0
0
0
0
0
0
0
0
0
0
0
0
0
0
0
0
0
0
0
0
0
0
0
0
0
0
0
0
0
0
0
0
0
0
0
0
0
0
0
0
0
0
0
0
0
0
0
0
0
0
0
0
0
0
0
0
0
0
0
0
0
0
0
0
0
0
0
0
0
0
0
0
0
0
0
0
0
0
0
0
0
0
0
0
0
0
0
0
0
0
0
0
0
0
0
0
0
0
0
0
0
0
0
0
0
0
0
0
0
0
0
0
0
0
0
0
0
0
0
0
0
0
0
0
0
0
0
0
0
0
0
0
0
0
0
0
0
0
0
0
0
0
0
0
0
0
0
0
0
0
0
0
0
0
0
0
0
0
0
0
0
0
0
0
0
0
0
0
0
0
0
0
0
0
0
0
0
0
0
0
0
0
0
0
0
0
0
0
0
0
0
0
0
0
0
0
0
0
0
0
0
0
0
0
0
0
0
0
0
0
0
0
0
0
0
0
0
0
0
0
0
0
0
0
0
0
0
0
