0
0
0
0
0
0
0
0
0
0
0
0
0
0
0
0
0
0
0
0
0
0
0
0
0
0
0
0
0
0
0
0
0
0
0
0
0
0
0
0
0
0
0
0
0
0
0
0
0
0
0
0
0
0
0
0
0
0
0
0
0
0
0
0
0
0
0
0
0
0
0
0
0
0
0
0
0
0
0
0
0
0
0
0
0
0
0
0
0
0
0
0
0
0
0
0
0
0
0
0
0
0
0
0
0
0
0
0
0
0
0
0
0
0
0
0
0
0
0
0
0
0
0
0
0
0
0
0
0
0
0
0
0
0
0
0
0
0
0
0
0
0
1
0
0
0
0
0
0
0
0
0
0
0
0
0
0
0
0
0
0
0
0
0
0
0
0
0
0
0
0
0
0
0
0
0
0
0
0
0
0
0
0
0
0
0
0
0
0
0
0
0
0
0
1
0
0
0
0
1
0
1
0
0
1
0
0
0
0
0
1
0
0
0
0
0
1
0
1
0
1
0
0
0
1
0
0
1
0
0
1
0
1
0
0
0
1
1
0
0
1
0
1
1
1
0
1
0
0
0
0
1
0
1
1
1
0
1
0
1
0
0
0
0
0
1
0
1
0
0
0
0
0
1
1
0
2
0
0
0
0
1
1
1
1
2
0
3
1
0
0
1
0
0
1
1
2
0
0
1
0
2
0
1
2
0
0
0
2
1
2
2
2
2
1
1
0
2
1
0
0
2
2
1
0
1
1
2
0
1
3
2
0
1
1
1
0
2
1
2
4
1
1
1
2
2
2
2
0
3
3
2
1
2
1
4
2
3
2
2
4
2
1
1
3
2
4
1
6
2
2
4
0
5
4
1
3
5
4
2
3
6
4
5
6
1
5
4
0
4
2
4
6
3
3
5
3
3
2
6
4
4
9
1
7
4
8
3
2
2
0
5
6
8
4
6
6
5
3
5
4
5
5
4
4
10
6
7
6
6
3
3
5
6
3
7
6
6
7
7
12
3
14
11
9
7
5
7
9
5
5
5
12
9
6
10
11
8
7
10
4
7
7
9
4
7
8
10
5
7
11
9
11
10
9
7
7
11
11
15
4
8
13
11
8
14
14
11
12
14
17
10
17
12
7
12
11
18
16
15
18
12
17
15
17
16
17
11
20
16
13
12
11
6
9
7
21
9
11
14
15
12
20
17
15
10
18
14
12
20
13
22
22
9
29
22
15
19
24
12
20
17
19
28
22
15
25
24
28
22
19
19
19
21
27
28
34
20
22
23
17
23
16
22
22
27
27
26
29
22
37
30
21
29
26
21
24
25
19
28
35
30
42
17
25
32
28
39
36
36
32
27
30
38
25
30
36
23
27
40
28
48
28
29
37
35
34
46
35
45
39
38
38
29
50
46
44
40
36
35
34
41
35
38
38
63
40
44
40
41
44
53
40
49
46
43
48
51
42
54
43
53
53
56
52
49
47
50
51
51
45
48
51
67
60
57
59
45
54
59
68
60
57
62
65
58
43
42
64
53
73
49
54
67
72
65
66
71
68
86
62
75
69
65
78
68
67
70
61
65
83
77
62
60
63
75
86
73
77
78
61
84
76
75
77
74
76
99
69
74
79
86
76
78
82
108
79
73
93
101
78
95
89
79
107
95
95
92
88
87
98
97
93
97
107
113
109
101
104
83
110
94
95
110
104
90
88
92
104
118
90
130
119
119
101
123
120
115
110
113
121
85
103
107
136
112
132
121
116
129
118
123
114
148
134
114
126
129
129
143
114
108
143
142
140
142
145
143
165
144
144
124
139
146
141
141
140
151
154
151
153
147
136
135
159
168
139
173
145
166
152
161
149
150
153
161
164
168
160
156
173
165
184
181
151
146
188
174
182
153
182
190
182
158
191
185
201
183
199
202
182
178
198
201
187
214
199
189
196
197
190
207
203
221
201
200
213
240
224
222
210
260
204
224
233
209
219
210
198
219
208
217
220
227
195
211
269
247
217
231
259
204
239
239
231
249
247
255
261
239
233
244
250
229
280
252
241
250
281
296
247
261
283
294
250
250
238
302
263
274
262
291
296
258
291
287
270
286
251
268
303
324
296
217
307
259
288
308
304
287
296
328
310
310
313
305
332
310
304
330
312
323
304
385
327
343
308
346
316
340
337
307
345
334
332
325
358
325
315
341
317
384
310
354
383
348
304
359
361
375
323
368
338
372
345
387
391
362
362
409
362
359
356
400
354
416
402
376
395
396
408
406
411
400
370
394
385
408
408
424
437
412
354
370
414
395
410
438
439
436
446
410
449
413
426
467
427
440
442
450
412
428
424
448
481
436
442
485
466
516
460
452
468
481
458
498
432
463
475
493
485
445
480
494
479
490
452
502
431
471
460
397
533
443
481
514
540
490
500
507
543
523
501
513
553
542
471
522
515
549
508
572
526
493
551
554
532
509
567
580
606
566
524
530
578
568
558
585
533
556
622
627
585
580
526
589
559
584
494
589
605
592
548
573
577
574
591
586
590
621
590
631
562
602
619
633
582
592
622
599
643
634
626
601
638
647
658
589
638
660
583
593
630
655
635
695
639
680
677
664
658
632
632
661
689
673
712
735
634
647
689
649
692
686
657
708
652
700
695
736
715
684
674
703
722
754
720
746
716
749
721
718
710
757
740
768
751
684
709
624
699
702
722
773
752
770
756
767
775
706
720
800
741
781
776
745
799
780
745
840
813
859
750
837
780
772
782
835
756
799
795
786
834
790
780
789
810
822
790
855
777
793
811
823
828
811
751
833
866
838
877
948
829
846
796
804
858
799
852
862
882
871
827
875
836
897
844
880
847
836
847
865
948
888
857
859
861
811
715
797
925
864
902
961
878
875
856
940
898
887
919
976
878
935
908
938
892
863
914
936
914
905
985
954
905
895
840
945
893
885
936
928
959
918
939
974
943
933
951
933
930
934
954
1032
988
957
962
833
973
958
989
1000
981
969
969
939
1022
972
975
1011
1075
925
1007
989
975
978
995
1052
989
929
943
1049
1029
989
957
1000
1027
1061
968
1030
982
974
1044
1013
1043
978
977
1048
1006
1034
974
1087
1017
995
951
1029
1002
1040
985
1027
1042
974
1037
1044
1103
1027
1023
1039
985
1052
1019
1086
1017
965
1025
1089
1065
1111
1024
1126
1107
1036
1079
1040
1062
1063
938
957
1040
1093
1069
1134
1065
1103
1091
1086
1120
1038
1092
1031
1118
1078
1036
1071
1144
1080
1112
1127
1058
1096
1097
1159
1082
1146
1123
1078
1083
1096
1109
1110
1093
1099
1129
1096
1078
1156
1090
1125
1117
1076
1071
1140
1092
1071
1154
1001
1156
1129
1090
1165
1171
1097
1110
1131
1136
1146
1107
1182
1113
1094
1100
1108
1138
1126
1115
1205
1094
1156
1135
1185
1111
1137
1115
1173
1120
1130
1138
1133
1124
1160
1148
1163
1182
1153
1170
1186
1211
1159
1139
1141
1113
1172
1125
1134
1090
1140
1124
1211
1151
1142
1116
1166
1158
1101
1118
1164
1177
1102
1109
1119
1153
1206
1158
1100
1213
1134
1142
1189
1129
1162
1124
1159
1172
1201
1016
1075
1177
1088
1152
1199
1143
1133
1107
1186
1157
1089
1140
1222
1123
1184
1148
1186
1137
1176
1117
1151
1222
1150
1113
1159
1203
1203
1106
1169
1150
1149
1094
1158
1164
1175
1112
1198
1200
1104
1126
1251
1170
1127
1120
1157
1144
1078
1154
968
1146
1179
1100
1200
1199
1113
1192
1165
1127
1106
1178
1216
1171
1110
1097
1140
1192
1177
1131
1206
1068
1168
1187
1195
1181
1166
1172
1145
1071
1160
1160
1130
1150
1133
1178
1203
1137
1087
1107
1157
1136
1100
1107
1232
1186
1114
999
1149
1150
1146
1162
1180
1175
1152
1119
1186
1113
1147
1158
1138
1142
1157
1022
1135
1196
1104
1138
1162
1143
1082
1105
1130
1188
1168
1126
1095
1164
1078
1008
1013
1112
1119
1181
1119
1104
1162
1093
1136
1140
1139
1061
1146
1120
1174
1086
1207
1132
1067
1109
1179
1065
1147
1096
1177
1167
1072
1068
1090
1082
1121
1078
1083
1100
1040
1108
1176
1054
1097
1053
1129
1103
1123
1090
1121
1139
1119
1013
859
1094
1096
1115
1094
1098
1057
1085
1105
1084
1056
1052
1129
1055
1151
1010
950
1080
1058
1048
1083
1068
1075
1036
1050
1029
1093
988
1084
1044
1086
1058
1051
1070
1029
1127
1110
1067
1036
982
1048
1081
1059
967
1056
1055
1051
963
1046
1029
1063
998
998
1056
979
1034
996
1055
981
984
1066
1056
1038
1060
1002
1026
981
951
1076
1056
982
933
1028
964
971
1006
993
1028
996
921
897
1024
981
1071
956
977
1017
985
972
970
981
947
994
972
986
908
966
997
1017
1020
988
961
968
971
982
930
934
947
976
951
931
931
945
986
926
935
946
964
957
961
984
921
1000
960
950
910
888
901
827
940
920
947
982
949
930
900
938
894
884
916
940
960
947
855
910
885
859
861
940
923
820
906
838
899
874
840
939
852
816
878
928
847
896
892
911
856
877
813
801
866
831
818
885
881
816
819
846
822
844
817
890
852
835
846
850
851
861
768
826
829
808
862
780
805
808
865
846
789
862
783
846
775
782
803
816
794
806
747
726
754
785
847
857
803
787
755
802
823
776
816
788
763
778
791
771
763
794
763
790
775
773
724
805
774
714
698
763
752
742
680
745
758
752
708
729
741
705
690
791
776
702
752
776
734
728
693
634
697
743
734
710
737
669
738
741
719
712
676
722
686
750
679
672
683
723
688
713
698
674
674
697
704
707
665
679
669
605
647
623
698
602
693
696
678
650
578
663
655
667
564
676
694
704
584
650
621
648
632
638
611
617
594
635
620
596
650
650
606
606
609
588
637
588
584
655
613
595
598
606
611
617
568
575
604
569
541
494
551
549
602
581
593
543
560
636
608
582
583
593
589
569
557
582
586
540
564
555
559
554
508
527
531
577
573
545
540
568
510
557
528
519
486
517
533
528
530
535
522
522
500
539
536
480
537
450
463
504
547
527
509
493
514
511
523
506
502
497
504
489
470
465
495
472
464
514
484
439
453
466
484
482
478
479
491
442
405
436
469
440
438
447
438
457
500
469
483
433
472
472
501
448
433
424
454
424
431
479
419
379
396
446
452
447
419
410
468
403
453
418
406
422
407
443
413
394
387
425
420
432
432
423
401
389
386
333
404
374
385
421
405
393
379
410
420
406
398
409
400
401
386
379
350
347
375
395
386
374
348
373
371
329
370
364
344
378
350
345
343
368
336
396
320
324
361
336
362
306
342
365
333
336
312
297
354
337
330
327
336
365
333
361
318
316
311
315
303
336
323
304
318
340
349
308
308
319
318
334
295
274
338
270
330
297
279
296
298
269
324
290
297
263
264
290
280
297
269
292
281
273
251
287
299
267
278
298
294
301
267
292
278
276
296
269
279
305
285
275
275
267
276
275
281
249
266
266
234
283
271
264
252
238
239
237
245
250
248
271
244
223
225
261
225
246
261
240
218
209
235
237
229
244
227
230
247
217
208
235
237
217
202
246
218
222
224
238
197
226
222
212
205
200
216
198
225
216
223
204
197
193
187
172
213
199
232
190
221
187
221
196
207
184
180
176
209
194
203
194
206
185
200
196
183
181
159
182
187
188
151
203
200
188
177
160
176
164
180
200
184
172
185
189
181
167
181
178
160
152
161
180
169
163
140
170
166
167
184
145
157
148
156
142
152
138
127
176
141
154
179
162
151
154
147
160
169
146
125
154
171
145
123
161
132
164
142
149
128
120
150
160
144
140
140
145
138
118
122
145
146
146
109
159
142
124
151
139
135
125
131
126
116
138
137
129
140
106
102
118
139
145
106
127
118
138
130
111
118
124
106
100
129
110
124
124
118
104
88
122
114
108
124
128
114
108
104
103
114
107
94
104
105
123
104
119
104
106
96
111
102
110
111
121
114
94
104
117
95
81
104
81
75
94
102
86
91
82
99
100
88
79
88
93
92
87
89
75
87
94
79
89
88
83
83
74
99
82
98
90
89
78
77
100
71
87
83
92
89
73
71
61
87
80
68
83
80
60
73
59
81
73
65
88
72
68
77
70
68
66
66
90
54
72
74
59
65
72
59
78
70
85
93
68
81
60
57
61
68
56
63
68
63
62
62
68
51
70
78
55
57
75
60
72
67
52
53
65
45
66
51
59
54
73
51
57
50
51
53
55
62
56
61
62
43
37
74
45
56
47
57
51
39
52
52
51
47
52
38
42
46
49
60
51
50
53
37
43
43
47
42
48
57
57
62
46
40
48
34
40
46
40
40
40
38
40
29
45
30
36
40
49
39
33
33
35
44
44
35
36
30
28
41
39
48
44
42
29
25
33
39
37
45
32
31
33
32
42
32
38
29
29
30
38
25
33
35
31
27
31
30
30
39
42
30
33
36
26
27
30
27
30
26
35
32
35
34
27
30
23
26
32
28
31
23
28
28
37
33
27
22
28
36
30
31
25
31
25
24
19
35
18
21
28
28
24
28
25
26
26
18
22
31
18
30
26
25
18
22
18
30
32
24
26
15
19
18
21
18
22
27
17
24
27
22
21
21
15
21
17
23
23
20
22
21
17
16
18
20
20
13
24
21
16
18
19
20
21
29
20
24
23
14
24
15
26
11
18
19
8
17
20
14
23
15
13
18
18
24
19
17
13
16
13
16
13
15
22
11
19
14
14
11
16
12
12
15
10
18
10
13
8
18
20
14
15
9
16
10
14
7
11
11
16
16
12
25
16
18
14
11
16
8
15
9
11
14
11
21
16
15
15
8
6
12
8
13
11
11
12
13
16
5
4
4
10
12
10
11
14
9
9
10
14
16
18
11
16
18
7
7
10
6
12
12
9
8
12
7
17
12
4
8
9
10
11
11
4
8
10
10
7
9
10
8
7
11
10
7
9
5
7
7
6
12
4
13
6
8
7
6
2
9
11
11
15
10
10
9
2
3
5
8
3
8
5
7
5
7
8
4
10
8
8
6
3
7
6
5
9
4
9
6
2
4
3
7
7
7
6
6
7
7
5
5
5
8
6
5
3
6
7
2
3
3
4
5
4
4
8
8
8
3
5
6
2
7
8
5
5
1
4
4
5
5
11
3
2
4
4
4
5
7
6
4
2
2
1
1
7
2
4
3
3
2
0
5
4
3
2
4
3
3
2
7
4
3
7
3
6
3
4
7
3
3
2
0
4
5
3
4
5
2
5
3
1
0
2
2
4
3
3
4
5
5
1
2
4
2
2
0
2
2
2
3
5
5
2
5
7
0
1
2
4
1
4
6
2
3
2
2
2
2
3
2
1
3
1
2
3
3
4
2
0
1
0
1
1
3
1
3
2
1
3
4
4
2
2
0
1
3
4
1
4
4
4
0
1
6
1
4
3
1
4
4
0
2
3
1
2
1
2
2
2
3
3
3
4
2
2
1
1
4
1
1
0
1
1
1
5
1
1
1
0
1
3
0
3
1
2
1
1
0
2
1
1
0
0
2
0
2
1
1
0
2
3
4
2
1
1
0
2
1
2
1
1
2
1
1
1
3
2
1
2
1
0
0
1
3
4
0
0
3
1
1
1
1
2
1
2
1
1
3
1
0
0
4
1
1
1
1
0
0
2
0
0
2
3
4
2
3
0
0
0
1
0
2
0
1
0
0
1
0
1
1
1
0
1
0
3
2
0
1
0
1
0
0
0
0
1
0
1
0
2
1
0
0
1
2
1
0
0
0
0
0
1
0
0
1
2
0
1
0
1
1
0
0
0
0
1
1
0
0
1
1
1
2
0
1
1
0
0
0
2
1
1
1
0
1
1
0
0
1
1
1
0
0
0
0
0
0
0
0
0
1
0
0
0
0
0
0
0
2
0
0
0
0
2
0
0
0
0
0
0
0
0
0
0
1
0
0
0
0
0
0
0
2
1
1
0
1
0
0
0
0
0
0
0
0
0
0
0
0
0
1
1
0
0
0
0
0
1
1
0
0
0
0
0
0
1
1
0
0
0
0
1
0
0
0
0
0
0
0
0
1
1
0
0
0
1
1
0
0
0
0
0
0
2
0
0
0
0
0
0
0
0
0
0
0
1
0
0
0
0
0
0
0
1
0
0
0
0
2
0
0
2
0
0
0
0
0
1
0
0
0
0
0
0
0
0
0
0
0
0
0
0
0
0
0
0
0
0
0
0
0
1
0
0
0
0
0
1
1
0
0
0
1
0
0
0
0
0
0
0
0
0
0
0
0
0
0
0
0
0
0
0
0
0
0
0
0
0
0
0
0
0
0
0
0
0
0
1
1
0
0
0
0
0
0
0
0
0
0
0
0
0
1
0
0
0
0
0
0
0
0
0
0
0
0
0
0
0
0
0
0
0
0
1
0
0
0
0
0
0
0
1
0
0
0
0
0
0
0
0
1
0
0
0
0
0
0
0
1
0
0
0
0
0
0
0
0
0
0
0
0
0
0
0
0
0
0
0
0
0
0
0
0
0
0
0
0
0
0
0
0
0
0
0
0
0
0
0
0
0
0
0
0
0
0
0
0
0
0
0
0
0
0
0
0
0
0
0
0
0
0
0
0
0
0
0
0
0
0
0
0
0
0
0
0
0
0
0
0
0
0
0
0
0
0
0
0
0
0
0
0
0
0
0
0
0
0
0
0
0
0
0
0
0
0
0
0
0
0
0
0
0
0
0
0
0
0
0
0
0
0
0
0
1
0
0
0
0
0
0
0
0
0
0
0
0
0
0
0
0
0
0
0
0
0
0
0
0
0
0
0
0
0
0
0
0
0
0
0
0
0
0
0
0
0
0
0
0
0
0
0
0
0
0
0
0
0
0
0
0
0
0
0
0
0
0
0
0
0
0
0
0
0
0
0
0
0
0
0
0
0
1
0
0
0
0
0
0
0
0
0
0
0
0
0
0
0
0
0
0
0
0
0
0
0
0
0
0
0
0
0
0
0
0
0
0
0
0
0
0
0
0
0
0
0
0
0
0
0
0
0
0
0
0
0
0
0
0
0
0
0
0
0
0
0
0
0
0
0
0
0
0
0
0
0
0
0
0
0
0
0
0
0
0
0
0
0
0
0
0
0
0
0
0
0
0
0
0
1
0
0
0
0
0
0
0
0
0
0
0
0
0
0
0
0
0
0
0
0
0
0
0
0
0
0
0
0
0
0
0
0
0
0
0
0
0
0
0
0
0
0
0
0
0
0
0
0
0
0
0
0
0
0
0
0
0
0
0
0
0
0
0
0
0
0
0
0
0
0
0
0
0
0
0
0
0
0
0
0
0
0
0
0
0
0
0
0
0
0
0
0
0
0
0
0
0
0
0
0
0
0
0
0
0
0
0
0
0
0
0
0
0
0
0
0
0
0
0
0
0
0
0
0
0
0
0
0
0
0
0
0
0
0
0
0
0
0
0
0
0
0
0
0
0
0
0
0
0
0
0
0
0
0
0
0
0
0
0
0
0
0
0
0
0
0
0
0
0
0
0
0
0
0
0
0
0
0
0
0
0
0
0
0
0
0
0
0
0
0
0
0
0
0
0
0
0
0
0
0
0
0
0
0
0
0
0
0
0
0
0
0
0
0
0
0
0
0
0
0
0
0
0
0
0
0
0
0
0
0
0
0
0
0
0
0
0
0
0
0
0
0
0
0
0
0
0
0
0
0
0
0
0
0
0
0
0
0
0
0
0
0
0
0
0
0
0
0
0
0
0
0
0
0
0
0
0
0
0
0
0
0
0
0
0
0
0
0
0
0
0
0
0
0
0
0
0
0
0
0
0
0
0
0
0
0
0
0
0
0
0
0
0
0
0
0
0
0
0
0
0
0
0
0
0
0
0
0
0
0
0
0
0
0
0
0
0
0
0
0
0
0
0
0
0
0
0
0
0
0
0
0
0
0
0
0
0
0
0
0
0
0
0
0
0
0
0
0
0
0
0
0
0
0
0
0
0
0
0
0
0
0
0
0
0
0
0
0
0
0
0
0
0
0
0
0
0
0
0
0
0
0
0
0
0
0
0
0
0
0
0
0
0
0
0
0
0
0
0
0
0
0
0
0
0
0
0
0
0
0
0
0
0
0
0
0
0
0
0
0
0
0
0
0
0
0
0
0
0
0
0
0
0
0
0
0
0
0
0
0
0
0
0
0
0
0
0
0
0
0
0
0
0
0
0
0
0
0
0
0
0
0
0
0
0
0
0
0
0
0
0
0
0
0
0
0
0
0
0
0
0
0
0
0
0
0
0
0
0
0
0
0
0
0
0
0
0
0
0
0
0
0
0
0
0
0
0
0
0
0
0
0
0
0
0
0
0
0
0
0
0
0
0
0
0
0
0
0
0
0
0
0
0
0
0
0
0
0
0
0
0
0
0
0
0
0
0
0
0
0
0
0
0
0
0
0
0
0
0
0
0
0
0
0
0
0
0
0
0
0
0
0
0
0
0
0
0
0
0
0
0
0
0
0
0
0
0
0
0
0
0
0
0
0
0
0
0
0
0
0
0
0
0
0
0
0
0
0
0
0
0
0
0
0
0
0
0
0
0
0
0
0
0
0
0
0
0
0
0
0
0
0
0
0
0
0
0
0
0
0
0
0
0
0
0
0
0
0
0
0
0
0
0
0
0
0
0
0
0
0
0
0
0
0
0
0
0
0
0
0
0
0
0
0
0
0
0
0
0
0
0
0
0
0
0
0
0
0
0
0
0
0
0
0
0
0
0
0
0
0
0
0
0
0
0
0
0
0
0
0
0
0
0
0
0
0
0
0
0
0
0
0
0
0
0
0
0
0
0
0
0
0
0
0
0
0
0
0
0
0
0
0
0
0
0
0
0
0
0
0
0
0
0
0
0
0
0
0
0
0
0
0
0
0
0
0
0
0
0
0
0
0
0
0
0
0
0
0
0
0
0
0
0
0
0
0
0
0
0
0
0
0
0
0
0
0
0
0
0
0
0
0
0
0
0
0
0
0
0
0
0
0
0
0
0
0
0
0
0
0
0
0
0
0
0
0
0
0
0
0
0
0
0
0
0
0
0
0
0
0
0
0
0
0
0
0
0
0
0
0
0
0
0
0
0
0
0
0
0
0
0
0
0
0
0
0
0
0
0
0
0
0
0
0
0
0
0
0
0
0
0
0
0
0
0
0
0
0
0
0
0
0
0
0
0
0
0
0
0
0
0
0
0
0
0
0
0
0
0
0
0
0
0
0
0
0
0
0
0
0
0
0
0
0
0
0
0
0
0
0
0
0
0
0
0
0
0
0
0
0
0
0
0
0
0
0
0
0
0
0
0
0
0
0
0
0
0
0
0
0
0
0
0
0
0
0
0
0
0
0
0
0
0
0
0
0
0
0
0
0
0
0
0
0
0
0
0
0
0
0
0
0
0
0
0
0
0
0
0
0
0
0
0
0
0
0
0
0
0
0
0
0
0
0
0
0
0
0
0
0
0
0
0
0
0
0
0
0
0
0
0
0
0
0
0
0
0
0
0
0
0
0
0
0
0
0
0
0
0
0
0
0
0
0
0
0
0
0
0
0
0
0
0
0
0
0
0
0
0
0
0
0
0
0
0
0
0
0
0
0
0
0
0
0
0
0
0
0
0
0
0
0
0
0
0
0
0
0
0
0
0
0
0
0
0
0
0
0
0
0
0
0
0
0
0
0
0
0
0
0
0
0
0
0
0
0
0
0
0
0
0
0
0
0
0
0
0
0
0
0
0
0
0
0
0
0
0
0
0
0
0
0
0
0
0
0
0
0
0
0
0
0
0
0
0
0
0
0
0
0
0
0
0
0
0
0
0
0
0
0
0
0
0
0
0
0
0
0
0
0
0
0
0
0
0
0
0
0
0
0
0
0
0
0
0
0
0
0
0
0
0
0
0
0
0
0
0
0
0
0
0
0
0
0
0
0
0
0
0
0
0
0
0
0
0
0
0
0
0
0
0
0
0
0
0
0
0
0
0
0
0
0
0
0
0
0
0
0
0
0
0
0
0
0
0
0
0
0
0
0
0
0
0
0
0
0
0
0
0
0
0
0
0
0
0
0
0
0
0
0
0
0
0
0
0
0
0
0
0
0
0
0
0
0
0
0
0
0
0
0
0
0
0
0
0
0
0
0
0
0
0
0
0
0
0
0
0
0
0
0
0
0
0
0
0
0
0
0
0
0
0
0
0
0
0
0
0
0
0
0
0
0
0
0
0
0
0
0
0
0
0
0
0
0
0
0
0
0
0
0
0
0
0
0
0
0
0
0
0
0
0
0
0
0
0
0
0
0
0
0
0
0
0
0
0
0
0
0
0
0
0
0
0
0
0
0
0
0
0
0
0
0
0
0
0
0
0
0
0
0
0
0
0
0
0
0
0
0
0
0
0
0
0
0
0
0
0
0
0
0
0
0
0
0
0
0
0
0
0
0
0
0
0
0
0
0
0
0
0
0
0
0
0
0
0
0
0
0
0
0
0
0
0
0
0
0
0
0
0
0
0
0
0
0
0
0
0
0
0
0
0
0
0
0
0
0
0
0
0
0
0
0
0
0
0
0
0
0
0
0
0
0
0
0
0
0
0
0
0
0
0
0
0
0
0
0
0
0
0
0
0
0
0
0
0
0
0
0
0
0
0
0
0
0
0
0
0
0
0
0
0
0
0
0
0
0
0
0
0
0
0
0
0
0
0
0
0
0
0
0
0
0
0
0
0
0
0
0
0
0
0
0
0
0
0
0
0
0
0
0
0
0
0
0
0
0
0
0
0
0
0
0
0
0
0
0
0
0
0
0
0
0
0
0
0
0
0
0
0
0
0
0
0
0
0
0
0
0
0
0
0
0
0
0
0
0
0
0
0
0
0
0
0
0
0
0
0
0
0
0
0
0
0
0
0
0
0
0
0
0
0
0
0
0
0
0
0
0
0
0
0
0
0
0
0
0
0
0
0
0
0
0
0
0
0
0
0
0
0
0
0
0
0
0
0
0
0
0
0
0
0
0
0
0
0
0
0
0
0
0
0
0
0
0
0
0
0
0
0
0
0
0
0
0
0
0
0
0
0
0
0
0
0
0
0
0
0
0
0
0
0
0
0
0
0
0
0
0
0
0
0
0
0
0
0
0
0
0
0
0
0
0
0
0
0
0
0
0
0
0
0
0
0
0
0
0
0
0
0
0
0
0
0
0
0
0
0
0
0
0
0
0
0
0
0
0
0
0
0
0
0
0
0
0
0
0
0
0
0
0
0
0
0
0
0
0
0
0
0
0
0
0
0
0
0
0
0
0
0
0
0
0
0
0
0
0
0
0
0
0
0
0
0
0
0
0
0
0
0
0
0
0
0
0
0
0
0
0
0
0
0
0
0
0
0
0
0
0
0
0
0
0
0
0
0
0
0
0
0
0
0
0
0
0
0
0
0
0
0
0
0
0
0
0
0
0
0
0
0
0
0
0
0
0
0
0
0
0
0
0
0
0
0
0
0
0
0
0
0
0
0
0
0
0
0
0
0
0
0
0
0
0
0
0
0
0
0
0
0
0
0
0
0
0
0
0
0
0
0
0
0
0
0
0
0
0
0
0
0
0
0
0
0
0
0
0
0
0
0
0
0
0
0
0
0
0
0
0
0
0
0
0
0
0
0
0
0
0
0
0
0
0
0
0
0
0
0
0
0
0
0
0
0
0
0
0
0
0
0
0
0
0
0
0
0
0
0
0
0
0
0
0
0
0
0
0
0
0
0
0
0
0
0
0
0
0
0
0
0
0
0
0
0
0
0
0
0
0
0
0
0
0
0
0
0
0
0
0
0
0
0
0
0
0
0
0
0
0
0
0
0
0
0
0
0
0
0
0
0
0
0
0
0
0
0
0
0
0
0
0
0
0
0
0
0
0
0
0
0
0
0
0
0
0
0
0
0
0
0
0
0
0
0
0
0
0
0
0
0
0
0
0
0
0
0
0
0
0
0
0
0
0
0
0
0
0
0
0
0
0
0
0
0
0
0
0
0
0
0
0
0
0
0
0
0
0
0
0
0
0
0
0
0
0
0
0
0
0
0
0
0
0
0
0
0
0
0
0
0
0
0
0
0
0
0
0
0
0
0
0
0
0
0
0
0
0
0
0
0
0
0
0
0
0
0
0
0
0
0
0
0
0
0
0
0
0
0
0
0
0
0
0
0
0
0
0
0
0
0
0
0
0
0
0
0
0
0
0
0
0
0
0
0
0
0
0
0
0
0
0
0
0
0
0
0
0
0
0
0
0
0
0
0
0
0
0
0
0
0
0
0
0
0
0
0
0
0
0
0
0
0
0
0
0
0
0
0
0
0
0
0
0
0
0
0
0
0
0
0
0
0
0
0
0
0
0
0
0
0
0
0
0
0
0
0
0
0
0
0
0
0
0
0
0
0
0
0
0
0
0
0
0
0
0
0
0
0
0
0
0
0
0
0
0
0
0
0
0
0
0
0
0
0
0
0
0
0
0
0
0
0
0
0
0
0
0
0
0
0
0
0
0
0
0
0
0
0
0
0
0
0
0
0
0
0
0
0
0
0
0
0
0
0
0
0
0
0
0
0
0
0
0
0
0
0
0
0
0
0
0
0
0
0
0
0
0
0
0
0
0
0
0
0
0
0
0
0
0
0
0
0
0
0
0
0
0
0
0
0
0
0
0
0
0
0
0
0
0
0
0
0
0
0
0
0
0
0
0
0
0
0
0
0
0
0
0
0
0
0
0
0
0
0
0
0
0
0
0
0
0
0
0
0
0
0
0
0
0
0
0
0
0
0
0
0
0
0
0
0
0
0
0
0
0
0
0
0
0
0
0
0
0
0
0
0
0
0
0
0
0
0
0
0
0
0
0
0
0
0
0
0
0
0
0
0
0
0
0
0
0
0
0
0
0
0
0
0
0
0
0
0
0
0
0
0
0
0
0
0
0
0
0
0
0
0
0
0
0
0
0
0
0
0
0
0
0
0
0
0
0
0
0
0
0
0
0
0
0
0
0
0
0
0
0
0
0
0
0
0
0
0
0
0
0
0
0
0
0
0
0
0
0
0
0
0
0
0
0
0
0
0
0
0
0
0
0
0
0
0
0
0
0
0
0
0
0
0
0
0
0
0
0
0
0
0
0
0
0
0
0
0
0
0
0
0
0
0
0
0
0
0
0
0
0
0
0
0
0
0
0
0
0
0
0
0
0
0
0
0
0
0
0
0
0
0
0
0
0
0
0
0
0
0
0
0
0
0
0
0
0
0
0
0
0
0
0
0
0
0
0
0
0
0
0
0
0
0
0
0
0
0
0
0
0
0
0
0
0
0
0
0
0
0
0
0
0
0
0
0
0
0
0
0
0
0
0
0
0
0
0
0
0
0
0
0
0
0
0
0
0
0
0
0
0
0
0
0
0
0
0
0
0
0
0
0
0
0
0
0
0
0
0
0
0
0
0
0
0
0
0
0
0
0
0
0
0
0
0
0
0
0
0
0
0
0
0
0
0
0
0
0
0
0
0
0
0
0
0
0
0
0
0
0
0
0
0
0
0
0
0
0
0
0
0
0
0
0
0
0
0
0
0
0
0
0
0
0
0
0
0
0
0
0
0
0
0
0
0
0
0
0
0
0
0
0
0
0
0
0
0
0
0
0
0
0
0
0
0
0
0
0
0
0
0
0
0
0
0
0
0
0
0
0
0
0
0
0
0
0
0
0
0
0
0
0
0
0
0
0
0
0
0
0
0
0
0
0
0
0
0
0
0
0
0
0
0
0
0
0
0
0
0
0
0
0
0
0
0
0
0
0
0
0
0
0
0
0
0
0
0
0
0
0
0
0
0
0
0
0
0
0
0
0
0
0
0
0
0
0
0
0
0
0
0
0
0
0
0
0
0
0
0
0
0
0
0
0
0
0
0
0
0
0
0
0
0
0
0
0
0
0
0
0
0
0
0
0
0
0
0
0
0
0
0
0
0
0
0
0
0
0
0
0
0
0
0
0
0
0
0
0
0
0
0
0
0
0
0
0
0
0
0
0
0
0
0
0
0
0
0
0
0
0
0
0
0
0
0
0
0
0
0
0
0
0
0
0
0
0
0
0
0
0
0
0
0
0
0
0
0
0
0
0
0
0
0
0
0
0
0
0
0
0
0
0
0
0
0
0
0
0
0
0
0
0
0
0
0
0
0
0
0
0
0
0
0
0
0
0
0
0
0
0
0
0
0
0
0
0
0
0
0
0
0
0
0
0
0
0
0
0
0
0
0
0
0
0
0
0
0
0
0
0
0
0
0
0
0
0
0
0
0
0
0
0
0
0
0
0
0
0
0
0
0
0
0
0
0
0
0
0
0
0
0
0
0
0
0
0
0
0
0
0
0
0
0
0
0
0
0
0
0
0
0
0
0
0
0
0
0
0
0
0
0
0
0
0
0
0
0
0
0
0
0
0
0
0
0
0
0
0
0
0
0
0
0
0
0
0
0
0
0
0
0
0
0
0
0
0
0
0
0
0
0
0
0
0
0
0
0
0
0
0
0
0
0
0
0
0
0
0
0
0
0
0
0
0
0
0
0
0
0
0
0
0
0
0
0
0
0
0
0
0
0
0
0
0
0
0
0
0
0
0
0
0
0
0
0
0
0
0
0
0
0
0
0
0
0
0
0
0
0
0
0
0
0
0
0
0
0
0
0
0
0
0
0
0
0
0
0
0
0
0
0
0
0
0
0
0
0
0
0
0
0
0
0
0
0
0
0
0
0
0
0
0
0
0
0
0
0
0
0
0
0
0
0
0
0
0
0
0
0
0
0
0
0
0
0
0
0
0
0
0
0
0
0
0
0
0
0
0
0
0
0
0
0
0
0
0
0
0
0
0
0
0
0
0
0
0
0
0
0
0
0
0
0
0
0
0
0
0
0
0
0
0
0
0
0
0
0
0
0
0
0
0
0
0
0
0
0
0
0
0
0
0
0
0
0
0
0
0
0
0
0
0
0
0
0
0
0
0
0
0
0
0
0
0
0
0
0
0
0
0
0
0
0
0
0
0
0
0
0
0
0
0
0
0
0
0
0
0
0
0
0
0
0
0
0
0
0
0
0
0
0
0
0
0
0
0
0
0
0
0
0
0
0
0
0
0
0
0
0
0
0
0
0
0
0
0
0
0
0
0
0
0
0
0
0
0
0
0
0
0
0
0
0
0
0
0
0
0
0
0
0
0
0
0
0
0
0
0
0
0
0
0
0
0
0
0
0
0
0
0
0
0
0
0
0
0
0
0
0
0
0
0
0
0
0
0
0
0
0
0
0
0
0
0
0
0
0
0
0
0
0
0
0
0
0
0
0
0
0
0
0
0
0
0
0
0
0
0
0
0
0
0
0
0
0
0
0
0
0
0
0
0
0
0
0
0
0
0
0
0
0
0
0
0
0
0
0
0
0
0
0
0
0
0
0
0
0
0
0
0
0
0
0
0
0
0
0
0
0
0
0
0
0
0
0
0
0
0
0
0
0
0
0
0
0
0
0
0
0
0
0
0
0
0
0
0
0
0
0
0
0
0
0
0
0
0
0
0
0
0
0
0
0
0
0
0
0
0
0
0
0
0
0
0
0
0
0
0
0
0
0
0
0
0
0
0
0
0
0
0
0
0
0
0
0
0
0
0
0
0
0
0
0
0
0
0
0
0
0
0
0
0
0
0
0
0
0
0
0
0
0
0
0
0
0
0
0
0
0
0
0
0
0
0
0
0
0
0
0
0
0
0
0
0
0
0
0
0
0
0
0
0
0
0
0
0
0
0
0
0
0
0
0
0
0
0
0
0
0
0
0
0
0
0
0
0
0
0
0
0
0
0
0
0
0
0
0
0
0
0
0
0
0
0
0
0
0
0
0
0
0
0
0
0
0
0
0
0
0
0
0
0
0
0
0
0
0
0
0
0
0
0
0
0
0
0
0
0
0
0
0
0
0
0
0
0
0
0
0
0
0
0
0
0
0
0
0
0
0
0
0
0
0
0
0
0
0
0
0
0
0
0
0
0
0
0
0
0
0
0
0
0
0
0
0
0
0
0
0
0
0
0
0
0
0
0
0
0
0
0
0
0
0
0
0
0
0
0
0
0
0
0
0
0
0
0
0
0
0
0
0
0
0
0
0
0
0
0
0
0
0
0
0
0
0
0
0
0
0
0
0
0
0
0
0
0
0
0
0
0
0
0
0
0
0
0
0
0
0
0
0
0
0
0
0
0
0
0
0
0
0
0
0
0
0
0
0
0
0
0
0
0
0
0
0
0
0
0
0
0
0
0
0
0
0
0
0
0
0
0
0
0
0
0
0
0
0
0
0
0
0
0
0
0
0
0
0
0
0
0
0
0
0
0
0
0
0
0
0
0
0
0
0
0
0
0
0
0
0
0
0
0
0
0
0
0
0
0
0
0
0
0
0
0
0
0
0
0
0
0
0
0
0
0
0
0
0
0
0
0
0
0
0
0
0
0
0
0
0
0
0
0
0
0
0
0
0
0
0
0
0
0
0
0
0
0
0
0
0
0
0
0
0
0
0
0
0
0
0
0
0
0
0
0
0
0
0
0
0
0
0
0
0
0
0
0
0
0
0
0
0
0
0
0
0
0
0
0
0
0
0
0
0
0
0
0
0
0
0
0
0
0
0
0
0
0
0
0
0
0
0
0
0
0
0
0
0
0
0
0
0
0
0
0
0
0
0
0
0
0
0
0
0
0
0
0
0
0
0
0
0
0
0
0
0
0
0
0
0
0
0
0
0
0
0
0
0
0
0
0
0
0
0
0
0
0
0
0
