0
0
0
0
0
0
0
0
0
0
0
0
0
0
0
0
0
0
0
0
0
0
0
0
0
0
0
0
0
0
0
0
0
0
0
0
0
0
0
0
0
0
0
0
0
0
0
0
0
0
0
0
0
0
0
0
0
0
0
0
0
0
0
0
0
0
0
0
0
0
0
0
0
0
0
0
0
0
0
0
0
0
1
0
0
0
0
0
0
0
0
0
0
0
0
0
0
0
0
0
0
0
0
0
1
0
0
0
0
0
0
0
0
0
0
0
0
0
0
0
0
0
0
0
0
0
0
0
0
0
0
0
0
0
0
0
0
0
0
0
0
0
0
0
0
0
0
0
0
0
0
0
0
0
0
0
0
0
0
0
0
0
0
0
0
0
0
0
0
0
0
0
0
0
0
0
0
0
0
1
0
0
0
0
0
0
0
0
0
0
0
0
0
0
1
0
0
0
0
0
0
0
0
0
0
0
0
0
0
0
0
0
0
0
0
0
0
0
0
0
0
1
0
0
0
1
0
0
0
0
0
0
0
0
0
0
0
0
0
0
0
0
0
0
0
0
0
0
0
0
0
0
0
1
0
0
0
0
0
0
0
0
0
0
1
0
0
0
0
0
0
1
0
1
0
1
0
0
0
0
1
0
0
0
0
0
0
0
0
0
0
0
0
1
0
0
0
0
0
0
0
2
0
0
0
0
0
0
0
0
0
0
0
0
0
0
0
0
0
0
0
0
0
0
0
0
0
0
0
0
0
2
1
0
0
0
0
0
0
0
0
0
1
0
1
0
1
0
0
0
1
1
0
1
0
0
0
0
0
0
0
0
0
0
0
0
0
0
0
1
0
0
0
0
1
0
0
0
0
2
0
0
0
0
0
0
1
0
0
0
0
0
0
0
0
0
0
0
0
0
1
2
0
0
0
0
0
0
0
1
1
0
0
0
0
1
0
0
2
0
0
0
0
1
0
0
1
0
1
0
0
1
0
0
0
0
0
0
0
0
2
0
1
0
1
0
0
2
2
0
0
1
0
0
0
2
0
0
0
0
0
0
0
1
1
0
0
0
0
0
1
1
1
0
0
2
0
1
1
0
1
1
0
1
1
0
0
0
2
0
0
0
0
1
0
1
0
1
0
0
1
1
0
0
0
0
1
3
1
1
1
2
1
2
2
2
1
1
0
1
1
0
0
1
0
2
0
1
1
0
2
1
0
0
1
0
2
3
2
0
2
1
0
1
1
1
2
0
1
0
0
1
0
0
2
3
0
1
0
0
0
0
1
3
0
4
0
1
0
1
0
1
1
2
1
1
1
2
2
2
1
0
1
3
1
2
1
1
4
2
1
2
2
1
2
3
0
1
4
2
1
1
1
3
3
1
1
2
6
1
2
4
2
5
1
1
0
3
3
0
2
2
1
2
2
1
0
1
0
2
4
0
2
2
2
3
3
0
3
0
2
3
3
2
1
2
2
4
1
1
1
1
2
3
0
3
1
4
0
1
5
5
2
5
3
0
1
2
2
1
1
3
2
2
4
1
6
2
4
5
2
1
3
2
2
3
1
3
0
4
4
5
2
7
0
4
3
3
3
3
4
1
2
7
6
3
4
4
3
7
2
4
6
1
3
4
4
8
3
7
3
3
4
7
7
0
3
5
2
4
1
4
7
1
5
2
6
3
2
2
2
4
1
3
3
3
2
1
4
4
6
3
5
6
8
1
7
2
7
6
5
6
2
7
1
5
5
2
5
4
4
5
6
5
4
4
6
8
3
2
6
6
2
7
4
2
4
3
8
4
2
4
4
4
6
2
6
7
5
5
6
3
8
6
1
11
3
8
3
8
5
10
10
10
7
2
8
5
8
4
4
5
3
3
8
9
8
4
10
8
6
12
5
10
5
3
10
9
8
8
11
4
6
3
6
13
15
9
9
9
7
7
8
8
7
12
12
7
12
11
7
6
6
6
8
12
8
8
12
12
13
8
9
6
8
12
8
12
10
11
10
8
11
11
12
13
13
10
7
13
16
12
12
10
10
15
15
10
12
12
12
9
10
13
8
12
9
10
15
7
15
21
8
17
9
14
12
13
18
12
9
14
14
13
7
14
15
16
11
14
16
17
8
16
7
13
8
7
17
11
17
18
9
18
18
12
8
24
15
11
12
19
21
13
18
15
20
19
12
21
21
9
13
15
12
14
9
19
16
14
17
18
20
11
27
17
13
27
14
13
23
14
19
16
14
12
12
17
17
17
16
25
12
23
13
20
19
24
18
15
20
20
13
13
24
21
11
21
21
13
23
22
14
11
23
20
27
17
27
17
15
20
14
27
25
20
23
16
24
18
21
23
21
19
21
22
27
30
29
24
18
20
19
26
17
30
19
26
29
23
19
26
27
29
23
20
22
23
34
18
38
24
26
24
36
26
20
31
28
22
28
27
28
24
18
25
29
25
22
35
25
28
24
25
30
27
24
23
23
26
28
26
38
31
38
29
31
36
26
28
29
25
32
31
33
31
26
39
29
24
33
35
34
33
35
33
33
35
39
37
34
43
39
30
38
22
38
42
43
37
32
31
37
34
33
40
35
31
24
31
33
36
43
41
50
34
44
32
50
47
43
40
41
40
35
36
33
37
36
44
48
36
47
43
40
32
36
44
49
42
43
39
44
48
42
37
33
41
34
31
46
49
52
49
42
53
47
54
53
50
39
56
52
40
43
40
48
39
47
64
59
43
37
64
36
64
54
47
52
56
50
56
64
53
48
59
61
69
54
53
70
45
62
48
54
56
40
53
67
66
51
73
56
59
49
40
60
59
62
58
42
46
54
46
58
60
68
68
71
65
73
60
70
64
50
66
55
59
61
65
67
61
73
59
60
59
67
74
78
61
67
59
74
86
71
83
73
63
70
83
76
72
58
75
52
70
87
69
79
80
69
62
71
80
73
87
61
83
69
71
72
91
74
72
79
71
63
66
84
85
86
89
81
85
78
81
92
75
84
84
68
88
81
68
85
86
85
80
91
73
86
89
88
80
88
95
82
94
83
89
98
99
99
99
89
103
83
95
91
79
86
86
91
99
80
83
93
93
85
95
92
94
95
105
82
106
98
104
79
97
92
119
97
81
103
90
105
120
118
117
109
90
113
102
101
103
101
82
106
91
108
112
87
106
107
137
101
104
104
111
117
120
107
131
125
110
127
138
99
119
102
112
113
128
125
96
131
127
134
128
120
112
109
151
125
120
123
121
143
120
118
118
103
138
124
104
114
128
142
146
135
139
140
124
143
128
119
134
104
148
143
121
167
131
132
141
130
131
130
135
145
119
117
141
129
143
160
161
139
144
137
150
131
140
123
156
154
151
131
171
158
145
139
150
132
152
132
162
164
178
146
163
169
165
152
137
155
183
162
159
155
150
139
165
164
146
166
152
165
167
167
171
170
164
140
158
171
158
161
186
161
165
179
152
178
171
154
167
181
171
196
200
176
158
184
179
170
196
174
188
167
183
196
183
189
185
182
184
162
176
178
177
194
177
194
192
171
187
181
177
196
201
172
184
210
209
178
219
195
171
191
177
188
204
217
215
215
206
197
204
200
222
208
235
198
203
202
209
225
216
193
221
191
213
215
215
216
205
196
225
218
203
215
200
221
234
202
216
220
219
180
240
239
201
210
209
222
225
227
215
210
210
225
227
247
213
199
225
212
230
220
223
257
237
242
199
240
233
224
218
251
260
215
200
238
242
220
233
233
255
240
217
222
224
236
214
232
254
211
248
279
235
255
261
255
263
271
257
247
226
267
267
303
267
237
273
293
254
282
300
251
270
255
245
263
254
249
247
276
269
252
237
266
246
281
286
270
277
282
278
304
259
275
259
260
274
296
293
275
313
300
259
259
286
292
279
310
267
280
272
326
308
293
299
295
295
315
320
282
276
306
297
327
299
290
302
336
315
283
306
323
330
324
292
302
311
324
328
323
334
305
341
313
337
293
333
323
305
307
328
367
317
298
329
317
325
312
334
374
313
294
280
323
302
353
344
352
347
338
318
358
341
303
336
319
344
321
320
339
324
325
376
352
302
357
352
342
340
344
378
341
358
337
347
366
318
354
352
354
346
348
377
375
392
395
376
352
304
352
314
366
404
352
392
342
359
370
360
383
373
388
351
381
326
372
353
365
357
350
401
360
359
387
397
408
390
423
395
403
391
384
384
383
371
387
400
385
379
409
425
376
400
409
432
391
380
355
391
406
406
435
434
393
411
414
417
363
424
400
382
378
420
425
435
390
392
389
399
415
433
419
389
409
394
416
434
422
421
393
383
423
388
425
457
420
417
435
437
405
449
432
444
445
455
431
473
480
432
430
483
442
480
447
475
460
449
404
470
476
461
431
473
473
431
447
460
476
474
491
475
480
413
439
473
445
468
460
383
435
463
456
512
504
464
434
481
462
505
479
454
487
460
436
483
505
502
483
469
480
509
437
500
478
469
439
517
489
455
500
501
455
459
468
501
476
488
526
494
482
523
512
513
509
495
460
479
539
478
529
518
493
467
476
473
533
555
483
531
535
538
561
553
546
564
510
515
528
523
515
530
509
516
542
519
522
517
456
522
562
497
557
544
572
529
532
553
503
535
509
527
526
540
522
595
552
583
534
599
596
522
544
588
532
544
572
594
594
530
545
568
554
551
546
610
578
609
550
568
565
541
537
529
543
548
597
446
566
558
545
598
528
556
568
568
560
617
541
572
592
585
524
529
608
596
620
594
621
580
582
574
618
580
577
599
634
625
610
578
575
583
580
654
596
537
627
593
605
586
601
605
554
591
543
588
570
528
581
578
583
591
618
624
601
576
591
632
630
563
628
586
629
574
587
668
641
630
623
603
601
633
591
643
606
629
609
568
603
640
616
646
648
615
595
606
622
633
636
646
608
617
648
614
606
634
665
635
614
619
656
642
674
644
624
617
625
619
651
691
635
657
637
687
654
631
632
688
651
592
632
659
610
623
581
537
631
654
683
654
656
636
639
628
650
647
605
632
683
665
617
638
682
634
656
710
649
685
634
635
631
674
698
642
624
720
700
654
659
633
639
708
722
683
690
701
691
641
683
671
670
644
642
669
689
618
712
698
630
722
692
692
679
689
631
665
697
716
690
675
696
656
702
714
682
678
711
645
715
681
677
707
722
740
610
678
709
661
704
628
707
692
628
696
698
718
663
705
711
674
694
684
666
759
724
706
711
706
692
751
751
746
688
670
668
721
699
743
675
714
680
729
742
645
732
693
706
680
726
733
744
662
690
544
701
722
686
717
694
756
718
739
704
664
724
743
660
711
706
703
767
684
723
721
725
723
667
719
702
751
712
755
682
710
729
715
749
768
710
732
735
724
690
696
721
708
719
790
796
749
685
769
757
738
749
756
743
695
720
776
735
700
741
738
754
684
746
681
711
695
708
732
780
688
744
762
733
730
711
724
713
781
681
701
749
728
696
732
732
769
700
791
769
748
779
728
758
736
690
710
697
751
779
742
746
724
723
719
739
759
726
769
775
763
720
746
714
731
754
802
833
767
718
741
754
700
776
792
720
748
738
614
738
760
786
766
740
751
718
764
736
759
715
742
760
696
745
737
778
762
773
797
751
742
795
732
776
758
777
761
793
775
801
766
757
788
768
744
746
730
738
762
722
729
724
789
750
761
647
782
793
766
733
780
748
743
765
772
792
758
754
766
713
792
762
784
719
795
800
770
696
692
748
781
733
704
731
768
761
735
679
644
811
763
785
758
745
777
758
774
803
740
743
732
823
820
725
779
759
746
811
755
738
780
736
758
778
724
774
769
751
793
732
708
758
763
793
764
775
793
747
783
760
753
760
809
751
726
742
646
749
720
771
767
757
745
751
790
773
775
753
815
770
763
710
739
771
767
714
758
727
764
757
699
759
733
733
768
802
695
735
818
736
720
779
742
734
722
756
763
765
797
746
801
770
743
670
743
730
739
760
745
759
766
754
751
725
697
748
748
734
717
730
720
713
691
715
757
802
711
734
736
784
710
747
725
691
700
652
649
773
753
713
767
763
741
691
715
763
748
761
759
770
768
723
737
728
707
721
702
706
733
755
747
692
719
749
742
716
723
726
738
752
694
673
771
725
707
722
756
742
762
736
746
730
737
710
605
717
752
723
684
776
707
739
713
693
692
658
734
740
711
631
690
696
719
683
775
643
676
702
710
726
746
691
730
705
664
701
755
738
688
716
712
740
686
714
768
740
727
688
728
727
703
617
706
716
694
757
681
717
680
684
712
671
709
654
685
712
696
676
677
730
714
731
735
688
678
670
755
680
662
673
725
666
686
587
619
704
707
707
709
678
684
688
667
661
694
679
716
693
669
716
684
728
655
685
713
679
708
680
707
648
695
676
667
679
712
682
671
691
674
661
678
658
702
703
696
677
671
658
694
705
662
655
557
635
681
672
678
660
640
669
655
628
674
641
669
636
645
636
678
682
603
683
679
681
667
663
729
653
646
618
594
675
641
628
643
664
632
618
674
639
655
641
667
593
637
666
678
623
655
620
670
655
670
636
643
594
647
625
662
653
631
607
658
658
649
595
652
610
614
674
672
624
607
642
659
588
595
615
649
607
632
541
565
626
661
636
660
594
611
652
607
624
600
593
620
643
643
558
606
619
606
641
599
600
599
594
635
622
549
569
629
600
594
570
601
582
622
604
602
571
607
572
572
579
569
553
587
569
525
631
503
558
577
594
610
614
605
566
608
598
567
590
553
598
560
540
547
564
526
580
595
569
579
568
588
572
603
555
605
561
563
531
570
578
549
574
603
591
548
557
576
602
558
532
536
556
530
516
519
560
524
545
566
534
507
523
518
614
553
570
586
488
523
511
547
508
532
507
531
516
542
535
538
580
537
541
556
549
539
499
481
521
527
505
523
575
562
492
541
545
551
524
546
518
482
480
487
519
512
505
527
549
528
497
535
537
478
503
528
528
550
495
520
557
488
505
514
559
513
502
503
516
490
493
504
473
490
504
408
475
488
503
540
487
503
469
488
533
477
497
520
472
483
476
476
500
444
472
486
476
445
490
521
476
459
429
483
480
457
495
480
501
477
500
484
485
438
434
477
463
506
462
440
469
472
422
471
472
494
459
509
483
473
479
468
477
459
409
466
446
436
433
477
452
474
469
494
479
467
423
445
445
416
436
506
449
445
379
397
477
375
438
447
414
421
419
425
445
403
436
459
408
427
413
420
396
429
457
420
446
420
405
386
426
433
437
428
447
451
420
435
439
406
405
429
437
429
402
434
438
404
399
401
431
441
401
331
433
447
442
443
391
367
374
401
400
392
388
408
433
386
360
406
380
406
400
381
363
363
382
402
397
396
364
380
391
386
403
374
378
380
382
397
385
363
340
392
356
377
346
335
400
385
329
390
373
338
382
443
366
377
336
394
346
362
360
344
392
359
374
390
299
351
377
352
366
388
350
382
351
400
341
356
386
383
320
327
325
337
360
367
349
337
341
339
348
342
341
369
358
328
337
332
374
335
315
344
360
332
367
342
341
302
380
369
331
367
317
317
325
319
359
351
324
350
337
335
307
298
325
337
315
317
304
271
293
322
336
343
314
321
354
337
337
265
300
297
323
303
272
303
298
306
334
310
317
338
338
307
313
288
313
308
311
323
312
314
304
294
307
308
315
296
289
322
313
291
299
295
260
304
282
298
301
277
291
309
276
309
290
301
273
262
271
290
303
263
264
274
305
305
272
295
271
305
273
275
298
295
256
289
278
252
255
256
303
288
251
294
282
257
241
297
287
236
256
248
269
280
249
258
248
249
268
283
291
257
254
259
278
254
244
252
236
245
234
271
252
257
266
242
271
220
255
291
260
225
224
255
230
253
243
191
266
244
236
233
265
208
245
256
256
230
239
246
230
213
227
229
218
217
260
240
235
251
228
254
204
226
264
234
225
230
224
244
225
230
230
207
224
241
230
193
187
232
236
224
222
245
202
225
206
231
212
209
206
221
205
235
209
240
213
218
215
239
208
219
226
220
228
207
218
193
225
219
207
185
227
222
215
196
163
180
194
206
210
205
209
212
194
200
234
202
203
210
203
163
182
195
196
195
186
185
194
216
202
197
220
166
219
173
206
181
158
216
208
185
205
202
195
192
190
174
199
180
180
181
180
193
201
160
190
158
183
205
209
161
163
176
167
175
192
159
178
172
184
169
178
182
185
186
188
157
159
206
161
156
166
183
186
183
176
188
178
161
150
165
186
169
159
160
149
159
168
152
153
154
146
173
172
169
159
154
157
141
148
171
147
172
160
145
136
158
144
157
166
146
139
159
139
179
160
152
137
150
159
140
149
151
125
118
154
155
131
160
144
153
145
137
157
154
145
170
153
175
138
140
137
126
147
150
139
149
133
135
150
155
150
138
154
157
109
126
124
139
166
140
118
150
125
132
129
112
133
121
143
135
136
116
129
120
142
117
133
113
115
134
119
126
137
129
115
116
120
114
138
127
138
138
137
128
126
120
147
132
111
123
108
138
121
105
118
126
130
96
109
105
113
110
121
118
127
105
118
101
127
105
116
96
105
122
119
121
119
83
107
113
104
113
112
105
103
104
130
89
94
108
104
99
122
113
107
102
101
110
104
117
96
96
94
95
100
80
94
93
98
115
110
90
111
94
100
99
97
111
93
101
95
94
85
98
84
93
95
86
84
96
103
117
90
93
89
109
108
69
103
112
81
97
95
90
88
105
99
92
92
74
92
87
78
87
88
97
78
77
101
92
70
86
86
72
88
75
82
90
78
74
82
72
73
71
74
94
86
75
66
75
84
92
101
85
77
74
77
77
81
81
81
84
77
92
71
80
95
91
67
85
76
87
90
85
77
73
85
71
76
72
73
82
100
86
78
84
66
80
88
57
89
65
60
58
64
59
61
72
72
57
78
81
66
67
59
65
71
73
86
56
65
73
68
47
66
58
81
62
64
67
60
64
75
57
59
60
77
57
55
71
53
61
60
65
62
49
61
66
41
53
57
43
55
56
53
60
54
49
81
61
53
56
51
66
60
66
80
54
49
45
55
58
61
56
61
58
66
52
66
63
55
55
61
63
47
55
41
59
57
53
51
41
57
50
60
57
51
48
53
45
60
53
46
53
50
44
44
51
58
50
43
51
55
47
40
43
54
47
54
52
50
47
39
49
56
47
37
49
48
25
38
41
45
50
46
47
36
36
47
41
47
55
35
46
55
45
40
45
40
44
38
53
43
46
37
53
42
52
41
48
53
38
42
47
51
40
45
42
36
42
42
36
49
41
41
47
47
36
46
49
35
34
40
39
49
44
37
36
34
45
32
37
41
45
36
39
31
36
25
36
43
38
38
40
40
37
29
35
29
42
36
43
42
34
30
28
30
42
46
40
33
34
27
34
26
31
48
33
37
38
31
21
28
31
20
36
32
29
30
30
45
35
30
28
30
25
41
35
33
31
33
30
15
31
38
22
29
26
29
30
38
24
35
31
23
24
22
27
21
22
30
22
27
32
26
18
28
36
33
29
25
34
27
38
23
30
28
35
23
29
28
26
29
29
35
26
20
32
26
33
26
31
20
15
23
23
29
19
25
21
26
21
17
16
17
23
17
19
12
17
19
18
30
18
24
13
24
20
23
18
22
26
20
22
35
28
23
14
19
25
15
26
15
31
22
14
23
17
20
30
33
18
20
23
28
11
27
23
23
19
20
19
18
26
25
22
16
17
14
21
19
17
30
9
15
14
13
20
12
22
18
28
25
15
23
24
15
17
20
21
24
14
13
17
22
17
13
17
17
21
19
19
16
13
13
15
27
16
16
10
22
21
14
17
13
18
15
15
14
21
20
19
19
15
17
14
16
13
13
13
10
14
23
18
13
13
12
18
16
14
20
8
15
26
15
15
10
13
16
19
9
17
11
21
15
15
9
16
9
21
13
22
14
20
17
12
14
14
14
14
14
8
9
15
17
9
15
16
18
12
7
11
7
10
13
10
12
15
17
9
7
10
14
16
11
16
15
11
15
9
11
12
8
9
10
11
12
15
10
8
19
10
14
9
9
14
9
19
9
11
15
7
13
8
12
6
11
11
13
9
9
8
15
9
10
12
8
5
9
15
6
6
8
6
4
11
12
7
11
8
12
7
8
11
6
9
12
16
9
17
8
10
10
6
9
14
8
12
7
6
9
9
10
11
4
13
12
12
7
6
13
7
7
9
8
8
6
7
10
7
10
6
8
6
4
12
11
4
5
9
6
6
3
10
8
4
5
4
6
6
10
6
7
4
10
12
11
9
10
10
5
7
7
8
5
5
6
3
4
9
6
9
6
6
6
8
6
6
9
5
7
6
7
8
6
8
7
7
5
4
9
7
13
9
4
8
5
5
5
6
7
7
5
5
8
6
7
6
7
8
7
7
6
7
8
8
7
6
9
6
7
7
5
6
3
4
4
8
6
4
6
10
9
7
6
8
3
2
6
5
7
4
1
7
7
5
7
6
4
4
7
4
3
4
2
2
3
5
5
5
2
3
2
13
7
5
2
4
5
4
8
9
8
1
5
3
3
4
4
4
3
4
3
2
2
3
2
1
5
0
2
13
2
7
7
3
3
4
3
3
2
2
5
5
1
6
3
5
5
2
2
1
1
3
2
1
5
6
6
0
4
5
3
2
3
6
3
6
1
1
4
3
2
3
1
4
2
4
1
2
0
9
5
5
2
3
5
0
1
4
4
3
2
1
2
2
0
6
5
3
3
5
1
4
2
4
5
4
3
2
4
4
0
1
3
3
5
4
3
6
2
4
3
2
4
1
3
4
6
2
7
4
4
0
2
1
2
4
3
4
4
3
3
2
5
5
1
2
4
2
4
1
1
3
2
2
4
4
5
2
6
3
3
0
2
1
4
3
3
0
3
1
1
2
2
3
3
4
2
6
1
1
3
2
0
2
2
4
2
2
1
3
1
1
1
4
0
5
1
1
3
2
1
3
3
1
1
1
2
3
2
2
3
2
1
4
0
2
0
2
0
4
3
3
0
3
3
1
0
2
2
4
1
0
1
4
1
4
1
3
2
3
1
2
0
2
0
1
5
1
0
0
0
2
2
0
1
3
2
1
1
0
2
1
2
1
3
0
4
0
0
0
3
0
1
1
2
4
0
0
1
0
1
0
1
1
0
2
1
0
3
0
1
4
1
0
2
0
1
0
3
0
1
0
1
1
1
4
3
1
0
4
0
1
1
1
2
0
1
1
0
0
0
1
1
1
0
2
1
1
1
0
2
3
0
1
0
0
0
0
0
1
0
3
1
1
1
0
1
1
1
0
0
1
3
1
1
0
1
0
3
3
1
0
1
0
0
1
2
1
2
3
1
2
0
3
2
1
0
1
0
0
0
1
0
3
1
0
2
1
0
1
1
1
0
1
2
1
1
1
0
1
1
0
0
3
0
2
0
1
0
1
0
1
1
1
0
0
0
0
1
1
2
1
1
4
0
2
0
0
0
0
0
1
2
1
0
0
0
0
0
1
2
1
1
1
1
0
1
0
0
0
0
3
1
0
0
0
0
3
1
1
0
0
0
0
1
0
0
0
1
0
0
1
0
0
1
1
2
0
0
0
0
0
1
0
0
0
2
0
1
0
1
0
0
0
1
0
0
0
1
1
1
0
0
1
1
2
0
0
0
0
0
0
0
0
0
0
0
0
0
1
0
1
0
0
0
0
0
0
0
0
1
0
1
0
0
1
0
1
0
1
0
2
0
1
0
0
0
0
1
0
0
0
1
0
0
0
0
0
0
1
0
0
0
0
2
0
0
1
1
0
0
0
0
0
0
0
1
0
0
1
0
0
0
0
1
0
1
0
1
0
1
0
1
0
0
4
0
1
0
0
0
0
1
0
0
1
0
1
0
1
1
0
0
0
0
0
1
0
0
0
0
0
0
0
0
0
0
0
0
0
0
1
0
0
1
1
0
0
0
0
0
1
0
1
0
0
0
1
0
0
0
0
1
1
0
0
0
1
0
0
1
0
1
0
0
0
0
0
0
0
0
0
0
1
0
0
0
0
0
0
0
0
0
0
0
0
2
0
0
0
0
0
0
0
0
0
0
0
0
0
0
0
0
0
1
0
0
1
1
0
0
0
1
1
0
0
0
0
0
0
1
0
0
0
0
0
1
1
1
0
0
0
0
0
0
0
0
0
0
0
0
0
0
0
0
0
0
0
0
0
0
0
2
0
0
0
0
0
0
0
0
0
0
0
0
0
0
1
0
0
0
0
0
0
0
1
0
0
0
0
0
0
0
0
0
0
0
0
0
1
0
0
0
0
0
0
0
0
0
0
1
0
0
0
1
0
0
0
0
0
0
0
0
0
0
0
0
1
0
0
0
0
0
0
0
0
1
0
0
0
0
0
0
0
0
0
0
0
0
0
0
0
0
0
0
0
0
0
0
0
1
0
0
0
0
0
0
0
0
0
0
0
0
0
0
0
1
0
0
0
0
0
0
1
0
0
0
1
0
0
0
1
0
0
0
0
0
0
0
0
0
0
0
0
0
0
0
0
0
0
0
0
0
0
0
0
0
0
0
0
1
0
0
0
0
0
0
0
0
0
0
0
0
0
0
0
0
0
0
0
0
0
0
0
0
0
0
0
0
0
0
0
0
0
0
0
0
0
0
0
0
0
0
0
0
0
1
0
0
0
0
0
1
0
0
0
0
0
0
0
0
0
0
0
0
0
0
0
0
0
0
0
0
0
0
0
0
0
0
0
0
0
1
0
0
0
0
0
0
0
0
0
0
0
0
0
0
0
0
0
0
0
0
0
0
0
0
0
0
0
0
0
0
0
0
0
0
0
0
0
0
0
0
0
0
0
0
0
0
0
0
0
0
0
0
0
0
0
0
0
0
0
0
0
0
0
0
0
0
0
0
0
0
0
0
0
0
0
0
0
0
0
0
0
0
0
0
0
0
0
1
0
0
0
0
0
0
1
0
0
0
0
0
0
0
0
0
0
0
0
0
0
0
0
0
0
0
0
0
0
0
0
0
0
0
0
0
0
0
0
0
0
0
0
0
0
0
0
0
0
0
0
0
0
0
0
0
0
0
0
0
0
0
0
0
0
0
0
0
0
0
0
0
0
0
0
0
0
0
0
0
0
0
0
0
0
0
0
0
0
0
0
0
0
0
0
0
0
0
0
0
0
0
0
0
0
0
0
0
0
0
0
0
0
0
0
0
0
0
0
0
0
0
0
0
0
0
0
0
0
0
0
0
0
0
0
0
0
0
0
0
0
0
0
0
0
0
0
0
0
0
0
0
0
0
0
0
0
0
0
0
0
0
0
0
0
0
0
0
0
0
0
0
0
0
0
0
0
0
0
0
0
0
0
0
0
0
0
0
0
0
0
0
0
0
0
0
0
0
0
0
0
0
0
0
0
0
0
0
0
0
0
0
0
0
0
0
0
0
0
0
0
0
0
0
0
0
0
0
0
0
0
0
0
0
0
0
0
0
0
0
0
0
0
0
0
0
0
0
0
0
0
0
0
0
0
0
0
0
0
0
0
0
0
0
0
0
0
0
0
0
0
0
0
0
0
1
0
0
0
0
0
0
0
0
0
0
0
0
0
0
0
0
0
0
0
0
0
0
0
0
0
0
0
0
0
0
0
0
0
0
0
0
0
0
0
0
0
0
0
0
0
0
0
0
0
0
0
0
0
0
0
0
0
0
0
0
0
0
0
0
0
0
0
0
0
0
0
0
0
0
0
0
0
0
0
0
0
0
0
0
0
0
0
0
0
0
0
0
0
0
0
0
0
0
0
0
0
0
0
0
0
0
0
0
0
0
0
0
0
0
0
0
0
0
0
0
0
0
0
0
0
0
0
0
0
0
0
0
0
0
0
0
0
0
0
0
0
0
0
0
0
0
0
0
0
0
0
0
0
0
0
0
0
0
0
0
0
0
0
0
0
0
0
0
0
0
0
0
0
0
0
0
0
0
0
0
0
0
0
0
0
0
0
0
0
0
0
0
0
0
0
0
0
0
0
0
0
0
0
0
0
0
0
0
0
0
0
0
0
0
0
0
0
0
0
0
0
0
0
0
0
0
0
0
0
0
0
0
0
0
0
0
0
0
0
0
0
0
0
0
0
0
0
0
0
0
0
0
0
0
0
0
0
0
0
0
0
1
0
0
0
0
0
0
0
0
0
0
0
0
0
0
0
0
0
0
0
0
0
0
0
0
0
0
0
0
0
0
0
0
0
0
0
0
0
0
0
0
0
0
0
0
0
0
0
0
0
0
0
0
0
0
0
0
0
0
0
0
0
0
0
0
0
0
0
0
0
0
0
0
0
0
0
0
0
0
0
0
0
0
0
0
0
0
0
0
0
0
0
0
0
0
0
0
0
0
0
0
0
0
0
0
0
0
0
0
0
0
0
0
0
0
0
0
0
0
0
0
0
0
0
0
0
0
0
0
0
0
0
0
0
0
0
0
0
0
0
0
0
0
0
0
0
0
0
0
0
0
0
0
0
0
0
0
0
0
0
0
0
0
0
0
0
0
0
0
0
0
0
0
0
0
0
0
0
0
0
0
0
0
0
0
0
0
0
0
0
0
0
0
0
0
0
0
0
0
0
0
0
0
0
0
0
0
0
0
0
0
0
0
0
0
0
0
0
0
0
0
0
0
0
0
0
0
0
0
0
0
0
0
0
0
0
0
0
0
0
0
0
0
0
0
0
0
0
0
0
0
0
0
0
0
0
0
0
0
0
0
0
0
0
0
0
0
0
0
0
0
0
0
0
0
0
0
0
0
0
0
0
0
0
0
0
0
0
0
0
0
0
0
0
0
0
0
0
0
0
0
0
0
0
0
0
0
0
0
0
0
0
0
0
0
0
0
0
0
0
0
0
0
0
0
0
0
0
0
0
0
0
0
0
0
0
0
0
0
0
0
0
0
0
0
0
0
0
0
0
0
0
0
0
0
0
0
0
0
0
0
0
0
0
0
0
0
0
0
0
0
0
0
0
0
0
0
0
0
0
0
0
0
0
0
0
0
0
0
0
0
0
0
0
0
0
0
0
0
0
0
0
0
0
0
0
0
0
0
0
0
0
0
0
0
0
0
0
0
0
0
0
0
0
0
0
0
0
0
0
0
0
0
0
0
0
0
0
0
0
0
0
0
0
0
0
0
0
0
0
0
0
0
0
0
0
0
0
0
0
0
0
0
0
0
0
0
0
0
0
0
0
0
0
0
0
0
0
0
0
0
0
0
0
0
0
0
0
0
0
0
0
0
0
0
0
0
0
0
0
0
0
0
0
0
0
0
0
0
0
0
0
0
0
0
0
0
0
0
0
0
0
0
0
0
0
0
0
0
0
0
0
0
0
0
0
0
0
0
0
0
0
0
0
0
0
0
0
0
0
0
0
0
0
0
0
0
0
0
0
0
0
0
0
0
0
0
0
0
0
0
0
0
0
0
0
0
0
0
0
0
0
0
0
0
0
0
0
0
0
0
0
0
0
0
0
0
0
0
0
0
0
0
0
0
0
0
0
0
0
0
0
0
0
0
0
0
0
0
0
0
0
0
0
0
0
0
0
0
0
0
0
0
0
0
0
0
0
0
0
0
0
0
0
0
0
0
0
0
0
0
0
0
0
0
0
0
0
0
0
0
0
0
0
0
0
0
0
0
0
0
0
0
0
0
0
0
0
0
0
0
0
0
0
0
0
0
0
0
0
0
0
0
0
0
0
0
0
0
0
0
0
0
0
0
0
0
0
0
0
0
0
0
0
0
0
0
0
0
0
0
0
0
0
0
0
0
0
0
0
0
0
0
0
0
0
0
0
0
0
0
0
0
0
0
0
0
0
0
0
0
0
0
0
0
0
0
0
0
0
0
0
0
0
0
0
0
0
0
0
0
0
0
0
0
0
0
0
0
0
0
0
0
0
0
0
0
0
0
0
0
0
0
0
0
0
0
0
0
0
0
0
0
0
0
0
0
0
0
0
0
0
0
0
0
0
0
0
0
0
0
0
0
0
0
0
0
0
0
0
0
0
0
0
0
0
0
0
0
0
0
0
0
0
0
0
0
0
0
0
0
0
0
0
0
0
0
0
0
0
0
0
0
0
0
0
0
0
0
0
0
0
0
0
0
0
0
0
0
0
0
0
0
0
0
0
0
0
0
0
0
0
0
0
0
0
0
0
0
0
0
0
0
0
0
0
0
0
0
0
0
0
0
0
0
0
0
0
0
0
0
0
0
0
0
0
0
0
0
0
0
0
0
0
0
0
0
0
0
0
0
0
0
0
0
0
0
0
0
0
0
0
0
0
0
0
0
0
0
0
0
0
0
0
0
0
0
0
0
0
0
0
0
0
0
0
0
0
0
0
0
0
0
0
0
0
0
0
0
0
0
0
0
0
0
0
0
0
0
0
0
0
0
0
0
0
0
0
0
0
0
0
0
0
0
0
0
0
0
0
0
0
0
0
0
0
0
0
0
0
0
0
0
0
0
0
0
0
0
0
0
0
0
0
0
0
0
0
0
0
0
0
0
0
0
0
0
0
0
0
0
0
0
0
0
0
0
0
0
0
0
0
0
0
0
0
0
0
0
0
0
0
0
0
0
0
0
0
0
0
0
0
0
0
0
0
0
0
0
0
0
0
0
0
0
0
0
0
0
0
0
0
0
0
0
0
0
0
0
0
0
0
0
0
0
0
0
0
0
0
0
0
0
0
0
0
0
0
0
0
0
0
0
0
0
0
0
0
0
0
0
0
0
0
0
0
0
0
0
0
0
0
0
0
0
0
0
0
0
0
0
0
0
0
0
0
0
0
0
0
0
0
0
0
0
0
0
0
0
0
0
0
0
0
0
0
0
0
0
0
0
0
0
0
0
0
0
0
0
0
0
0
0
0
0
0
0
0
0
0
0
0
0
0
0
0
0
0
0
0
0
0
0
0
0
0
0
0
0
0
0
0
0
0
0
0
0
0
0
0
0
0
0
0
0
0
0
0
0
0
0
0
0
0
0
0
0
0
0
0
0
0
0
0
0
0
0
0
0
0
0
0
0
0
0
0
0
0
0
0
0
0
0
0
0
0
0
0
0
0
0
0
0
0
0
0
0
0
0
0
0
0
0
0
0
0
0
0
0
0
0
0
0
0
0
0
0
0
0
0
0
0
0
0
0
0
0
0
0
0
0
0
0
0
0
0
0
0
0
0
0
0
0
0
0
0
0
0
0
0
0
0
0
0
0
0
0
0
0
0
0
0
0
0
0
0
0
0
0
0
0
0
0
0
0
0
0
0
0
0
0
0
0
0
0
0
0
0
0
0
0
0
0
0
0
0
0
0
0
0
0
0
0
0
0
0
0
0
0
0
0
0
0
0
0
0
0
0
0
0
0
0
0
0
0
0
0
0
0
0
0
0
0
0
0
0
0
0
0
0
0
0
0
0
0
0
0
0
0
0
0
0
0
0
0
0
0
0
0
0
0
0
0
0
0
0
0
0
0
0
0
0
0
0
0
0
0
0
0
0
0
0
0
0
0
0
0
0
0
0
0
0
0
0
0
0
0
0
0
0
0
0
0
0
0
0
0
0
0
0
0
0
0
0
0
0
0
0
0
0
0
0
0
0
0
0
0
0
0
0
0
0
0
0
0
0
0
0
0
0
0
0
0
0
0
0
0
0
0
0
0
0
0
0
0
0
0
0
0
0
0
0
0
0
0
0
0
0
0
0
0
0
0
0
0
0
0
0
0
0
0
0
0
0
0
0
0
0
0
0
0
0
0
0
0
0
0
0
0
0
0
0
0
0
0
0
0
0
0
0
0
0
0
0
0
0
0
0
0
0
0
0
0
0
0
0
0
0
0
0
0
0
0
0
0
0
0
0
0
0
0
0
0
0
0
0
0
0
0
0
0
0
0
0
0
0
0
0
0
0
0
0
0
0
0
0
0
0
0
0
0
0
0
0
0
0
0
0
0
0
0
0
0
0
0
0
0
0
0
0
0
0
0
0
0
0
0
0
0
0
0
0
0
0
0
0
0
0
0
0
0
0
0
0
0
0
0
0
0
0
0
0
0
0
0
0
0
0
0
0
0
0
0
0
0
0
0
0
0
0
0
0
0
0
0
0
0
0
0
0
0
0
0
0
0
0
0
0
0
0
0
0
0
0
0
0
0
0
0
0
0
0
0
0
0
0
0
0
0
0
0
0
0
0
0
0
0
0
0
0
0
0
0
0
0
0
0
0
0
0
0
0
0
0
0
0
0
0
0
0
0
0
0
0
0
0
0
0
0
0
0
0
0
0
0
0
0
0
0
0
0
0
0
0
0
0
0
0
0
0
0
0
0
0
0
0
0
0
0
0
0
0
0
0
0
0
0
0
0
0
0
0
0
0
0
0
0
0
0
0
0
0
0
0
0
0
0
0
0
0
0
0
0
0
0
0
0
0
0
0
0
0
0
0
0
0
0
0
0
0
0
0
0
0
