0
0
0
0
0
0
0
0
0
0
0
0
0
0
0
0
0
0
0
0
0
0
0
0
0
0
0
0
0
0
0
0
0
0
0
0
0
0
0
0
0
0
0
0
0
0
0
0
0
0
0
1
0
0
0
0
0
0
0
0
1
0
0
0
0
0
0
0
0
1
1
0
0
0
0
0
0
0
0
1
0
0
0
0
0
0
0
0
0
0
0
0
0
0
0
0
0
0
0
0
0
0
0
0
0
0
0
0
0
0
1
1
0
0
0
0
0
0
0
0
1
1
0
0
0
0
0
0
0
0
0
0
0
0
0
0
0
0
0
0
0
0
0
0
0
0
0
0
0
0
0
0
0
1
0
0
0
0
0
0
0
0
1
0
0
0
1
0
0
0
0
1
0
0
0
0
0
0
0
0
0
0
0
0
1
1
1
0
0
1
0
0
1
0
1
0
0
0
2
0
0
0
0
0
0
2
1
0
0
0
0
0
0
0
0
2
1
0
0
0
0
0
1
0
1
0
0
0
1
1
0
0
1
1
0
0
0
1
0
0
1
0
1
0
0
1
2
0
1
0
0
0
1
1
0
2
1
0
0
0
0
1
2
0
0
1
0
1
0
0
0
1
0
0
1
1
0
0
0
0
0
1
0
0
1
2
1
0
1
0
0
0
0
0
1
0
0
1
0
0
1
0
0
0
1
2
0
0
1
0
1
0
0
2
2
2
0
0
1
0
0
0
1
0
0
0
0
2
1
2
1
1
2
1
0
2
2
1
1
0
2
2
1
2
3
2
0
2
2
1
1
2
1
1
1
0
1
1
2
0
1
0
0
1
0
0
2
1
1
2
0
0
0
1
1
1
1
1
0
1
0
0
1
1
0
3
0
3
4
1
2
0
1
6
2
1
0
2
3
2
0
1
1
6
0
1
2
2
1
0
1
2
2
1
2
2
1
1
0
2
3
2
3
2
2
2
1
1
1
3
2
3
0
2
1
0
0
2
1
1
2
0
3
1
1
1
2
2
1
2
1
3
2
1
1
0
2
2
0
1
0
4
1
8
1
0
3
3
3
5
0
4
4
5
3
1
3
0
1
3
1
3
4
2
3
2
3
4
3
1
0
2
5
3
1
1
1
3
3
6
4
2
2
1
1
2
2
6
4
2
4
5
3
1
1
3
5
4
2
5
4
0
6
5
3
3
2
4
1
6
5
5
4
1
5
3
7
5
3
2
5
4
3
1
2
5
0
5
3
5
3
4
4
3
4
3
5
6
0
8
2
6
5
7
2
5
4
3
3
4
3
2
3
7
8
5
3
4
5
9
4
6
3
4
6
7
2
3
6
4
6
5
4
7
6
6
6
7
7
8
3
6
8
7
7
3
8
4
8
4
8
5
4
3
7
9
5
10
5
7
6
8
11
5
5
7
7
6
13
12
7
7
8
6
12
3
8
8
8
5
7
7
7
5
7
7
11
8
8
6
8
7
9
7
4
9
12
6
7
4
6
4
8
6
4
10
9
8
6
6
9
13
6
9
6
11
5
8
17
13
9
8
10
10
7
12
7
11
9
8
11
8
7
14
6
12
8
6
7
7
10
16
9
15
12
10
8
9
11
13
3
13
7
11
7
18
13
12
14
9
8
9
6
10
15
16
11
9
10
7
10
14
12
11
8
11
10
14
9
11
13
16
13
14
6
12
11
9
12
6
14
14
15
8
18
17
18
13
17
20
14
18
11
9
16
15
19
21
12
15
11
17
12
10
13
14
8
15
19
11
14
11
14
13
22
19
21
14
23
8
18
23
15
11
15
14
11
22
24
10
14
19
22
14
18
13
25
20
28
13
28
17
11
33
21
19
25
16
14
25
20
18
17
23
11
23
24
18
24
22
19
13
21
13
17
12
21
21
16
23
18
25
28
15
30
21
28
31
24
19
18
25
22
19
31
23
15
24
22
30
21
18
30
21
20
24
23
27
22
28
29
24
22
28
22
23
24
23
31
33
22
30
21
20
34
36
19
29
36
20
26
23
27
27
30
34
27
17
32
35
23
21
24
26
25
25
31
24
38
34
31
31
24
33
28
29
36
27
26
33
41
33
29
28
29
30
39
39
32
39
34
44
31
27
43
37
32
33
25
33
35
43
42
34
32
27
45
41
49
41
50
40
37
40
44
26
31
44
44
39
33
43
39
39
44
39
39
53
39
33
44
40
44
49
37
35
59
48
39
47
34
49
41
37
48
43
42
36
29
49
42
52
43
42
44
48
43
47
53
34
42
41
50
52
44
59
48
48
45
39
45
49
44
41
45
41
44
41
44
60
42
47
48
54
60
49
45
51
54
54
50
68
57
48
60
57
56
55
60
62
51
78
50
65
53
55
63
52
48
62
54
39
58
58
60
67
65
42
45
55
55
50
67
54
49
70
56
66
71
70
58
63
54
58
69
67
78
63
58
78
59
69
88
53
68
72
61
62
70
52
66
65
54
58
74
59
67
85
62
68
98
70
63
69
78
79
70
76
76
67
80
76
86
87
74
72
66
80
70
80
84
79
83
74
80
77
79
81
88
84
67
73
68
78
91
79
68
66
78
84
93
74
89
74
102
83
85
85
79
73
85
98
87
83
75
74
86
74
86
75
96
78
85
92
80
93
88
82
86
74
79
87
92
85
96
69
110
91
106
66
109
93
86
93
95
80
99
93
94
86
102
110
97
98
91
97
103
96
98
84
92
111
101
100
104
114
106
92
103
99
99
117
104
105
96
120
116
91
101
106
101
122
108
127
101
96
109
104
101
116
111
102
104
113
111
116
116
129
108
111
118
110
114
114
102
102
112
135
115
98
119
133
114
119
139
117
130
128
112
115
119
113
127
120
119
130
152
138
122
118
118
130
140
117
162
116
128
137
145
125
125
148
117
117
138
131
126
145
146
128
136
136
148
146
128
158
149
157
136
136
141
124
149
177
144
151
119
124
151
127
129
157
140
152
135
162
148
147
139
142
153
146
153
148
187
152
136
141
176
149
144
146
132
155
144
167
159
174
150
154
163
144
154
169
144
180
123
175
149
165
157
178
175
158
141
167
160
190
155
179
189
166
172
179
163
169
175
162
158
191
164
182
155
171
147
190
168
177
179
186
193
177
168
177
203
173
175
150
174
186
198
189
185
181
188
206
198
188
201
209
190
196
186
164
188
192
154
214
194
178
192
190
183
212
172
198
200
203
180
205
196
228
198
209
205
206
221
211
174
177
206
228
211
220
219
159
218
203
208
214
222
224
218
205
239
212
236
233
228
215
253
203
216
211
229
233
232
228
225
238
247
219
254
224
236
227
245
230
240
241
226
247
232
213
241
238
225
232
225
249
261
258
219
241
243
251
244
260
240
260
244
243
253
251
271
264
231
273
262
261
256
267
262
241
287
250
263
276
264
258
249
265
272
249
258
249
271
228
258
274
253
261
234
284
230
273
281
267
294
275
250
268
267
266
248
257
284
261
275
268
265
271
262
299
260
313
263
290
262
307
243
300
276
290
310
304
270
303
288
276
300
281
300
249
255
299
295
271
307
269
268
279
314
288
266
303
275
293
287
280
289
273
331
310
320
301
306
332
332
307
305
307
320
320
310
331
304
320
312
327
329
287
299
324
320
316
296
299
295
320
265
321
306
326
313
361
296
298
335
358
356
328
340
343
335
345
339
367
324
296
326
340
326
343
337
341
299
334
331
352
338
375
320
311
362
348
311
386
339
356
373
361
359
306
330
377
356
352
379
342
381
389
360
365
357
321
348
378
365
338
391
387
374
388
354
339
396
363
382
364
339
336
356
366
330
397
380
392
395
369
362
328
394
379
420
387
380
405
389
378
418
412
355
431
422
356
368
409
415
377
415
388
393
399
377
376
375
380
410
407
429
400
382
400
421
387
409
426
420
380
399
423
419
418
406
437
430
408
393
432
440
406
414
432
431
430
395
422
451
428
404
435
401
440
402
418
439
406
394
438
424
420
436
459
477
397
389
445
467
465
401
386
437
479
436
481
431
461
467
449
460
433
430
479
441
453
438
473
457
434
472
473
442
456
483
469
497
478
448
464
442
462
425
455
456
434
479
481
493
476
493
495
472
477
429
447
477
451
469
400
487
467
459
501
483
489
480
512
452
452
493
513
484
493
471
484
499
485
487
530
501
448
449
497
514
472
521
485
493
535
492
537
540
429
496
489
488
536
487
504
493
452
530
468
535
497
499
481
479
543
516
527
519
522
523
475
508
477
491
509
537
516
508
540
542
499
514
556
524
528
518
548
552
534
532
547
567
525
500
464
534
544
566
541
504
527
515
545
520
506
540
570
548
476
508
520
533
545
544
602
519
547
501
559
607
539
528
556
553
500
546
538
540
532
541
590
625
549
556
598
535
509
505
554
547
540
520
474
569
519
564
581
554
580
602
607
584
554
532
588
580
561
504
559
553
579
559
571
591
586
577
554
529
600
585
564
609
570
591
562
564
565
584
608
592
562
604
573
576
578
545
618
584
554
526
594
582
561
643
599
582
631
623
609
598
619
617
642
590
645
582
608
622
625
539
634
601
588
581
630
590
630
630
619
617
554
564
547
617
616
592
628
598
609
615
648
654
615
595
584
639
587
603
612
653
602
630
666
613
598
673
628
621
663
580
650
662
670
643
624
614
641
620
681
622
668
633
649
666
630
604
635
627
662
620
510
653
641
629
694
662
605
622
663
661
647
637
649
661
627
628
619
618
662
678
671
638
610
652
652
629
698
668
655
695
650
646
637
645
647
649
666
646
615
690
625
700
707
635
679
697
696
627
665
691
663
708
649
670
645
670
640
685
643
594
696
698
610
633
681
683
674
659
728
707
673
649
712
728
678
646
727
632
712
593
583
672
658
670
681
683
656
689
676
651
666
734
656
686
684
663
735
656
690
686
757
680
668
624
664
720
659
736
698
744
687
719
703
690
650
714
701
679
664
675
694
691
659
662
682
698
716
685
552
723
719
665
758
687
669
711
693
674
729
677
685
753
708
670
706
691
698
733
729
714
711
688
732
671
712
713
699
738
675
730
720
729
740
719
735
710
701
726
722
736
706
658
698
705
686
692
715
739
697
705
739
733
729
713
728
700
735
715
736
686
661
748
685
730
722
742
696
717
692
704
733
691
695
734
698
731
714
669
652
681
724
717
701
726
753
714
739
693
698
734
732
725
722
712
695
739
738
705
766
715
698
699
698
727
724
721
718
729
698
692
730
724
683
691
811
719
787
712
733
753
726
754
774
717
768
666
585
697
714
691
745
658
733
706
749
714
767
773
764
715
720
684
719
705
735
687
736
756
717
695
669
703
721
754
778
738
664
716
732
757
729
693
687
684
729
745
706
754
673
676
775
764
725
691
716
746
750
775
742
705
697
690
752
716
726
702
711
737
739
673
734
696
737
723
813
695
723
732
702
760
735
682
741
743
764
637
647
726
748
704
759
719
717
688
693
737
664
702
693
747
644
738
718
739
739
707
694
728
747
715
737
714
747
719
747
762
703
690
731
712
696
720
719
704
716
670
743
715
719
720
719
716
737
698
620
736
751
704
751
768
764
699
746
741
712
698
705
687
745
701
729
698
740
709
738
689
769
705
775
746
741
720
708
697
674
695
790
739
713
712
753
700
693
708
692
725
646
697
707
717
690
690
711
737
699
714
702
726
653
681
721
708
724
710
705
712
707
721
703
693
734
719
742
695
714
753
733
703
716
743
742
677
732
631
696
768
690
680
744
693
733
686
711
691
709
710
721
686
633
687
699
690
670
719
691
706
665
664
771
690
679
675
692
719
729
715
746
696
701
707
672
711
674
645
680
718
741
665
698
699
714
675
569
680
675
688
730
719
677
641
722
636
659
679
694
721
653
708
646
721
642
689
711
678
689
673
689
708
674
695
670
635
672
652
714
673
706
675
694
713
658
648
682
714
670
667
679
650
619
620
633
681
646
639
674
656
642
650
690
687
681
646
696
697
646
634
626
656
633
649
690
676
652
700
683
675
682
642
709
686
636
618
538
686
653
663
716
644
655
703
654
633
690
651
665
702
662
660
685
625
636
675
681
606
658
666
708
589
634
681
642
706
612
634
644
679
624
697
685
624
621
664
671
676
628
624
669
613
609
583
505
601
571
585
699
613
645
638
668
676
636
614
609
617
641
556
614
606
613
579
603
639
633
591
615
634
579
630
641
625
599
603
594
606
626
596
642
644
613
605
642
599
603
649
654
589
638
565
613
627
583
604
579
643
605
604
614
641
604
592
621
606
625
605
633
642
616
625
645
606
637
597
593
623
597
597
604
612
595
499
503
576
597
571
646
611
562
584
603
533
574
585
617
575
559
621
611
557
551
568
580
625
602
626
572
573
567
605
625
596
553
532
593
586
564
546
600
528
556
567
581
584
569
589
603
610
515
548
452
558
563
541
597
576
535
570
578
525
534
592
553
553
559
564
522
560
537
555
564
593
575
561
525
533
574
575
559
549
550
510
522
547
530
549
561
529
557
528
564
568
543
542
534
585
570
522
535
520
519
515
546
537
528
527
513
494
530
523
525
514
490
512
540
519
500
535
535
523
528
509
514
539
541
571
534
522
510
526
440
521
484
517
569
531
526
506
538
543
460
558
536
488
486
510
543
490
470
527
528
521
494
499
536
583
487
523
479
526
509
479
486
473
508
483
500
509
488
488
458
457
491
477
466
495
455
456
374
485
498
517
493
499
488
458
510
515
474
423
453
430
489
467
456
445
481
428
498
490
483
459
500
490
464
499
439
482
440
461
459
442
401
447
491
429
458
427
482
488
469
475
490
470
453
399
444
426
483
431
452
417
458
437
441
439
473
455
414
430
451
447
404
426
432
419
472
434
424
433
462
436
469
427
431
434
423
388
375
437
446
408
430
407
423
419
418
402
407
442
465
392
449
390
418
463
394
410
419
438
410
407
439
406
422
424
426
444
420
421
403
402
419
417
431
412
441
392
427
402
365
392
403
416
403
404
359
430
403
388
431
433
408
371
396
358
401
344
419
421
407
361
375
412
381
374
381
375
423
403
358
401
368
387
389
408
385
384
381
390
383
378
387
396
362
393
368
380
352
394
374
373
389
355
365
371
361
336
384
374
372
360
347
365
350
350
352
346
368
362
342
359
338
345
350
388
347
343
383
363
347
381
384
345
375
310
331
388
329
349
351
338
346
342
340
361
353
303
368
347
341
366
315
336
344
327
334
331
342
341
359
329
353
320
362
356
332
342
320
329
326
343
341
326
321
326
339
327
348
341
341
330
316
311
275
315
311
312
322
331
325
329
308
315
341
289
303
316
337
277
289
326
316
328
326
296
297
280
332
299
338
310
289
330
277
275
316
322
313
281
334
298
305
289
312
305
334
320
296
317
281
246
283
286
293
307
305
304
270
274
275
261
290
280
277
301
265
293
297
297
303
292
265
287
289
267
280
277
275
280
277
286
261
245
260
265
266
273
272
237
273
285
269
266
246
291
315
302
239
272
290
270
281
239
287
265
275
235
252
257
262
261
280
285
286
276
274
275
251
266
245
271
250
248
245
245
256
250
257
234
261
232
217
243
254
262
281
238
215
221
238
232
254
264
251
239
249
253
232
254
251
260
233
225
234
232
240
253
225
241
229
240
224
252
228
225
232
222
225
250
224
218
210
224
212
247
241
238
242
217
230
239
205
199
219
215
227
226
221
244
224
187
201
196
188
219
211
210
191
254
213
207
237
204
234
197
188
212
239
210
192
197
188
197
207
224
215
187
202
191
220
192
213
193
162
203
180
203
203
188
184
175
234
197
204
187
189
209
198
201
206
194
193
187
178
188
171
192
202
168
202
192
210
199
185
176
177
188
180
186
178
180
176
169
202
178
180
174
196
212
193
174
176
185
166
180
148
184
182
186
213
195
188
152
188
153
166
162
208
167
215
148
173
173
169
173
182
195
180
145
186
172
148
171
171
166
157
148
187
162
158
155
183
176
160
159
182
161
158
175
170
179
155
137
129
147
158
170
149
164
154
149
146
180
168
134
167
153
142
159
147
152
156
165
168
139
161
125
173
165
155
128
160
163
148
141
136
147
149
151
159
135
159
149
158
134
139
147
140
159
131
116
138
130
131
146
170
133
150
129
154
149
138
135
128
132
159
129
112
118
132
119
172
138
129
145
124
128
131
123
163
133
125
112
129
116
129
129
138
132
124
127
124
150
134
120
130
119
122
110
123
124
114
128
110
130
122
119
130
132
118
120
114
123
107
120
114
121
103
134
113
105
124
102
130
112
127
122
142
127
110
118
110
110
98
128
119
105
116
115
115
114
119
112
123
104
100
99
87
93
121
113
121
88
108
110
106
97
110
100
103
107
93
96
92
104
104
91
113
97
115
88
120
118
98
98
105
102
102
95
124
95
95
82
113
94
85
91
105
103
94
96
95
109
99
93
86
86
89
114
88
81
94
86
100
89
94
93
91
94
102
72
87
98
105
97
97
89
93
91
67
84
100
69
86
84
74
72
91
71
104
81
79
84
88
81
85
85
92
77
76
90
76
90
76
68
76
82
89
79
87
74
76
89
72
65
87
72
88
75
67
68
91
86
78
92
75
65
71
71
71
57
74
70
72
84
79
70
69
82
65
62
78
62
72
81
72
76
82
84
65
70
75
64
65
69
81
59
75
77
75
75
55
81
77
60
77
82
77
83
82
71
56
58
67
77
72
74
72
71
59
78
65
60
56
71
70
65
70
46
67
84
67
54
51
68
67
83
54
64
77
64
62
65
64
59
72
60
60
65
60
70
67
60
62
64
53
62
58
61
62
58
49
53
53
65
70
63
69
65
66
68
58
64
61
48
54
55
61
50
64
64
68
47
59
55
66
60
43
37
56
53
47
56
45
63
41
45
57
61
53
48
52
50
46
59
45
39
60
53
38
49
56
51
42
49
53
41
39
50
48
66
45
39
48
51
59
39
49
35
51
35
51
33
52
43
38
64
50
41
64
49
41
48
55
48
32
47
42
45
39
48
38
51
45
47
31
42
26
45
55
46
42
46
44
62
39
44
30
50
52
39
40
50
39
28
50
38
52
39
37
45
37
44
40
43
62
49
39
49
45
36
39
34
33
36
39
49
36
28
43
41
41
32
31
35
44
46
35
35
38
46
40
26
29
49
43
31
35
40
34
32
41
42
40
34
27
26
25
32
28
25
35
39
27
31
34
40
34
36
29
41
39
39
41
25
40
35
28
34
34
39
19
30
29
27
26
33
31
25
27
35
30
32
29
37
31
39
34
30
27
31
32
33
26
24
25
24
34
29
32
27
31
32
14
24
26
19
32
27
34
20
30
24
19
23
29
21
29
24
44
26
27
21
33
23
21
30
29
23
25
33
30
29
30
25
23
32
23
25
16
21
25
33
21
27
23
28
14
18
25
20
20
30
23
20
30
20
25
28
22
15
24
22
22
29
19
25
16
23
8
19
21
16
29
17
30
21
22
17
12
27
26
33
22
18
21
22
21
23
22
25
18
20
19
24
30
24
15
15
22
21
30
19
26
20
20
23
19
13
17
26
24
16
19
14
14
26
12
14
19
17
20
11
21
15
15
9
13
22
19
14
14
17
21
16
17
14
18
19
17
13
17
17
14
10
19
18
19
19
19
12
15
19
14
15
14
19
13
14
22
20
13
17
13
15
14
20
18
15
13
11
11
15
13
10
29
13
12
17
20
24
17
13
17
11
15
14
12
9
14
14
15
15
10
10
17
20
18
17
12
10
14
21
14
13
10
8
9
13
8
18
10
18
17
4
17
18
12
12
13
10
17
12
16
17
14
11
10
12
15
5
14
14
12
13
17
11
14
9
13
10
10
9
11
17
10
12
14
8
14
11
9
11
13
19
11
8
9
7
13
11
10
9
5
12
8
8
14
12
16
7
9
13
3
11
8
11
5
10
6
12
12
4
7
13
12
8
10
12
10
17
4
14
12
7
6
8
14
11
8
9
12
15
18
7
6
10
13
11
12
4
13
6
8
8
10
16
11
12
12
11
6
9
10
6
6
8
13
8
13
11
9
10
14
13
9
11
10
9
7
6
2
8
1
4
5
7
8
10
7
9
12
11
4
3
10
15
11
5
6
11
11
7
6
5
6
6
4
5
3
6
7
3
8
8
9
10
9
14
6
10
5
9
3
6
6
4
7
4
9
9
2
9
4
8
4
9
7
5
3
6
9
3
9
12
5
11
3
4
5
10
10
5
4
6
5
4
6
4
6
4
5
7
9
4
8
1
4
2
8
4
8
8
5
4
3
5
9
4
5
1
13
4
7
3
7
2
3
5
8
9
5
7
2
7
4
5
7
7
6
3
3
3
5
4
7
5
7
4
3
3
5
5
5
6
5
2
3
6
5
2
4
11
3
5
5
4
6
2
8
3
0
8
2
2
4
3
12
7
2
5
4
5
5
4
7
4
3
1
4
2
6
5
3
3
1
5
4
5
4
2
0
5
4
5
3
3
2
9
4
4
2
9
5
4
0
2
4
5
0
2
5
6
4
3
5
1
2
2
2
4
5
6
3
5
9
2
4
2
4
2
3
2
1
3
1
0
1
2
3
3
0
3
4
3
3
4
4
3
4
0
0
4
2
1
6
1
1
5
3
3
3
1
1
2
2
4
5
4
2
2
1
0
5
3
0
2
2
4
2
2
2
4
2
4
3
4
0
3
3
4
1
3
4
3
1
5
2
3
3
4
2
4
0
0
5
3
1
3
0
3
2
1
5
4
2
3
1
3
3
5
3
3
3
4
4
3
0
2
5
2
2
0
3
1
0
1
4
5
2
3
2
3
0
2
3
3
2
2
3
4
3
0
2
0
4
1
1
1
1
2
0
5
1
3
1
0
1
5
1
3
1
1
1
1
1
0
1
0
2
2
1
1
0
2
1
4
1
0
1
4
1
2
1
2
1
3
2
0
1
2
0
3
2
2
1
0
1
1
3
0
1
0
2
3
4
1
2
2
0
3
4
1
3
2
0
0
2
1
1
3
0
3
0
0
2
0
2
4
2
1
0
0
0
1
1
0
0
1
5
3
1
4
0
1
0
0
1
0
3
3
3
1
1
1
0
2
0
1
1
0
1
1
0
1
1
1
0
1
0
2
0
1
3
0
1
1
3
0
1
1
2
1
1
0
0
0
0
0
1
2
0
3
1
1
0
1
1
2
3
1
0
1
0
2
0
0
0
0
3
1
1
0
0
0
2
1
0
0
0
1
0
0
1
1
0
0
1
0
0
1
1
0
0
0
1
1
0
1
1
0
2
0
1
0
2
0
0
1
0
0
0
1
2
0
0
1
0
1
0
0
0
0
0
0
0
1
1
1
1
0
0
1
0
1
0
0
1
0
1
0
2
1
2
1
0
0
0
0
2
0
0
2
2
1
0
0
0
1
0
0
0
1
0
1
2
0
0
0
2
0
0
1
2
1
1
0
0
0
0
1
1
0
0
0
1
1
1
0
0
1
1
0
0
0
0
1
0
0
0
0
0
0
1
2
1
0
0
0
0
0
1
1
1
0
1
0
0
0
0
1
1
0
0
0
2
0
1
1
1
1
1
0
0
0
0
0
1
3
0
2
0
0
0
0
0
1
0
0
0
0
0
0
1
1
0
0
2
1
0
0
1
0
0
3
0
1
0
0
0
0
0
0
0
0
1
0
0
1
0
0
1
1
0
1
0
0
0
0
1
0
2
2
1
1
0
0
0
0
0
0
0
0
1
0
2
0
0
0
0
0
0
1
2
1
0
0
0
0
0
1
0
0
0
0
0
0
0
0
0
0
0
1
2
0
0
0
2
0
1
0
0
0
0
0
0
0
0
0
0
0
0
0
0
1
0
0
0
0
0
1
0
0
0
1
0
0
1
1
0
0
0
0
1
0
0
0
0
0
0
2
0
1
1
0
0
0
1
0
0
0
0
0
0
0
1
1
0
0
0
0
0
1
0
1
0
0
0
0
0
0
0
0
0
0
0
0
0
0
1
0
0
0
0
1
0
0
0
0
1
0
1
0
0
0
0
0
0
0
0
0
0
0
0
0
1
1
0
0
0
0
0
0
1
0
1
0
0
0
0
0
0
0
0
0
0
0
0
0
0
0
0
0
0
0
0
0
0
0
0
1
0
0
0
1
0
1
0
0
0
0
0
0
0
0
0
0
0
0
0
0
0
0
0
0
0
0
0
1
0
0
0
0
0
0
0
0
0
0
0
0
0
1
0
1
0
0
0
0
0
1
0
0
0
0
1
0
0
0
0
0
0
0
0
0
0
0
0
0
0
0
0
0
0
0
0
0
0
0
0
0
0
0
0
0
0
0
0
0
0
0
0
0
0
0
0
0
0
0
0
0
0
0
0
0
0
0
0
0
0
1
0
0
0
0
0
0
1
0
0
0
0
0
0
0
0
0
0
0
0
0
0
0
0
0
0
0
1
0
0
1
0
0
0
0
0
1
0
0
0
0
0
0
0
0
0
0
0
0
0
0
0
0
0
0
1
0
0
1
0
0
0
0
0
0
0
0
0
0
0
1
0
0
0
0
0
0
0
0
0
0
1
0
1
0
0
0
0
0
0
0
0
0
0
0
0
0
0
0
0
0
0
0
0
0
0
0
0
0
0
0
0
0
0
0
0
0
0
0
0
0
0
0
0
0
0
0
0
0
0
0
0
0
0
0
0
0
0
0
0
0
0
0
0
0
0
0
0
0
0
0
0
0
0
0
0
0
0
0
0
0
0
1
0
0
0
0
0
0
0
0
0
0
0
0
0
0
1
0
0
0
0
0
0
0
0
0
0
0
0
0
0
0
0
0
0
0
0
0
0
0
0
0
0
0
0
0
0
0
0
0
0
0
0
0
0
0
0
0
0
0
0
0
0
0
0
0
0
0
0
0
0
0
0
0
0
0
0
0
0
0
0
0
0
0
0
0
0
0
0
0
0
0
0
0
0
0
0
0
0
0
0
0
0
0
0
0
0
0
0
0
0
0
0
0
0
0
0
0
0
0
0
0
0
0
0
0
0
0
0
0
0
0
0
0
0
0
0
0
0
0
0
0
0
0
0
0
0
0
0
0
0
0
0
0
0
0
0
0
0
0
0
0
0
0
0
0
0
0
0
0
0
0
0
0
1
0
0
0
0
0
0
0
0
0
0
0
0
0
0
0
0
0
0
0
0
0
0
0
0
0
0
0
0
0
0
0
0
0
0
0
0
0
0
0
0
0
0
0
0
0
0
0
0
1
0
0
0
0
0
0
1
0
0
0
0
0
0
0
0
0
0
0
0
0
0
0
0
0
0
0
0
0
0
0
0
0
0
0
0
0
0
0
0
0
0
0
0
0
0
0
0
0
0
0
0
0
0
0
0
0
0
0
0
0
0
0
0
0
0
0
0
0
0
0
0
0
0
1
0
0
0
0
0
0
0
0
0
0
0
0
0
0
0
0
0
0
0
0
0
0
0
0
0
0
0
0
0
0
0
0
0
0
0
0
0
0
0
0
0
0
0
0
0
0
0
0
0
0
0
0
0
0
0
0
0
0
0
0
0
0
0
0
0
0
0
0
0
0
0
0
0
0
0
0
0
0
0
0
0
0
0
0
0
0
0
0
0
0
0
0
0
0
0
0
0
0
0
0
0
0
0
0
0
0
0
0
0
0
0
0
0
0
0
0
0
0
0
0
0
0
0
0
0
0
0
0
0
0
0
0
0
0
0
0
0
0
0
0
0
0
0
0
0
0
0
0
0
0
0
0
0
0
0
0
0
0
0
0
0
0
0
0
0
0
0
0
0
0
0
0
0
0
0
0
0
0
0
0
0
0
0
0
0
0
0
0
0
0
0
0
0
0
0
0
0
0
0
0
0
0
0
0
0
0
0
0
0
0
0
0
0
0
0
0
0
0
0
0
0
0
0
0
0
0
0
0
0
0
0
0
0
0
0
0
0
0
0
0
0
0
0
0
0
0
0
0
0
0
0
0
0
0
0
0
0
0
0
0
0
0
0
0
0
0
0
0
0
0
0
0
0
0
0
0
0
0
0
0
0
0
0
0
0
0
0
0
0
0
0
0
0
0
0
0
0
0
0
0
0
0
0
0
0
0
0
0
0
0
0
0
0
0
0
0
0
0
0
0
0
0
0
0
0
0
0
0
0
0
0
0
0
0
0
0
0
0
0
0
0
0
0
0
0
0
0
0
0
0
0
0
0
0
0
0
0
0
0
0
0
0
0
0
0
0
0
0
0
0
0
0
0
0
0
0
0
0
0
0
0
0
0
0
0
0
0
0
0
0
0
0
0
0
0
0
0
0
0
0
0
0
0
0
0
0
0
0
0
0
0
0
0
0
0
0
0
0
0
0
0
0
0
0
0
0
0
0
0
0
0
0
0
0
0
0
0
0
0
0
0
0
0
0
0
0
0
0
0
0
0
0
0
0
0
0
0
0
0
0
0
0
0
0
0
0
0
0
0
0
0
0
0
0
0
0
0
0
0
0
0
0
0
0
0
0
0
0
0
0
0
0
0
0
0
0
0
0
0
0
0
0
0
0
0
0
0
0
0
0
0
0
0
0
0
0
0
0
0
0
0
0
0
0
0
0
0
0
0
0
0
0
0
0
0
0
0
0
0
0
0
0
0
0
0
0
0
0
0
0
0
0
0
0
0
0
0
0
0
0
0
0
0
0
0
0
0
0
0
0
0
0
0
0
0
0
0
0
0
0
0
0
0
0
0
0
0
0
0
0
0
0
0
0
0
0
0
0
0
0
0
0
0
0
0
0
0
0
0
0
0
0
0
0
0
0
0
0
0
0
0
0
0
0
0
0
0
0
0
0
0
0
0
0
0
0
0
0
0
0
0
0
0
0
0
0
0
0
0
0
0
0
0
0
0
0
0
0
0
0
0
0
0
0
0
0
0
0
0
0
0
0
0
0
0
0
0
0
0
0
0
0
0
0
0
0
0
0
0
0
0
0
0
0
0
0
0
0
0
0
0
0
0
0
0
0
0
0
0
0
0
0
0
0
0
0
0
0
0
0
0
0
0
0
0
0
0
0
0
0
0
0
0
0
0
0
0
0
0
0
0
0
0
0
0
0
0
0
0
0
0
0
0
0
0
0
0
0
0
0
0
0
0
0
0
0
0
0
0
0
0
0
0
0
0
0
0
0
0
0
0
0
0
0
0
0
0
0
0
0
0
0
0
0
0
0
0
0
0
0
0
0
0
0
0
0
0
0
0
0
0
0
0
0
0
0
0
0
0
0
0
0
0
0
0
0
0
0
0
0
0
0
0
0
0
0
0
0
0
0
0
0
0
0
0
0
0
0
0
0
0
0
0
0
0
0
0
0
0
0
0
0
0
0
0
0
0
0
0
0
0
0
0
0
0
0
0
0
0
0
0
0
0
0
0
0
0
0
0
0
0
0
0
0
0
0
0
0
0
0
0
0
0
0
0
0
0
0
0
0
0
0
0
0
0
0
0
0
0
0
0
0
0
0
0
0
0
0
0
0
0
0
0
0
0
0
0
0
0
0
0
0
0
0
0
0
0
0
0
0
0
0
0
0
0
0
0
0
0
0
0
0
0
0
0
0
0
0
0
0
0
0
0
0
0
0
0
0
0
0
0
0
0
0
0
0
0
0
0
0
0
0
0
0
0
0
0
0
0
0
0
0
0
0
0
0
0
0
0
0
0
0
0
0
0
0
0
0
0
0
0
0
0
0
0
0
0
0
0
0
0
0
0
0
0
0
0
0
0
0
0
0
0
0
0
0
0
0
0
0
0
0
0
0
0
0
0
0
0
0
0
0
0
0
0
0
0
0
0
0
0
0
0
0
0
0
0
0
0
0
0
0
0
0
0
0
0
0
0
0
0
0
0
0
0
0
0
0
0
0
0
0
0
0
0
0
0
0
0
0
0
0
0
0
0
0
0
0
0
0
0
0
0
0
0
0
0
0
0
0
0
0
0
0
0
0
0
0
0
0
0
0
0
0
0
0
0
0
0
0
0
0
0
0
0
0
0
0
0
0
0
0
0
0
0
0
0
0
0
0
0
0
0
0
0
0
0
0
0
0
0
0
0
0
0
0
0
0
0
0
0
0
0
0
0
0
0
0
0
0
0
0
0
0
0
0
0
0
0
0
0
0
0
0
0
0
0
0
0
0
0
0
0
0
0
0
0
0
0
0
0
0
0
0
0
0
0
0
0
0
0
0
0
0
0
0
0
0
0
0
0
0
0
0
0
0
0
0
0
0
0
0
0
0
0
0
0
0
0
0
0
0
0
0
0
0
0
0
0
0
0
0
0
0
0
0
0
0
0
0
0
0
0
0
0
0
0
0
0
0
0
0
0
0
0
0
0
0
0
0
0
0
0
0
0
0
0
0
0
0
0
0
0
0
0
0
0
0
0
0
0
0
0
0
0
0
0
0
0
0
0
0
0
0
0
0
0
0
0
0
0
0
0
0
0
0
0
0
0
0
0
0
0
0
0
0
0
0
0
0
0
0
0
0
0
0
0
0
0
0
0
0
0
0
0
0
0
0
0
0
0
0
0
0
0
0
0
0
0
0
0
0
0
0
0
0
0
0
0
0
0
0
0
0
0
0
0
0
0
0
0
0
0
0
0
0
0
0
0
0
0
0
0
0
0
0
0
0
0
0
0
0
0
0
0
0
0
0
0
0
0
0
0
0
0
0
0
0
0
0
0
0
0
0
0
0
0
0
0
0
0
0
0
0
0
0
0
0
0
0
0
0
0
0
0
0
0
0
0
0
0
0
0
0
0
0
0
0
0
0
0
0
0
0
0
0
0
0
0
0
0
0
0
0
0
0
0
0
0
0
0
0
0
0
0
0
0
0
0
0
0
0
0
0
0
0
0
0
0
0
0
0
0
0
0
0
0
0
0
0
0
0
0
0
0
0
0
0
0
0
0
0
0
0
0
0
0
0
0
0
0
0
0
0
0
0
0
0
0
0
0
0
0
0
0
0
0
0
0
0
0
0
0
0
0
0
0
0
0
0
0
0
0
0
0
0
0
0
0
0
0
0
0
0
0
0
0
0
0
0
0
0
0
0
0
0
0
0
0
0
0
0
0
0
0
0
0
0
0
0
0
0
0
0
0
0
0
0
0
0
0
0
0
0
0
0
0
0
0
0
0
0
0
0
0
0
0
0
0
0
0
0
0
0
0
0
0
0
0
0
0
0
0
0
0
0
0
0
0
0
0
0
0
0
0
0
0
0
0
0
0
0
0
0
0
0
0
0
0
0
0
0
0
0
0
0
0
0
0
0
0
0
0
0
0
0
0
0
0
0
0
0
0
0
0
0
0
0
0
0
0
0
0
0
0
0
0
0
0
0
0
0
0
0
0
0
0
0
0
0
0
0
0
0
0
0
0
0
0
0
0
0
0
0
0
0
0
0
0
0
0
0
0
0
0
0
0
0
0
0
0
0
0
0
0
0
0
0
0
0
0
0
0
0
0
0
0
0
0
0
0
0
0
0
0
0
0
0
0
0
0
0
0
0
0
0
0
0
0
0
0
0
0
0
0
0
0
0
0
0
0
0
0
0
0
0
0
0
0
0
0
0
0
0
0
0
0
0
0
0
0
0
0
0
0
0
0
0
0
0
0
0
0
0
0
0
0
0
0
0
0
0
0
0
0
0
0
0
0
0
0
0
0
0
0
0
0
0
0
0
0
0
0
0
0
0
0
0
0
0
0
0
0
0
0
0
0
0
0
0
0
0
0
0
0
0
0
0
0
0
0
0
0
0
0
0
0
0
0
0
0
0
0
0
0
0
0
0
0
0
0
0
0
0
0
0
0
0
0
0
0
0
0
0
0
0
0
0
0
0
0
0
0
0
0
0
0
0
0
0
0
0
0
0
0
0
0
0
0
0
0
0
0
0
0
0
0
0
0
0
0
0
0
0
0
0
0
0
0
0
0
0
0
0
0
0
0
0
0
0
0
0
0
0
0
0
0
0
0
0
0
0
0
0
0
0
0
0
0
0
0
0
0
0
0
0
0
0
0
0
0
0
0
0
0
0
0
0
0
0
0
0
0
0
0
0
0
0
0
0
0
0
0
0
0
0
0
0
0
0
0
0
0
0
0
0
0
0
0
0
0
0
0
0
0
0
0
0
0
0
0
0
0
0
0
0
0
0
0
0
0
0
0
0
0
0
0
0
0
0
0
0
0
0
0
0
0
0
0
0
0
0
0
0
0
0
0
0
0
0
0
0
0
0
0
0
0
0
0
0
0
0
0
0
0
0
0
0
0
0
0
0
0
0
0
0
0
0
0
0
0
0
0
0
0
0
0
0
0
0
0
0
0
0
0
0
0
0
0
0
0
0
0
0
0
0
0
0
0
0
0
0
0
0
0
0
0
0
0
0
0
0
0
0
0
0
0
0
0
0
0
0
0
0
0
0
0
0
0
0
0
0
0
0
0
0
0
0
0
