0
0
0
0
0
0
0
0
0
0
0
0
0
0
0
0
0
0
0
0
0
0
0
0
0
0
0
0
0
0
0
0
0
0
0
0
0
0
0
0
0
0
0
0
0
0
0
0
0
0
0
0
0
0
0
0
0
0
0
0
0
0
0
0
0
0
0
0
0
0
0
0
0
0
0
0
0
0
0
0
0
0
0
0
0
0
0
0
0
0
0
0
0
0
0
0
0
0
0
0
0
0
0
0
0
0
0
0
0
0
0
0
0
0
0
0
0
0
0
0
0
0
0
0
0
0
0
0
0
0
0
0
0
0
0
0
0
0
0
0
0
0
0
0
0
0
0
0
0
0
0
0
0
0
0
0
0
0
0
0
0
0
0
0
0
0
0
0
0
0
0
0
0
0
0
0
0
0
0
0
0
0
0
0
0
0
0
0
0
0
0
0
0
0
0
0
0
0
0
0
0
0
0
0
0
0
0
0
0
0
0
0
0
0
0
0
0
0
0
0
0
0
0
0
0
0
0
0
0
0
0
0
0
0
0
0
0
0
0
0
0
0
0
0
0
0
0
0
0
0
0
0
0
0
0
0
0
0
0
0
0
0
0
0
0
0
0
0
0
0
0
0
0
0
0
0
0
0
0
0
0
0
0
0
0
0
0
0
0
0
0
0
0
0
0
0
0
0
0
0
0
0
0
0
0
0
0
0
0
0
0
0
0
0
0
0
0
0
0
0
0
0
0
0
0
0
0
0
0
0
0
0
0
0
0
0
0
0
0
0
0
0
0
0
0
0
0
0
0
0
0
0
0
0
0
0
0
0
0
0
0
0
0
0
0
0
0
0
0
0
0
0
0
0
0
0
0
0
0
0
0
0
0
0
0
0
1
0
0
0
0
0
0
0
0
0
0
0
0
0
0
0
0
0
0
0
0
0
0
0
0
0
0
0
0
0
0
0
0
0
0
0
0
0
0
0
0
0
0
0
0
0
0
0
0
0
0
0
0
0
0
0
0
0
0
0
0
0
0
0
0
0
0
0
0
0
0
0
0
0
0
0
0
0
0
0
0
0
0
0
0
0
0
0
0
0
0
0
0
0
0
0
0
0
0
0
0
0
0
0
0
0
0
0
0
0
0
1
0
0
0
0
0
0
0
0
0
0
0
0
0
0
0
0
0
0
0
0
0
0
0
0
0
0
0
0
0
0
0
0
0
0
0
0
0
0
0
1
0
0
0
0
0
0
0
0
0
0
0
0
0
0
0
0
0
0
0
0
0
0
0
0
0
1
0
0
1
0
0
0
0
0
0
0
0
0
0
0
0
0
0
0
0
0
0
0
0
0
0
0
0
0
0
0
0
0
0
0
0
1
0
1
0
0
0
0
0
0
0
1
0
0
0
0
0
0
0
0
0
0
1
0
0
1
0
0
0
0
0
0
0
0
0
0
0
0
0
0
0
0
0
0
0
0
0
0
0
0
0
0
0
1
0
0
0
0
0
0
0
0
0
0
1
0
0
0
1
0
0
0
0
0
0
0
0
0
0
1
0
0
0
0
0
0
0
0
0
1
0
0
0
0
0
0
0
0
0
0
0
0
1
1
0
0
1
0
0
0
0
0
0
0
0
0
0
0
0
0
0
0
0
2
1
0
0
1
0
0
0
0
0
0
1
1
0
1
0
0
2
0
0
0
1
0
0
0
1
0
0
0
0
0
0
0
1
1
0
0
1
0
0
0
0
0
0
1
0
0
0
1
0
0
0
0
0
0
1
1
0
1
0
0
0
0
0
0
0
0
0
1
0
1
1
0
0
0
2
0
1
1
0
0
0
1
0
0
0
0
0
0
1
0
1
0
1
0
1
2
1
1
0
0
0
1
1
0
0
1
1
0
0
0
1
0
0
0
0
0
1
2
0
1
0
0
0
0
0
1
0
0
0
1
0
1
1
0
1
0
0
1
0
2
0
0
0
0
3
0
0
0
1
0
0
0
0
2
0
1
0
2
2
0
1
1
0
0
0
2
0
4
0
6
2
0
4
1
0
2
1
0
0
1
1
2
0
2
0
1
0
0
2
1
1
0
4
1
1
1
0
1
1
1
2
1
0
2
2
0
1
2
1
1
1
1
1
0
0
2
1
0
1
1
2
0
1
0
1
1
3
2
2
4
0
0
3
1
1
1
3
1
4
3
2
1
1
2
2
1
4
2
1
2
0
3
1
1
1
1
1
5
2
2
0
1
0
0
0
3
1
2
2
1
1
1
1
2
0
1
1
0
2
2
1
2
2
1
1
2
1
3
3
2
2
2
3
1
4
1
4
2
6
4
2
4
1
5
2
1
1
4
3
3
2
5
3
1
3
3
1
2
2
2
1
4
4
1
2
1
4
3
1
3
7
4
4
7
3
3
4
5
3
3
1
7
2
3
1
3
4
5
4
3
1
4
2
3
3
3
6
2
5
2
4
1
3
1
2
2
5
3
3
2
4
5
4
4
2
6
3
2
4
1
2
3
3
7
2
6
2
3
6
3
8
6
5
2
4
5
5
3
1
5
3
7
1
5
5
2
3
5
5
3
1
2
2
6
7
6
4
4
3
7
5
5
4
4
5
4
8
4
3
8
2
6
8
5
4
3
4
3
3
2
2
9
4
5
4
4
8
11
6
9
6
7
5
6
3
11
6
5
7
4
8
12
9
5
8
4
5
5
14
4
6
4
5
8
5
8
6
5
5
9
14
3
8
6
7
9
3
5
10
3
5
5
11
6
9
6
6
5
6
1
6
5
7
9
3
2
8
7
14
5
12
9
9
7
8
8
5
5
11
4
11
6
8
11
13
7
12
7
9
11
5
6
9
11
9
7
13
8
12
9
8
10
5
17
6
6
9
9
13
8
6
12
10
15
14
6
8
7
11
10
9
9
8
13
12
5
9
9
6
14
11
11
8
15
8
6
7
16
7
14
10
15
6
11
6
9
16
13
8
14
13
9
12
14
11
21
13
7
10
13
12
13
13
12
16
13
14
9
10
13
14
11
15
9
19
15
17
11
14
20
13
13
13
19
9
19
11
18
20
7
13
14
7
19
15
14
13
16
15
14
14
13
16
14
18
11
17
17
18
11
18
18
8
11
15
18
12
9
15
10
15
15
21
12
19
23
13
13
14
12
25
19
17
19
16
20
14
17
19
19
20
19
14
24
25
17
14
17
22
17
20
19
17
15
18
19
24
16
22
25
18
17
20
26
25
26
28
17
13
28
19
20
19
16
22
20
21
31
28
20
15
27
21
21
23
21
18
21
18
24
27
15
15
16
23
23
19
27
22
21
23
16
26
20
24
22
24
31
15
24
22
29
23
23
20
24
22
25
20
36
23
35
25
26
37
34
36
26
38
27
21
23
30
21
28
25
29
22
22
31
25
41
28
28
26
30
36
37
26
23
31
29
26
21
37
30
20
31
30
30
32
34
38
28
47
24
40
25
36
37
34
32
30
34
33
25
37
36
36
34
27
34
31
31
38
38
34
30
19
25
35
38
33
29
40
42
37
23
33
33
34
23
46
41
41
47
38
41
41
29
33
40
35
39
40
43
35
33
39
26
48
42
42
47
43
55
39
39
49
43
55
46
44
40
47
50
42
48
42
49
46
44
37
41
43
43
47
41
33
41
45
39
43
46
44
41
45
48
45
43
50
40
40
49
47
39
48
55
53
56
43
47
49
51
47
44
40
53
72
58
50
49
42
42
64
48
52
43
64
47
52
58
46
47
53
46
45
50
40
44
53
70
53
63
45
52
52
56
46
59
52
54
61
51
58
55
57
48
56
48
66
48
65
56
74
46
60
55
49
62
69
66
70
62
53
54
56
61
53
62
63
89
57
76
49
50
63
66
69
65
69
57
55
66
58
44
86
73
70
56
70
69
69
65
71
67
71
65
73
77
66
62
70
64
68
64
67
63
83
63
73
78
103
74
67
77
83
83
68
85
67
71
72
79
102
79
72
74
79
89
75
76
79
65
80
93
86
69
71
74
79
91
82
82
69
94
73
70
72
76
73
76
72
107
86
87
90
82
77
91
88
81
93
90
80
95
102
84
100
90
97
90
92
100
104
93
76
79
92
93
104
75
99
87
110
71
79
91
91
100
94
98
104
90
84
97
87
104
116
109
109
92
76
99
103
91
95
104
123
110
103
118
97
93
106
106
126
110
95
98
118
100
93
105
93
97
95
98
101
88
106
114
82
103
94
96
108
110
97
122
125
108
115
100
109
113
106
116
110
116
85
127
112
123
118
99
124
135
125
111
117
141
124
109
118
126
120
105
106
121
130
131
147
144
109
114
112
109
122
125
126
113
127
123
130
143
108
124
135
133
118
138
113
123
145
126
116
133
129
150
138
127
125
144
128
151
115
133
142
138
124
139
131
123
149
119
134
129
133
134
125
138
148
167
147
156
131
141
144
131
134
137
150
132
143
151
143
158
156
136
162
157
157
156
146
151
156
164
156
159
177
162
172
177
150
151
143
162
160
166
155
164
150
148
166
145
153
168
163
165
145
169
162
165
163
164
166
159
171
162
164
166
160
189
147
174
176
164
176
177
186
155
179
183
154
158
169
178
169
178
200
171
191
152
208
172
168
181
178
175
180
178
196
178
185
193
180
196
176
169
185
181
180
178
183
175
184
157
175
170
199
182
199
180
187
187
205
210
168
195
206
210
176
147
197
181
201
229
206
191
194
204
226
187
192
210
203
196
201
191
200
174
210
236
195
211
182
208
210
240
216
230
216
204
201
197
212
197
227
219
207
224
192
221
184
225
216
247
208
212
190
240
212
218
242
233
212
242
230
232
213
216
186
231
214
220
208
225
212
225
202
231
230
206
251
230
230
258
251
219
237
224
239
210
252
242
271
233
219
238
238
227
232
239
257
256
258
228
238
223
238
246
220
263
255
240
251
293
241
218
255
244
266
253
253
272
277
257
256
271
277
279
277
237
252
257
248
257
245
291
256
207
270
257
245
282
250
234
274
242
241
279
274
271
270
258
288
263
283
298
278
282
264
298
281
274
297
279
286
258
286
265
266
243
330
283
255
276
273
304
310
280
283
275
306
296
269
290
269
309
300
280
273
288
291
298
293
310
302
300
290
288
318
310
301
311
302
282
347
298
281
311
290
347
310
332
282
315
300
307
276
246
364
324
333
377
286
279
313
312
337
321
290
339
349
356
330
322
315
276
315
313
315
329
303
334
334
324
300
320
337
332
306
314
363
314
335
328
320
340
339
338
328
352
313
363
365
389
344
291
347
328
336
354
377
351
339
344
341
351
324
400
328
358
335
350
363
367
373
343
367
368
326
355
373
348
327
406
334
391
364
376
375
400
363
381
349
373
349
391
380
373
365
337
391
350
332
371
358
388
388
404
386
348
366
360
416
406
397
375
363
392
356
399
404
430
390
392
405
365
377
394
378
373
441
399
393
382
348
365
386
378
396
391
438
402
404
379
400
367
399
386
419
380
373
395
398
393
413
393
390
382
383
431
413
410
399
407
411
392
462
419
424
449
381
400
416
402
393
388
411
409
380
406
416
448
404
328
408
427
390
416
441
427
420
469
409
398
436
456
450
416
431
434
407
465
424
441
448
459
427
446
444
414
461
428
404
421
443
420
436
418
407
456
456
444
391
465
423
438
434
477
456
428
399
498
457
432
437
491
449
484
401
478
444
457
478
485
449
438
474
430
486
422
464
472
471
429
487
505
473
479
457
464
458
466
400
398
482
458
421
505
472
450
470
478
455
457
447
451
492
456
479
482
476
492
477
472
474
476
490
488
502
496
519
476
533
490
490
508
486
537
512
513
473
496
493
517
485
471
501
513
486
500
447
387
458
476
484
496
457
509
511
519
457
514
473
468
523
508
518
441
516
481
551
521
522
476
499
526
551
525
481
496
490
508
522
513
517
483
467
508
516
489
518
519
496
485
529
537
489
517
468
497
521
506
526
578
532
505
510
547
487
535
526
514
531
504
507
533
560
539
554
553
523
556
520
553
555
501
530
523
522
545
482
468
546
535
550
541
520
564
550
566
549
619
531
485
508
582
559
517
578
551
543
570
532
576
547
578
562
562
487
556
577
559
498
575
659
564
569
595
598
552
521
574
546
532
568
580
597
529
535
457
561
543
558
548
598
543
597
585
557
548
565
583
570
591
561
556
553
529
571
577
611
546
576
579
563
578
546
588
570
581
566
585
563
559
550
597
580
626
591
608
538
573
596
571
582
591
537
573
590
543
569
567
605
587
555
637
579
574
613
598
606
626
578
579
569
561
577
590
583
578
548
604
571
613
517
648
591
584
535
576
621
616
539
603
588
620
635
632
627
613
579
592
619
542
590
563
607
585
649
636
595
589
574
564
648
591
597
599
652
607
627
607
604
629
587
669
591
631
630
619
584
622
579
622
592
614
583
514
604
626
654
621
626
595
642
630
629
605
666
639
608
669
622
598
641
617
608
626
571
630
532
607
628
618
643
630
674
554
581
617
612
590
616
624
616
635
630
644
639
623
641
628
647
613
527
642
649
601
614
654
638
646
613
665
662
631
610
647
617
609
598
611
595
594
626
690
653
614
624
660
654
598
632
685
637
642
504
562
649
630
644
650
590
655
633
613
637
622
627
658
646
649
667
663
654
638
647
654
597
637
625
645
613
622
628
643
633
622
651
639
664
635
627
659
661
636
663
696
623
617
610
617
665
635
617
577
644
658
630
672
629
597
644
659
677
631
663
610
636
606
640
629
642
658
655
722
641
685
631
613
644
713
637
683
693
633
624
640
648
678
659
634
622
610
680
638
676
572
667
695
643
646
573
678
634
645
676
653
687
659
654
639
695
683
639
661
677
643
656
615
639
627
638
705
629
669
678
637
640
648
688
663
692
632
568
546
617
688
673
667
667
632
655
643
692
666
658
683
627
661
629
646
603
689
629
643
604
628
636
669
661
579
663
628
635
619
631
613
681
636
669
694
642
681
683
669
637
686
641
683
705
687
615
588
648
642
689
664
664
678
663
608
630
636
605
646
689
621
632
657
674
678
674
726
644
663
613
626
644
656
600
618
643
616
645
660
663
639
704
700
656
672
665
723
721
658
678
688
675
729
586
663
645
652
650
663
652
606
687
667
652
628
614
660
645
664
619
681
624
602
644
660
676
639
624
677
666
658
626
677
693
625
586
570
689
621
612
693
660
630
591
668
658
629
668
649
638
631
643
672
685
648
670
647
645
648
616
651
636
648
646
659
635
684
645
684
659
655
676
697
611
654
621
668
652
602
623
676
692
639
652
565
633
639
635
671
646
654
675
625
637
675
615
690
666
632
641
661
616
625
647
700
657
655
632
641
635
644
624
656
627
649
633
608
620
636
646
653
678
635
663
587
636
644
583
646
643
605
595
660
632
611
669
665
611
628
583
657
613
668
611
623
629
644
579
650
647
595
662
657
650
631
597
624
623
617
649
638
674
641
540
573
627
617
615
615
634
609
631
642
652
619
626
638
631
647
604
628
662
630
673
601
648
606
636
643
611
640
649
610
644
608
625
630
618
613
610
649
617
624
583
617
588
590
660
580
620
618
620
500
596
596
601
652
613
609
648
598
583
644
551
598
595
606
590
576
663
612
599
623
614
611
595
634
609
596
581
590
603
601
610
615
536
532
606
572
623
572
620
599
615
588
550
620
622
644
620
593
622
611
605
636
608
605
552
606
557
614
550
555
621
581
613
605
609
603
574
637
592
568
579
598
542
571
548
593
589
559
580
544
637
610
617
621
589
606
552
599
611
550
582
612
582
567
599
596
578
618
557
597
565
545
573
573
550
603
549
562
608
588
555
618
607
526
597
621
556
575
535
563
586
541
567
577
518
547
554
445
578
539
527
593
588
579
568
545
651
559
514
595
578
569
567
576
558
528
592
573
580
528
527
559
577
507
510
576
541
571
534
562
578
568
503
586
555
543
563
526
564
546
523
562
503
539
499
559
535
541
590
579
528
542
530
571
551
581
552
557
542
550
528
581
505
530
576
570
536
566
504
545
507
530
526
500
506
546
485
457
580
538
521
520
521
545
477
564
561
497
513
549
536
538
531
577
510
515
489
545
522
502
558
536
545
489
488
506
550
494
489
477
494
529
554
558
556
519
485
528
521
483
532
477
509
478
553
451
523
488
511
540
539
519
462
481
511
505
481
530
523
495
447
451
517
517
518
484
489
514
456
536
471
500
499
518
495
504
472
486
485
531
513
479
540
487
507
456
523
460
489
482
453
496
427
478
467
482
501
505
530
507
470
465
489
466
447
477
447
495
489
498
507
470
488
481
449
476
455
476
476
472
493
499
492
501
422
414
494
484
485
483
486
510
474
487
513
455
455
508
447
516
430
424
485
453
430
420
458
483
443
463
482
437
501
455
457
432
431
476
418
453
498
417
455
437
450
462
460
433
459
486
447
483
418
373
441
399
440
485
478
469
414
437
430
408
432
450
438
424
415
416
424
426
447
443
452
434
429
461
420
416
479
477
431
437
465
478
445
370
449
453
394
444
439
467
398
430
429
402
425
440
380
412
459
411
429
458
424
370
397
430
434
392
423
416
440
416
392
417
402
422
419
432
421
426
406
377
440
453
407
394
398
427
360
336
446
403
382
426
384
382
431
386
421
383
410
367
391
406
389
382
408
426
371
390
399
385
387
431
386
399
393
419
410
383
410
337
402
375
392
437
367
377
388
368
409
372
375
372
387
389
376
306
386
378
394
411
406
411
352
389
376
375
365
331
382
370
347
360
354
361
406
353
395
349
330
351
344
390
329
397
352
382
352
353
370
354
353
380
370
365
369
346
379
356
351
374
314
335
317
365
367
378
359
369
336
336
325
342
354
401
353
353
360
357
333
384
350
340
350
359
339
358
327
326
332
329
329
327
309
300
291
314
316
335
345
360
326
341
339
302
307
342
347
340
320
314
315
323
315
344
346
327
340
355
330
361
316
308
304
365
343
325
324
344
312
319
317
319
369
331
333
323
336
335
295
345
333
285
293
238
301
325
332
348
315
294
321
331
323
260
300
303
313
290
301
283
312
305
288
277
300
301
285
286
289
284
305
305
312
298
289
269
307
324
294
305
291
297
309
279
302
300
281
304
284
261
266
300
277
286
255
280
284
278
284
280
280
302
275
292
283
274
248
278
273
274
256
319
313
271
275
307
272
295
275
259
273
285
255
236
288
298
235
241
282
273
283
293
280
273
250
255
267
269
274
293
295
252
268
276
261
257
264
245
283
259
242
260
273
251
246
247
242
263
257
267
261
281
251
276
224
245
228
276
265
253
279
198
261
238
259
270
239
278
271
257
260
241
222
241
244
254
211
252
239
244
252
259
244
258
240
248
215
231
243
253
254
235
217
239
259
219
253
243
230
246
239
268
244
234
227
241
272
242
223
237
211
230
229
218
230
204
231
225
250
223
243
232
200
240
233
233
226
223
244
233
201
241
225
213
223
209
236
233
231
250
180
202
245
214
199
226
218
204
209
216
240
216
212
217
216
229
220
194
213
186
204
207
193
205
214
189
216
208
241
207
225
217
192
202
198
211
201
207
199
198
201
199
217
180
198
197
186
207
200
168
203
190
189
226
175
186
194
197
186
184
189
220
189
169
209
194
193
179
190
181
182
173
185
192
180
193
184
182
189
182
202
181
174
200
188
195
190
173
199
170
199
186
182
184
184
172
190
179
191
178
150
190
178
175
160
199
182
210
199
176
173
159
204
160
210
194
172
186
169
164
169
134
200
141
174
172
174
166
136
162
178
158
187
163
160
152
163
148
170
143
165
146
168
147
154
151
154
163
183
180
154
138
177
145
164
148
144
155
153
176
128
168
154
151
177
169
150
163
152
171
150
161
146
167
141
160
149
130
135
178
135
152
137
144
154
161
150
140
165
157
157
160
160
151
138
144
142
142
160
151
132
136
127
131
137
132
141
143
142
149
136
144
142
144
155
158
138
142
164
145
152
134
137
136
141
162
151
151
131
129
156
121
150
133
111
151
135
156
142
132
140
136
131
117
147
130
131
128
135
139
132
137
119
126
126
131
106
114
135
113
134
130
122
129
148
152
104
126
111
134
120
122
126
128
120
116
139
129
123
128
128
148
117
111
124
119
128
114
107
126
115
119
129
124
123
107
92
132
116
122
111
128
121
109
106
89
115
105
134
123
119
122
114
113
92
125
108
111
109
115
112
115
121
121
114
129
99
105
107
87
119
108
120
121
109
109
121
131
102
104
132
109
99
120
82
93
121
99
107
91
98
102
95
90
108
101
100
109
101
97
88
121
92
90
104
116
89
99
100
85
85
102
86
106
97
101
109
95
106
91
101
111
112
99
99
94
89
85
96
115
89
118
90
106
93
97
79
93
89
105
85
102
83
104
94
86
83
89
89
77
97
85
92
70
94
80
109
83
82
91
99
92
109
83
94
68
88
87
104
86
83
77
89
81
95
104
78
63
90
102
84
84
75
89
100
77
79
89
68
87
84
73
84
78
95
79
77
96
83
87
74
74
65
69
72
72
71
70
82
64
61
77
75
71
78
93
80
79
66
76
69
66
83
86
79
75
81
55
72
57
55
68
55
65
74
68
67
91
69
75
69
79
68
81
67
58
66
74
76
70
61
77
68
50
62
77
66
77
90
72
74
73
76
73
82
74
62
55
65
61
64
74
55
84
65
65
91
62
53
71
57
63
60
64
49
61
63
72
65
58
56
58
62
67
62
67
60
60
57
57
72
54
67
78
56
46
60
54
58
57
55
72
54
67
58
61
70
59
50
60
55
52
70
51
58
64
68
52
50
58
52
64
57
42
46
42
51
55
40
64
59
41
47
47
41
51
57
49
55
51
58
54
58
47
45
56
49
47
48
45
46
48
37
54
48
45
51
56
54
48
46
44
54
39
47
38
46
55
50
45
37
51
50
51
50
47
47
46
50
58
57
44
46
58
45
54
39
43
48
52
50
60
45
45
40
34
42
46
47
55
39
58
50
43
57
43
44
36
43
51
38
54
41
57
44
45
40
39
39
30
44
38
45
48
37
48
36
46
38
48
53
43
39
39
46
27
47
43
42
45
36
46
31
41
38
48
29
38
31
43
38
36
39
44
43
36
43
38
33
40
38
37
32
36
41
33
29
41
44
38
41
30
35
37
35
42
29
32
35
22
43
33
36
34
48
39
44
42
39
34
27
44
29
34
42
45
32
39
33
31
39
41
32
30
36
38
37
28
27
31
37
36
29
37
35
34
32
28
37
35
30
36
32
34
31
35
30
35
29
23
32
19
29
32
21
35
35
37
22
31
33
34
33
28
21
31
31
29
36
37
39
38
32
31
29
27
24
31
28
23
35
28
32
29
22
27
30
23
28
27
19
25
26
25
21
35
18
29
30
28
23
22
26
29
26
21
29
22
23
31
27
26
17
19
35
23
30
26
20
19
28
23
20
20
18
23
34
36
24
22
16
23
31
18
27
23
19
22
28
31
23
28
22
26
25
24
20
27
28
20
20
20
22
29
26
26
17
26
29
16
14
20
22
17
17
21
19
25
25
21
25
18
17
25
17
17
26
24
22
28
23
22
26
22
21
24
17
26
13
17
16
18
14
24
18
19
23
22
26
14
23
22
19
11
21
18
14
19
27
27
11
21
20
18
25
21
15
19
19
27
15
17
15
13
18
11
11
18
17
18
21
15
9
22
15
21
25
22
12
14
23
17
25
17
25
19
19
15
17
20
17
17
13
20
8
14
24
18
18
21
18
10
22
16
21
23
16
20
8
14
17
19
15
18
16
13
15
14
14
12
18
20
15
19
4
19
13
24
14
11
22
10
17
21
12
18
15
13
12
24
17
15
15
17
17
8
18
23
9
15
14
24
15
18
14
7
11
14
9
14
16
26
23
13
14
15
10
10
18
15
8
16
9
11
12
13
16
12
13
15
10
10
15
16
12
11
17
13
16
9
19
15
14
6
10
11
15
13
13
10
15
17
12
16
11
5
11
14
13
23
14
15
9
12
11
10
9
7
12
8
15
8
9
11
11
11
8
17
14
9
14
7
9
11
11
13
6
8
8
13
13
8
8
17
9
10
6
7
9
10
9
14
9
8
7
6
11
16
12
6
8
4
11
6
8
4
11
21
11
12
16
14
6
9
12
9
10
3
9
9
8
9
5
11
8
9
6
17
10
5
5
8
5
15
8
14
8
6
7
4
9
3
6
10
8
9
5
8
9
8
9
8
9
7
5
6
7
1
7
13
9
14
6
9
9
7
8
5
4
4
15
5
3
8
6
7
11
6
7
7
7
5
13
5
9
9
4
9
9
8
7
6
10
8
7
3
8
9
3
6
5
11
7
5
3
8
5
10
6
12
4
6
6
16
7
6
7
5
10
7
3
4
9
8
7
5
7
3
8
13
6
3
9
10
6
10
6
3
2
6
9
1
6
3
7
4
4
3
3
7
6
7
5
5
3
4
4
3
3
3
7
4
6
4
5
8
6
7
6
4
5
7
2
5
2
4
5
3
7
10
3
4
7
8
2
4
3
10
2
5
5
8
2
8
5
4
2
4
6
3
6
5
4
2
6
4
6
3
7
4
7
3
7
3
3
4
4
5
5
5
5
5
2
6
2
5
3
5
8
0
4
4
8
6
3
2
2
5
3
6
1
7
5
2
5
6
1
4
4
7
5
4
3
4
2
2
5
5
3
5
1
3
2
2
0
6
4
5
2
4
5
2
6
3
2
2
4
3
3
5
2
4
8
2
3
1
6
3
4
2
1
2
3
3
2
3
2
2
2
4
5
2
2
2
6
2
4
0
4
2
2
3
4
0
5
4
4
2
4
4
1
4
3
1
3
0
3
5
0
4
5
2
2
3
3
3
5
5
4
2
4
1
8
2
3
4
2
2
0
1
5
3
0
0
2
2
9
1
1
2
6
3
5
1
2
2
2
0
3
1
5
6
0
2
3
1
3
3
2
1
3
5
2
5
2
1
2
0
2
2
4
2
1
1
2
2
0
2
2
0
1
2
1
5
4
2
4
3
3
2
4
1
1
2
3
4
1
2
1
5
2
4
4
6
2
1
2
2
2
4
3
3
0
4
2
0
5
2
3
5
3
2
1
3
0
0
2
4
2
3
2
2
3
2
1
2
2
2
3
4
2
3
2
3
2
1
2
1
0
1
0
1
2
0
1
2
1
1
1
0
0
0
1
2
3
2
0
3
3
3
1
1
3
2
2
4
0
4
3
1
1
0
3
2
3
2
1
3
3
2
1
3
1
1
2
0
0
2
3
0
2
0
2
1
2
0
2
2
1
2
3
3
0
0
0
2
2
1
1
2
1
0
1
0
2
1
1
2
1
1
2
2
1
1
0
2
0
0
1
1
1
0
2
1
0
0
1
1
0
1
2
0
2
1
1
2
1
1
1
1
0
0
1
1
2
1
0
1
3
2
0
1
1
1
1
0
0
2
1
0
1
2
0
1
2
0
0
0
1
1
0
1
2
0
0
0
1
2
0
1
2
0
0
0
1
0
1
2
1
1
0
2
1
1
0
0
0
1
2
3
1
2
2
0
1
1
1
0
0
1
0
1
0
0
2
0
1
1
1
1
0
1
1
1
0
0
2
1
2
0
2
0
0
2
1
2
1
1
1
1
1
0
2
1
2
0
0
2
1
0
1
1
0
0
0
0
0
0
0
0
1
1
1
0
0
1
0
0
0
1
0
1
0
0
0
1
2
1
0
0
0
0
0
0
0
0
0
2
1
0
1
1
0
0
0
0
0
0
0
0
1
1
0
0
0
2
0
0
1
0
0
0
2
1
0
0
2
1
0
0
0
0
1
0
0
0
1
0
0
1
1
1
0
1
2
0
1
1
1
0
2
1
0
0
2
1
0
0
0
1
0
1
1
0
0
0
0
0
1
1
0
0
0
1
1
0
0
0
1
1
0
1
1
1
3
0
1
0
0
0
0
0
1
0
0
0
0
1
1
0
0
0
0
0
0
0
1
0
0
1
3
1
1
0
0
0
1
1
0
1
0
1
1
1
0
0
0
0
0
0
0
0
0
0
0
0
0
0
0
0
0
0
0
2
0
1
0
0
0
0
0
0
0
0
0
1
0
0
0
0
1
0
0
0
0
0
0
0
0
1
0
0
0
1
0
0
1
0
0
0
0
0
0
0
0
0
0
0
0
0
1
0
0
0
1
2
1
0
0
0
0
0
0
1
1
0
0
0
0
0
0
0
0
0
0
0
0
0
0
0
0
0
0
0
0
0
0
0
0
0
0
0
1
0
1
0
0
0
1
0
0
0
0
0
0
0
1
0
1
0
0
1
1
0
0
0
0
0
0
0
0
0
0
0
0
0
0
1
0
0
0
0
0
0
0
0
0
1
0
0
0
0
0
0
0
0
0
0
0
0
0
1
1
0
1
0
0
0
0
0
0
0
0
0
1
0
0
0
0
0
0
0
0
0
0
0
0
1
1
0
0
1
0
0
0
0
0
0
0
1
0
0
0
1
1
0
0
0
0
1
0
0
0
0
0
0
0
0
0
0
1
0
0
0
0
0
0
0
0
1
0
0
0
0
1
0
0
0
0
0
0
0
0
0
0
0
0
0
0
0
0
0
0
0
0
1
0
0
0
0
0
0
0
0
0
0
0
0
0
0
0
1
0
1
0
0
0
0
0
0
0
0
0
0
0
0
0
0
0
0
0
0
0
0
0
1
0
0
0
0
0
0
0
0
0
0
0
0
0
0
0
0
0
0
0
0
0
0
0
0
0
0
0
0
0
0
0
0
0
0
0
0
0
0
0
0
0
0
0
0
0
0
0
0
0
0
0
0
0
0
0
0
0
0
0
0
0
0
0
0
0
0
0
0
0
0
1
0
0
0
0
0
0
0
0
0
0
0
0
0
0
0
0
0
0
0
0
0
0
0
0
0
0
0
0
0
0
0
0
0
0
0
0
0
0
0
0
0
0
0
0
0
0
0
0
0
0
0
0
0
0
0
0
0
0
0
0
0
0
0
1
0
0
0
0
0
0
0
0
0
0
0
0
0
0
0
0
0
0
0
0
0
0
0
0
0
0
0
0
0
0
0
0
0
0
0
0
0
0
0
0
0
0
0
0
0
0
1
0
0
0
0
0
0
0
0
0
0
0
0
0
0
0
0
0
0
0
0
0
0
0
0
0
0
0
0
0
0
0
0
0
0
0
0
0
0
1
0
0
0
0
0
0
0
0
0
0
0
0
0
0
0
0
0
0
0
0
0
0
0
0
0
0
0
0
0
0
0
0
0
0
0
0
0
0
0
0
0
0
1
0
0
0
0
0
0
0
0
0
0
0
0
0
0
0
0
0
0
0
0
1
0
0
0
0
0
0
0
0
0
0
0
0
0
0
0
0
0
0
0
0
0
0
0
0
0
0
0
0
0
1
0
0
0
0
0
0
0
0
0
0
0
0
0
0
0
0
0
0
0
0
0
0
0
0
0
0
0
0
0
0
0
0
0
0
0
0
0
0
0
0
0
0
0
0
0
0
0
0
0
0
0
0
0
0
0
0
0
0
0
0
0
0
0
0
0
0
0
0
0
0
0
0
0
0
0
0
0
0
0
0
0
0
0
0
0
0
0
0
0
0
0
0
0
0
0
0
0
0
0
0
0
0
0
0
0
0
0
0
0
0
0
0
0
0
0
0
0
0
0
0
0
0
1
0
0
0
0
0
0
0
0
0
0
0
0
0
0
0
0
0
0
0
0
0
0
0
0
0
0
0
0
0
0
0
0
0
0
0
0
0
0
0
0
0
0
0
0
0
0
0
0
0
0
0
0
0
0
0
0
0
0
0
0
0
0
0
0
0
0
0
0
0
0
0
0
0
0
0
0
0
0
0
0
0
0
0
0
0
0
0
0
0
0
0
0
0
0
0
0
0
0
0
0
0
0
0
0
0
0
0
0
0
0
0
0
0
0
0
0
0
0
0
0
0
0
0
0
0
0
0
0
0
0
0
0
0
0
0
0
0
0
0
0
0
0
0
0
0
0
0
0
0
0
0
0
0
0
0
0
0
0
0
0
0
0
0
0
0
0
0
0
0
0
0
0
0
0
0
0
0
0
0
0
0
0
0
0
0
0
0
0
0
0
0
0
0
0
0
0
0
0
0
0
0
0
0
0
0
0
0
0
0
0
0
0
0
0
0
0
0
0
0
0
0
0
0
0
0
0
0
0
0
0
0
0
0
0
0
0
0
0
0
0
0
0
0
0
0
0
0
0
0
0
0
0
0
0
0
0
0
0
0
0
0
0
0
0
0
0
0
0
0
0
0
0
0
0
0
0
0
0
0
0
0
0
0
0
0
0
0
0
0
0
0
0
0
0
0
0
0
0
0
0
0
0
0
0
0
0
0
0
0
0
0
0
0
0
0
0
0
0
0
0
0
0
0
0
0
0
0
0
0
0
0
0
0
0
0
0
0
0
0
0
0
0
0
0
0
0
0
0
0
0
0
0
0
0
0
0
0
0
0
0
0
0
0
0
0
0
0
0
0
0
0
0
0
0
0
0
0
0
0
0
0
0
0
0
0
0
0
0
0
0
0
0
0
0
0
0
0
0
0
0
0
0
0
0
0
0
0
0
0
0
0
0
0
0
0
0
0
0
0
0
0
0
0
0
0
0
0
0
0
0
0
0
0
0
0
0
0
0
0
0
0
0
0
0
0
0
0
0
0
0
0
0
0
0
0
0
0
0
0
0
0
0
0
0
0
0
0
0
0
0
0
0
0
0
0
0
0
0
0
0
0
0
0
0
0
0
0
0
0
0
0
0
0
0
0
0
0
0
0
0
0
0
0
0
0
0
0
0
0
0
0
0
0
0
0
0
0
0
0
0
0
0
0
0
0
0
0
0
0
0
0
0
0
0
0
0
0
0
0
0
0
0
0
0
0
0
0
0
0
0
0
0
0
0
0
0
0
0
0
0
0
0
0
0
0
0
0
0
0
0
0
0
0
0
0
0
0
0
0
0
0
0
0
0
0
0
0
0
0
0
0
0
0
0
0
0
0
0
0
0
0
0
0
0
0
0
0
0
0
0
0
0
0
0
0
0
0
0
0
0
0
0
0
0
0
0
0
0
0
0
0
0
0
0
0
0
0
0
0
0
0
0
0
0
0
0
0
0
0
0
0
0
0
0
0
0
0
0
0
0
0
0
0
0
0
0
0
0
0
0
0
0
0
0
0
0
0
0
0
0
0
0
0
0
0
0
0
0
0
0
0
0
0
0
0
0
0
0
0
0
0
0
0
0
0
0
0
0
0
0
0
0
0
0
0
0
0
0
0
0
0
0
0
0
0
0
0
0
0
0
0
0
0
0
0
0
0
0
0
0
0
0
0
0
0
0
0
0
0
0
0
0
0
0
0
0
0
0
0
0
0
0
0
0
0
0
0
0
0
0
0
0
0
0
0
0
0
0
0
0
0
0
0
0
0
0
0
0
0
0
0
0
0
0
0
0
0
0
0
0
0
0
0
0
0
0
0
0
0
0
0
0
0
0
0
0
0
0
0
0
0
0
0
0
0
0
0
0
0
0
0
0
0
0
0
0
0
0
0
0
0
0
0
0
0
0
0
0
0
0
0
0
0
0
0
0
0
0
0
0
0
0
0
0
0
0
0
0
0
0
0
0
0
0
0
0
0
0
0
0
0
0
0
0
0
0
0
0
0
0
0
0
0
0
0
0
0
0
0
0
0
0
0
0
0
0
0
0
0
0
0
0
0
0
0
0
0
0
0
0
0
0
0
0
0
0
0
0
0
0
0
0
0
0
0
0
0
0
0
0
0
0
0
0
0
0
0
0
0
0
0
0
0
0
0
0
0
0
0
0
0
0
0
0
0
0
0
0
0
0
0
0
0
0
0
0
0
0
0
0
0
0
0
0
0
0
0
0
0
0
0
0
0
0
0
0
0
0
0
0
0
0
0
0
0
0
0
0
0
0
0
0
0
0
0
0
0
0
0
0
0
0
0
0
0
0
0
0
0
0
0
0
0
0
0
0
0
0
0
0
0
0
0
0
0
0
0
0
0
0
0
0
0
0
0
0
0
0
0
0
0
0
0
0
0
0
0
0
0
0
0
0
0
0
0
0
0
0
0
0
0
0
0
0
0
0
0
0
0
0
0
0
0
0
0
0
0
0
0
0
0
0
0
0
0
0
0
0
0
0
0
0
0
0
0
0
0
0
0
0
0
0
0
0
0
0
0
0
0
0
0
0
0
0
0
0
0
0
0
0
0
0
0
0
0
0
0
0
0
0
0
0
0
0
0
0
0
0
0
0
0
0
0
0
0
0
0
0
0
0
0
0
0
0
0
0
0
0
0
0
0
0
0
0
0
0
0
0
0
0
0
0
0
0
0
0
0
0
0
0
0
0
0
0
0
0
0
0
0
0
0
0
0
0
0
0
0
0
0
0
0
0
0
0
0
0
