0
0
0
0
0
0
0
0
0
0
0
0
0
1
0
0
0
0
0
0
0
0
1
0
0
0
0
0
0
0
0
0
0
0
0
0
0
0
0
0
0
0
0
0
0
0
0
0
0
0
1
0
0
0
0
0
0
0
0
0
0
0
1
0
0
0
0
1
0
0
0
0
0
0
0
1
0
0
0
0
0
0
0
0
0
0
0
0
0
0
0
0
0
0
1
0
0
0
0
0
0
2
0
0
0
0
0
0
0
0
0
0
0
0
0
0
0
0
0
1
0
0
1
0
0
0
1
1
0
1
0
1
0
1
1
0
0
0
0
0
0
1
0
0
0
0
1
0
0
1
0
0
0
0
1
1
1
1
1
0
0
0
1
0
0
1
0
0
0
0
0
1
0
0
1
1
0
0
1
1
0
1
0
0
0
0
0
0
0
1
0
0
0
0
2
0
1
1
2
0
2
0
2
0
1
1
0
0
0
0
0
1
1
0
0
0
0
1
2
0
0
0
0
0
1
0
1
0
0
2
0
1
0
0
0
0
0
1
1
1
0
1
0
0
0
0
1
2
0
1
0
0
0
2
2
1
0
0
0
2
0
0
0
0
0
0
2
0
0
1
0
2
3
0
0
0
1
0
0
1
0
1
0
0
1
0
0
0
2
0
1
1
2
0
0
0
1
0
1
3
2
1
0
1
1
0
0
1
1
1
0
0
1
1
0
1
1
1
4
0
3
0
0
0
1
1
2
1
0
0
1
1
2
1
2
0
2
1
0
2
1
1
2
2
5
1
0
1
5
2
2
2
1
0
2
0
1
1
1
1
0
0
0
1
0
2
1
0
2
2
1
1
0
1
1
0
2
1
2
1
2
4
1
0
1
1
0
1
4
4
1
1
2
3
1
1
2
1
0
1
0
3
1
1
1
3
1
1
2
3
3
1
2
1
3
3
3
1
1
1
1
5
3
1
2
1
2
4
5
2
3
1
3
2
4
5
2
2
4
4
6
1
2
4
5
4
2
3
1
1
4
3
2
3
5
5
5
1
0
2
3
1
5
4
0
5
4
2
4
3
0
3
6
5
2
2
4
5
1
3
1
4
5
3
2
3
6
6
4
3
1
3
3
3
4
4
5
2
3
5
4
3
6
5
5
2
2
6
3
2
2
9
6
0
3
4
5
3
4
4
9
3
6
2
7
3
2
6
5
4
5
4
4
7
5
3
2
4
1
5
5
5
7
3
6
5
5
10
7
5
6
9
6
7
6
5
5
6
5
8
9
5
7
8
4
6
7
5
6
7
13
7
4
6
7
8
2
5
10
7
5
7
7
9
5
3
6
6
3
6
4
3
6
9
11
10
9
5
7
7
11
9
5
9
7
4
6
6
7
8
5
11
9
8
14
7
7
6
7
6
6
12
9
6
12
12
5
5
10
5
8
10
8
13
5
13
4
7
8
13
9
13
8
7
6
8
6
12
7
13
6
9
10
9
10
13
13
9
14
12
12
11
7
12
9
12
9
8
11
16
14
13
10
9
17
13
10
9
14
9
21
14
9
8
13
9
15
13
13
13
13
13
14
17
15
15
10
8
11
19
16
15
14
16
15
11
11
14
10
18
9
18
12
12
14
12
14
23
7
16
16
14
10
9
11
12
13
19
15
18
18
16
16
18
16
16
16
7
17
18
11
20
23
13
21
21
14
16
20
15
21
22
15
21
20
20
25
24
16
13
21
19
15
25
17
13
24
26
19
13
25
19
19
18
23
18
20
25
22
21
15
24
16
20
12
17
26
31
23
20
19
24
24
23
22
24
25
30
25
16
27
24
26
27
16
22
20
23
24
23
20
22
24
20
32
32
24
19
19
24
22
27
31
34
32
27
21
26
35
28
30
26
30
25
29
33
28
42
28
31
28
28
26
23
24
19
29
28
36
28
36
22
25
29
26
25
23
27
30
32
32
33
39
34
33
42
26
30
27
27
29
35
22
28
27
34
27
38
33
40
27
42
35
44
29
36
39
38
43
39
42
48
36
40
34
29
34
39
31
47
33
34
36
34
37
33
26
37
30
35
33
39
46
31
34
41
46
39
35
50
31
39
42
38
42
43
45
37
42
59
38
36
43
33
42
54
47
43
36
50
51
48
42
50
41
56
53
49
50
39
48
55
51
49
55
44
38
40
58
57
55
56
47
46
51
58
38
48
55
35
49
44
60
65
48
52
48
49
52
56
56
46
45
54
57
54
65
47
52
50
60
73
53
48
49
56
50
43
61
56
57
60
49
44
53
43
48
60
52
49
57
67
65
75
65
66
73
49
65
60
65
59
53
66
64
61
75
60
74
61
65
73
62
60
71
64
71
79
61
61
61
77
59
65
71
69
72
68
65
76
76
78
68
59
77
76
77
71
71
86
80
79
96
80
72
84
76
75
68
70
78
81
69
66
92
99
73
67
100
76
83
77
81
77
79
96
69
90
77
86
80
94
69
75
89
89
82
100
64
76
77
83
81
93
91
100
93
85
87
74
93
102
73
83
78
83
93
90
85
96
83
97
78
107
93
82
87
106
88
97
94
84
104
98
105
104
101
106
109
94
101
120
100
96
92
89
104
106
116
117
99
123
121
99
94
116
113
115
96
96
97
98
107
91
110
112
111
127
114
117
110
107
124
113
112
117
124
112
125
88
120
122
130
105
132
131
113
132
144
111
136
115
101
136
110
101
119
114
135
142
141
123
134
134
137
121
122
135
112
142
122
132
125
131
128
127
127
123
136
141
140
129
122
100
146
131
122
137
129
126
137
131
115
140
150
150
153
159
149
154
148
150
148
142
142
145
155
142
138
148
149
160
130
167
172
157
141
158
138
148
166
150
148
161
172
157
144
150
170
159
133
161
160
194
170
202
144
168
181
145
184
173
157
166
152
138
176
170
175
151
157
162
177
157
197
207
182
170
178
184
163
181
182
197
192
178
183
133
208
157
191
176
181
193
176
165
177
171
182
181
174
191
209
199
186
188
207
209
195
181
232
185
186
211
190
188
178
208
194
223
177
190
210
212
192
239
184
191
184
185
198
211
204
216
200
200
198
207
200
201
203
236
193
199
201
202
205
220
204
207
184
231
228
227
260
231
228
226
206
218
231
208
205
225
228
223
200
214
208
225
245
271
215
224
215
205
255
232
218
228
245
250
227
258
247
228
236
238
203
240
231
256
260
262
235
234
235
264
241
248
245
238
263
249
231
244
256
261
273
240
256
268
259
260
241
208
262
254
247
276
286
266
278
273
252
246
286
278
268
254
248
260
291
255
238
278
268
270
254
270
264
253
267
287
276
251
273
273
293
301
294
300
274
286
277
284
283
255
273
259
285
313
252
280
292
299
271
264
276
308
298
295
290
266
310
350
268
296
310
326
308
326
322
307
304
275
309
291
324
312
339
305
337
315
280
277
320
320
349
297
281
320
315
319
323
306
325
338
308
322
305
342
301
308
314
343
311
331
329
323
349
301
347
349
331
314
306
355
340
343
345
362
346
365
332
371
319
317
351
360
325
314
324
293
350
343
350
370
333
373
352
360
316
343
374
350
377
378
328
371
363
375
365
387
341
360
374
335
357
376
383
334
362
374
357
389
365
373
398
378
360
352
381
395
353
357
386
395
359
396
338
402
396
381
374
384
387
370
395
397
382
344
393
406
413
399
351
400
440
390
411
428
449
402
409
432
435
396
374
401
414
385
355
369
406
453
425
409
406
401
421
466
407
387
411
434
440
404
436
447
396
462
394
445
416
393
413
419
431
435
398
426
490
434
402
445
397
424
448
437
459
456
410
430
461
401
440
427
445
401
440
345
453
448
461
455
422
464
430
415
483
439
450
438
441
447
436
470
509
474
464
487
450
452
465
473
459
469
463
433
480
471
452
464
486
447
474
526
463
444
506
515
475
491
463
518
462
532
446
465
460
498
441
541
528
501
473
478
479
505
509
482
455
488
465
526
492
499
528
494
477
507
531
494
524
513
551
516
516
501
464
440
511
513
517
514
531
467
490
526
540
519
524
509
522
512
549
529
517
501
504
509
481
544
499
531
539
506
471
502
533
542
508
542
543
534
532
558
529
553
555
519
566
578
536
498
555
497
531
424
547
541
548
549
566
544
509
553
557
508
531
605
553
552
530
498
561
530
569
587
574
579
550
542
585
573
568
582
522
538
554
539
552
556
540
600
551
549
538
639
588
522
543
629
557
585
499
552
584
599
531
598
588
589
583
626
584
571
585
595
578
634
556
549
578
541
562
596
559
595
572
614
573
609
604
589
625
589
559
523
623
577
655
600
636
583
601
636
582
606
560
595
628
597
630
624
599
643
658
600
645
593
628
657
600
621
596
653
638
601
586
595
619
609
628
632
593
639
606
645
645
638
598
676
631
618
664
531
652
627
623
619
695
589
652
663
633
578
615
648
608
627
564
654
674
643
666
620
611
658
688
670
626
589
621
658
680
643
653
630
659
661
607
675
681
627
622
639
667
619
633
659
624
642
640
696
650
646
644
722
650
658
708
729
700
676
673
665
652
644
633
688
697
655
678
706
706
669
654
714
736
685
697
660
646
650
640
589
689
664
650
700
642
681
730
687
706
689
672
658
657
717
657
659
688
684
679
748
719
631
648
705
700
684
725
726
699
650
701
699
745
671
692
706
711
647
686
709
669
684
686
740
719
686
714
571
711
719
715
710
686
681
679
717
687
718
643
713
686
740
673
656
695
694
672
719
701
718
671
744
705
700
695
726
639
685
745
677
708
651
735
708
663
727
699
683
693
701
759
703
773
717
669
727
707
732
712
739
741
715
706
745
695
756
705
731
719
726
715
762
763
730
786
759
716
694
735
728
727
742
737
693
674
648
621
691
679
714
791
706
743
744
714
759
731
763
668
743
730
778
737
750
685
725
735
699
689
772
752
747
751
748
738
741
747
742
706
733
742
726
744
812
736
764
709
765
739
734
732
745
776
719
716
648
678
717
711
767
736
742
694
770
746
729
693
716
809
721
713
748
785
707
723
755
791
796
763
787
763
757
778
762
770
715
747
732
741
744
735
800
789
741
766
774
719
772
711
779
739
698
709
752
674
731
750
736
726
742
753
753
769
734
721
746
802
756
709
771
761
721
756
760
778
749
698
741
758
713
695
776
711
759
717
706
743
758
774
758
775
764
729
791
746
754
746
760
739
712
734
770
761
760
706
719
758
784
735
720
750
733
768
755
697
771
689
749
723
724
724
795
775
757
819
783
729
715
701
694
754
732
750
649
691
701
762
761
700
753
751
774
763
818
749
715
807
712
760
705
771
738
757
777
785
767
738
763
774
730
730
724
735
721
746
701
758
698
774
756
760
703
681
749
753
728
662
742
796
715
682
791
757
731
719
773
767
719
773
727
774
712
708
754
721
753
692
723
769
757
752
815
773
733
740
727
700
735
747
697
757
743
652
656
775
732
753
733
726
727
670
748
742
748
693
747
750
762
732
746
703
707
702
714
707
720
718
747
708
681
725
701
749
703
692
713
801
735
743
787
725
675
703
709
753
719
671
710
729
702
708
586
737
731
744
736
712
714
740
719
733
721
684
736
753
675
671
667
690
686
732
726
753
704
720
704
724
704
744
671
689
728
735
734
763
682
717
771
677
675
734
720
734
677
733
738
712
665
643
691
702
672
719
676
680
700
710
714
702
712
720
719
692
682
657
697
743
739
695
728
746
689
704
804
657
689
754
687
683
684
611
597
748
663
692
726
714
661
681
681
665
724
690
743
726
723
676
667
699
672
681
653
717
673
689
693
638
649
697
643
684
622
632
653
693
716
711
693
699
651
681
684
714
669
643
672
685
657
633
579
715
666
701
704
633
631
666
701
679
620
684
640
682
705
617
633
650
645
680
653
677
692
642
654
684
685
682
633
659
677
652
678
658
598
690
677
665
614
617
622
654
609
673
650
654
642
575
648
658
626
649
623
682
649
659
655
653
667
608
664
697
689
621
684
673
625
668
662
650
574
604
629
636
641
638
643
567
656
591
573
644
621
646
644
691
641
637
638
612
648
639
661
618
621
598
576
619
595
643
629
599
607
640
636
628
600
639
636
627
626
591
627
623
615
611
644
600
586
603
671
621
609
605
597
587
569
584
528
594
573
599
624
575
586
577
585
631
576
533
581
585
590
596
554
634
595
570
633
590
585
542
593
569
583
573
588
608
538
556
597
589
589
568
509
561
566
574
583
556
569
573
577
582
599
505
550
574
604
592
562
574
592
537
576
536
539
555
597
594
576
532
569
548
523
565
551
583
535
565
574
541
582
573
570
590
550
501
486
563
560
572
534
537
521
571
534
538
593
526
540
547
578
528
532
510
468
570
568
531
566
605
535
525
531
442
541
573
535
520
501
534
537
499
529
548
481
500
516
497
530
525
561
492
492
499
399
519
476
489
565
524
530
507
499
500
530
543
523
486
481
494
527
519
496
490
496
521
499
454
479
522
493
465
534
490
513
516
507
499
516
465
491
485
486
466
497
455
487
463
552
502
492
432
475
473
485
449
514
467
478
495
517
499
484
505
449
446
463
464
440
457
479
497
463
447
462
484
486
469
484
483
476
439
452
395
408
469
458
457
474
426
475
431
431
445
430
503
481
472
443
440
423
461
443
470
474
433
391
419
462
438
453
433
457
468
459
427
428
413
409
393
440
429
429
440
415
464
438
413
432
474
421
446
344
416
428
417
419
411
423
418
430
432
465
407
430
428
405
376
400
414
396
436
444
430
431
382
436
441
446
424
423
380
430
399
408
381
406
419
430
408
394
422
397
432
395
425
435
424
398
374
395
412
382
410
408
396
386
378
376
379
373
392
407
375
386
381
382
371
399
395
408
356
387
374
412
410
372
373
384
363
384
347
321
357
367
381
387
377
356
380
378
404
375
365
380
385
356
373
386
344
352
384
389
396
386
313
334
401
352
366
360
346
360
373
339
306
350
332
369
370
311
316
323
348
345
348
364
345
346
329
282
359
315
334
356
368
278
323
335
327
324
304
354
365
334
299
325
332
331
327
315
302
334
349
321
313
345
335
311
337
327
301
318
357
332
303
333
318
312
324
300
319
327
307
335
340
312
285
325
311
357
295
318
292
287
290
309
291
298
301
296
313
256
289
304
261
293
305
335
297
300
316
286
285
299
296
305
311
294
230
248
280
309
275
285
314
277
263
286
275
274
296
267
322
270
271
259
276
257
265
284
280
246
264
274
257
269
276
272
285
258
256
288
261
294
266
280
265
276
261
286
256
285
244
248
258
280
234
215
255
259
239
272
249
232
260
278
275
276
236
267
230
251
238
260
265
247
233
263
283
245
262
250
292
286
231
219
243
224
226
219
247
230
242
267
211
245
264
248
265
224
206
264
222
237
199
241
238
232
223
240
233
219
222
223
226
223
231
263
207
233
224
253
227
221
236
204
244
203
215
234
222
207
226
216
227
224
198
217
216
205
227
195
231
217
198
217
218
202
186
246
215
234
204
209
211
181
212
184
193
208
208
202
204
195
188
208
217
208
189
227
214
188
214
184
208
188
203
198
177
216
201
183
205
191
177
167
189
191
217
187
227
189
197
199
174
172
178
203
178
189
183
175
198
193
211
177
201
190
173
179
206
210
172
195
214
191
196
171
194
192
178
189
183
174
180
197
178
170
151
154
173
162
164
164
178
187
173
170
180
170
193
181
180
162
171
159
166
166
178
178
145
172
172
155
188
164
154
161
166
146
186
165
163
163
126
143
154
174
159
161
187
147
155
168
153
149
151
158
149
173
150
139
153
147
135
153
164
163
153
167
137
150
136
155
144
143
158
139
152
153
160
175
139
142
161
145
142
172
149
131
137
156
138
111
143
163
145
156
138
147
124
129
127
128
132
137
120
135
132
113
120
128
125
144
122
130
113
136
121
134
119
132
134
120
131
127
131
129
140
136
143
124
145
124
114
120
133
122
128
117
135
139
109
127
122
137
110
119
126
136
114
117
118
119
133
117
116
132
124
113
116
97
122
121
114
109
103
101
116
109
106
131
95
108
111
118
129
130
75
119
101
110
119
94
109
119
107
108
105
120
111
111
120
110
118
106
102
112
107
98
87
123
102
104
113
103
101
93
100
120
87
85
111
90
106
93
106
100
92
116
88
80
92
89
96
106
99
97
110
100
91
90
76
111
92
96
79
82
97
82
99
102
95
83
92
92
86
112
98
98
89
90
102
92
98
95
95
87
102
88
81
87
88
67
78
96
85
74
67
72
91
93
82
105
89
94
83
85
85
90
72
82
83
69
87
82
98
86
80
82
80
79
84
71
84
68
62
78
62
79
61
62
60
86
47
71
85
66
69
77
83
76
63
71
65
77
81
77
74
77
77
68
56
78
67
77
82
90
72
81
64
70
62
80
93
56
51
57
75
60
74
55
67
68
68
74
65
57
72
65
69
61
62
58
59
64
61
66
56
55
58
56
69
75
66
56
71
62
56
64
62
67
60
67
47
52
65
56
69
66
53
69
54
56
35
62
56
64
57
53
64
63
59
55
53
61
43
58
61
56
54
60
49
52
61
56
59
60
51
57
51
46
59
46
56
44
50
54
53
49
57
60
54
58
47
62
41
50
37
51
41
52
57
46
63
57
53
55
50
56
58
41
55
28
48
45
39
33
60
52
55
50
39
36
39
55
37
42
53
52
38
50
39
46
41
44
55
42
46
55
38
41
47
38
38
37
34
45
36
35
51
45
41
35
40
54
51
42
38
37
36
33
42
49
42
47
44
45
37
51
33
38
47
39
46
34
43
37
40
49
39
25
41
34
52
37
33
42
33
35
43
43
22
44
34
39
44
34
46
36
35
34
36
38
27
31
24
40
43
31
32
32
39
38
31
31
29
32
34
36
44
30
34
36
39
28
32
27
37
35
37
26
36
35
30
36
39
28
31
41
28
33
24
36
34
29
26
21
22
26
30
31
34
23
29
31
23
30
23
24
34
28
19
35
32
27
35
26
41
28
30
32
30
23
34
22
31
24
36
29
18
37
19
28
30
23
20
29
32
35
26
27
26
18
24
26
30
23
22
27
19
23
23
28
35
24
26
27
33
22
25
27
21
23
27
19
28
22
25
24
30
36
17
21
27
21
25
23
16
25
25
24
18
26
27
15
33
19
17
27
31
17
21
26
23
17
15
28
15
19
17
30
21
28
19
24
25
21
20
18
24
19
13
25
19
30
14
22
16
22
19
19
16
12
19
23
24
16
14
15
7
31
14
12
17
22
23
20
23
19
27
19
12
15
16
21
19
18
25
27
20
15
13
19
15
20
20
24
16
20
20
12
17
20
14
11
29
16
23
20
16
14
13
18
14
19
12
17
13
13
13
9
26
24
12
16
14
20
14
17
14
12
16
21
23
15
15
15
16
13
14
19
13
17
11
14
12
12
13
9
13
10
7
17
14
23
10
13
13
22
19
13
12
12
12
15
18
13
16
15
12
11
7
8
14
10
10
14
14
6
21
12
16
12
13
9
18
16
10
12
12
10
7
15
12
14
7
6
19
11
7
11
13
16
9
18
15
6
9
9
13
10
20
8
5
17
9
9
10
5
14
8
6
9
9
8
11
9
8
8
9
16
9
3
14
13
11
13
11
10
14
11
5
15
7
13
6
7
8
7
12
9
7
5
8
13
10
10
10
7
12
10
12
8
7
9
14
7
7
8
3
17
8
12
6
11
10
16
5
8
9
6
5
9
9
7
9
6
6
7
5
2
4
10
9
12
8
9
7
6
8
8
7
10
7
9
8
8
6
8
5
13
11
9
5
10
7
6
8
5
8
11
14
2
6
6
9
6
6
3
8
8
6
6
7
6
5
8
9
10
9
6
4
4
9
6
3
9
5
8
4
7
6
7
7
7
3
4
7
6
7
7
4
6
5
7
2
7
4
4
6
7
4
4
3
4
3
3
4
5
7
4
6
8
3
7
5
3
7
5
10
7
5
4
5
4
1
3
5
4
5
6
6
6
4
6
6
4
5
1
4
3
7
8
2
6
3
4
3
1
6
4
4
6
5
2
5
1
5
2
6
4
6
3
5
5
8
4
4
2
3
3
5
4
2
4
8
5
4
4
6
5
2
8
2
2
6
1
4
3
1
9
1
3
5
4
6
2
3
4
4
4
8
4
6
3
4
3
3
5
2
3
2
3
2
2
4
3
1
5
0
6
1
1
7
5
3
1
3
3
4
4
6
7
4
3
6
7
8
4
5
2
3
3
0
3
3
0
0
1
2
1
5
6
4
3
5
2
3
4
2
3
6
4
3
1
4
2
5
3
3
0
1
4
3
2
2
5
0
2
2
4
3
3
5
3
1
2
2
3
1
6
4
3
4
2
2
5
3
1
1
0
4
1
1
3
2
1
3
1
3
1
7
3
4
2
4
2
2
3
2
2
2
0
1
3
1
0
4
1
0
0
1
1
0
2
0
4
1
1
4
2
1
0
3
2
3
1
2
3
1
0
1
3
1
0
5
1
2
2
0
3
2
2
1
1
2
7
3
2
0
2
1
0
1
0
2
3
0
0
3
2
1
3
1
3
2
2
3
0
4
1
1
1
1
1
5
4
1
1
2
0
2
1
3
1
1
1
2
0
2
0
2
3
1
2
1
1
1
1
4
0
2
0
2
1
0
7
0
2
2
3
3
1
2
2
1
1
0
1
3
0
2
0
4
3
0
3
0
0
2
0
0
2
2
0
1
2
2
1
1
1
1
0
0
2
2
1
1
0
6
0
1
1
0
3
1
3
0
0
3
2
2
1
1
0
0
0
0
0
0
0
1
1
1
0
0
1
1
0
1
0
0
0
4
0
1
2
0
0
0
0
0
0
0
3
0
0
1
0
1
0
0
0
0
2
0
0
1
0
0
0
0
1
1
0
0
1
1
0
1
0
0
1
0
0
3
0
1
0
1
0
1
0
0
1
0
4
0
1
2
2
1
0
1
0
0
2
0
0
2
0
0
1
0
0
0
1
0
0
0
2
1
1
0
0
0
1
0
1
1
1
3
0
0
0
0
2
1
0
0
1
0
1
1
0
0
0
0
1
1
1
0
1
2
2
0
0
0
0
1
0
0
1
1
0
2
2
0
0
0
0
0
1
1
0
0
2
2
1
2
1
0
1
0
1
0
1
0
0
0
0
0
1
0
0
1
0
0
2
0
0
0
2
0
0
0
1
0
0
1
1
0
2
0
0
0
0
0
1
1
0
1
0
0
1
0
0
1
1
0
0
0
0
0
1
1
0
1
1
0
0
0
0
0
0
0
0
0
0
0
0
1
0
1
0
2
0
0
0
1
0
0
0
0
0
1
1
0
0
1
0
0
2
0
1
0
0
0
0
0
0
0
0
0
0
0
0
0
0
0
0
0
0
0
0
1
0
0
1
1
0
0
0
0
1
0
1
0
0
0
0
0
0
1
1
1
0
1
0
0
0
0
0
1
0
1
1
0
0
0
0
0
0
1
0
1
0
0
0
0
0
0
0
0
0
0
0
0
1
0
0
0
0
2
0
1
0
1
1
1
1
0
0
0
0
0
1
0
0
0
1
1
0
0
0
0
1
1
0
0
0
1
0
0
0
0
0
0
1
0
0
2
0
0
1
0
0
0
0
0
0
0
0
0
0
0
1
0
1
1
0
1
0
0
0
0
0
0
0
0
0
0
0
0
0
1
0
0
0
0
0
0
0
0
0
1
0
0
0
0
0
0
1
1
0
0
0
0
0
0
0
0
0
0
0
0
0
0
0
0
0
0
1
0
0
0
0
0
0
0
0
0
0
0
0
0
0
0
0
1
0
0
0
0
0
0
1
0
0
0
0
0
0
0
0
0
0
0
0
0
0
0
0
0
0
0
0
0
0
1
0
0
0
0
0
0
0
0
0
0
0
0
0
0
0
0
0
0
0
0
0
0
1
0
0
0
0
0
0
0
0
0
0
1
1
1
0
0
0
0
0
0
0
0
0
0
0
0
0
0
0
0
0
0
0
0
1
0
0
0
0
0
0
0
0
0
0
0
0
0
0
0
0
0
0
0
0
0
0
0
0
0
0
0
0
0
0
0
0
0
0
0
0
0
0
0
0
0
0
0
0
0
0
0
0
0
0
0
0
0
0
0
0
0
1
0
0
0
0
0
0
0
0
0
0
0
0
0
0
0
0
0
0
0
0
0
0
0
0
0
0
0
0
0
1
0
0
0
0
0
0
0
0
0
0
0
0
0
0
0
0
0
0
0
0
0
0
0
0
0
0
0
0
0
0
0
1
0
0
0
0
0
0
0
0
0
0
0
0
0
0
0
0
0
0
0
0
0
0
0
0
0
0
0
0
0
0
0
0
0
0
0
0
0
0
0
0
0
0
0
0
0
0
0
0
0
0
0
0
0
0
0
0
0
0
0
0
0
0
0
0
0
0
0
0
0
0
0
0
0
0
0
0
0
0
0
0
0
0
0
0
0
0
0
0
0
0
0
0
0
0
0
0
0
0
0
0
0
0
0
0
0
0
0
0
0
0
0
0
0
0
0
0
0
0
0
0
0
0
0
0
0
0
0
0
0
0
0
0
0
0
0
0
0
0
0
1
0
0
0
0
0
0
0
0
0
0
0
0
0
0
0
0
0
0
0
0
0
0
0
0
0
0
0
0
0
0
0
0
0
0
0
0
0
0
0
0
0
0
0
0
0
0
0
0
0
0
0
0
0
0
0
0
0
0
0
0
0
0
0
0
0
0
0
0
0
0
0
0
0
0
0
0
0
0
0
0
0
0
0
0
0
0
0
0
0
0
0
0
0
0
0
0
0
0
0
0
0
0
0
0
0
0
0
0
0
0
0
0
0
0
0
0
0
0
0
0
0
0
0
0
0
0
0
0
0
0
0
0
0
0
0
0
0
0
0
0
0
0
0
0
0
0
0
0
0
0
0
0
0
0
0
0
0
0
0
0
0
0
0
0
0
0
0
0
0
0
0
0
0
0
0
0
0
0
0
0
0
0
0
0
0
0
0
0
0
0
0
0
0
0
0
0
0
0
0
0
0
0
0
0
0
0
0
0
0
0
0
0
0
0
0
0
0
0
0
0
1
0
0
0
0
0
0
0
0
0
0
0
0
0
0
0
0
0
0
0
0
0
0
0
0
0
0
0
0
0
0
0
0
0
0
0
0
0
0
0
0
0
0
0
0
0
0
0
0
0
0
0
0
0
0
0
0
0
0
0
0
0
0
0
0
0
0
0
0
0
0
0
0
0
0
0
0
0
0
0
0
0
0
0
0
0
0
0
0
0
0
0
0
0
0
0
0
0
0
0
0
0
0
0
0
0
0
0
0
0
0
0
0
0
0
0
0
0
0
0
0
0
0
0
0
0
0
0
0
0
0
0
0
0
0
0
0
0
0
0
0
0
0
0
0
0
0
0
0
0
0
0
0
0
0
0
0
0
0
0
0
0
0
0
0
0
0
0
0
0
0
0
0
0
0
0
0
0
0
0
0
0
0
0
0
0
0
0
0
0
0
0
0
0
0
0
0
0
0
0
0
0
0
0
0
0
0
0
0
0
0
0
0
0
0
0
0
0
0
0
0
0
0
0
0
0
0
0
0
0
0
0
0
0
0
0
0
0
0
0
0
0
0
0
0
0
0
0
0
0
0
0
0
0
0
0
0
0
0
0
0
0
0
0
0
0
0
0
0
0
0
0
0
0
0
0
0
0
0
0
0
0
0
0
0
0
0
0
0
0
0
0
0
0
0
0
0
0
0
0
0
0
0
0
0
0
0
0
0
0
0
0
0
0
0
0
0
0
0
0
0
0
0
0
0
0
0
0
0
0
0
0
0
0
0
0
0
0
0
0
0
0
0
0
0
0
0
0
0
0
0
0
0
0
0
0
0
0
0
0
0
0
0
0
0
0
0
0
0
0
0
0
0
0
0
0
0
0
0
0
0
0
0
0
0
0
0
0
0
0
0
0
0
0
0
0
0
0
0
0
0
0
0
0
0
0
0
0
0
0
0
0
0
0
0
0
0
0
0
0
0
0
0
0
0
0
0
0
0
0
0
0
0
0
0
0
0
0
0
0
0
0
0
0
0
0
0
0
0
0
0
0
0
0
0
0
0
0
0
0
0
0
0
0
0
0
0
0
0
0
0
0
0
0
0
0
0
0
0
0
0
0
0
0
0
0
0
0
0
0
0
0
0
0
0
0
0
0
0
0
0
0
0
0
0
0
0
0
0
0
0
0
0
0
0
0
0
0
0
0
0
0
0
0
0
0
0
0
0
0
0
0
0
0
0
0
0
0
0
0
0
0
0
0
0
0
0
0
0
0
0
0
0
0
0
0
0
0
0
0
0
0
0
0
0
0
0
0
0
0
0
0
0
0
0
0
0
0
0
0
0
0
0
0
0
0
0
0
0
0
0
0
0
0
0
0
0
0
0
0
0
0
0
0
0
0
0
0
0
0
0
0
0
0
0
0
0
0
0
0
0
0
0
0
0
0
0
0
0
0
0
0
0
0
0
0
0
0
0
0
0
0
0
0
0
0
0
0
0
0
0
0
0
0
0
0
0
0
0
0
0
0
0
0
0
0
0
0
0
0
0
0
0
0
0
0
0
0
0
0
0
0
0
0
0
0
0
0
0
0
0
0
0
0
0
0
0
0
0
0
0
0
0
0
0
0
0
0
0
0
0
0
0
0
0
0
0
0
0
0
0
0
0
0
0
0
0
0
0
0
0
0
0
0
0
0
0
0
0
0
0
0
0
0
0
0
0
0
0
0
0
0
0
0
0
0
0
0
0
0
0
0
0
0
0
0
0
0
0
0
0
0
0
0
0
0
0
0
0
0
0
0
0
0
0
0
0
0
0
0
0
0
0
0
0
0
0
0
0
0
0
0
0
0
0
0
0
0
0
0
0
0
0
0
0
0
0
0
0
0
0
0
0
0
0
0
0
0
0
0
0
0
0
0
0
0
0
0
0
0
0
0
0
0
0
0
0
0
0
0
0
0
0
0
0
0
0
0
0
0
0
0
0
0
0
0
0
0
0
0
0
0
0
0
0
0
0
0
0
0
0
0
0
0
0
0
0
0
0
0
0
0
0
0
0
0
0
0
0
0
0
0
0
0
0
0
0
0
0
0
0
0
0
0
0
0
0
0
0
0
0
0
0
0
0
0
0
0
0
0
0
0
0
0
0
0
0
0
0
0
0
0
0
0
0
0
0
0
0
0
0
0
0
0
0
0
0
0
0
0
0
0
0
0
0
0
0
0
0
0
0
0
0
0
0
0
0
0
0
0
0
0
0
0
0
0
0
0
0
0
0
0
0
0
0
0
0
0
0
0
0
0
0
0
0
0
0
0
0
0
0
0
0
0
0
0
0
0
0
0
0
0
0
0
0
0
0
0
0
0
0
0
0
0
0
0
0
0
0
0
0
0
0
0
0
0
0
0
0
0
0
0
0
0
0
0
0
0
0
0
0
0
0
0
0
0
0
0
0
0
0
0
0
0
0
0
0
0
0
0
0
0
0
0
0
0
0
0
0
0
0
0
0
0
0
0
0
0
0
0
0
0
0
0
0
0
0
0
0
0
0
0
0
0
0
0
0
0
0
0
0
0
0
0
0
0
0
0
0
0
0
0
0
0
0
0
0
0
0
0
0
0
0
0
0
0
0
0
0
0
0
0
0
0
0
0
0
0
0
0
0
0
0
0
0
0
0
0
0
0
0
0
0
0
0
0
0
0
0
0
0
0
0
0
0
0
0
0
0
0
0
0
0
0
0
0
0
0
0
0
0
0
0
0
0
0
0
0
0
0
0
0
0
0
0
0
0
0
0
0
0
0
0
0
0
0
0
0
0
0
0
0
0
0
0
0
0
0
0
0
0
0
0
0
0
0
0
0
0
0
0
0
0
0
0
0
0
0
0
0
0
0
0
0
0
0
0
0
0
0
0
0
0
0
0
0
0
0
0
0
0
0
0
0
0
0
0
0
0
0
0
0
0
0
0
0
0
0
0
0
0
0
0
0
0
0
0
0
0
0
0
0
0
0
0
0
0
0
0
0
0
0
0
0
0
0
0
0
0
0
0
0
0
0
0
0
0
0
0
0
0
0
0
0
0
0
0
0
0
0
0
0
0
0
0
0
0
0
0
0
0
0
0
0
0
0
0
0
0
0
0
0
0
0
0
0
0
0
0
0
0
0
0
0
0
0
0
0
0
0
0
0
0
0
0
0
0
0
0
0
0
0
0
0
0
0
0
0
0
0
0
0
0
0
0
0
0
0
0
0
0
0
0
0
0
0
0
0
0
0
0
0
0
0
0
0
0
0
0
0
0
0
0
0
0
0
0
0
0
0
0
0
0
0
0
0
0
0
0
0
0
0
0
0
0
0
0
0
0
0
0
0
0
0
0
0
0
0
0
0
0
0
0
0
0
0
0
0
0
0
0
0
0
0
0
0
0
0
0
0
0
0
0
0
0
0
0
0
0
0
0
0
0
0
0
0
0
0
0
0
0
0
0
0
0
0
0
0
0
0
0
0
0
0
0
0
0
0
0
0
0
0
0
0
0
0
0
0
0
0
0
0
0
0
0
0
0
0
0
0
0
0
0
0
0
0
0
0
0
0
0
0
0
0
0
0
0
0
0
0
0
0
0
0
0
0
0
0
0
0
0
0
0
0
0
0
0
0
0
0
0
0
0
0
0
0
0
0
0
0
0
0
0
0
0
0
0
0
0
0
0
0
0
0
0
0
0
0
0
0
0
0
0
0
0
0
0
0
0
0
0
0
0
0
0
0
0
0
0
0
0
0
0
0
0
0
0
0
0
0
0
0
0
0
0
0
0
0
0
0
0
0
0
0
0
0
0
0
0
0
0
0
0
0
0
0
0
0
0
0
0
0
0
0
0
0
0
0
0
0
0
0
0
0
0
0
0
0
0
0
0
0
0
0
0
0
0
0
0
0
0
0
0
0
0
0
0
0
0
0
0
0
0
0
0
0
0
0
0
0
0
0
0
0
0
0
0
0
0
0
0
0
0
0
0
0
0
0
0
0
0
0
0
0
0
0
0
0
0
0
0
0
0
0
0
0
0
0
0
0
0
0
0
0
0
0
0
0
0
0
0
0
0
0
0
0
0
0
0
0
0
0
0
0
0
0
0
0
0
0
0
0
0
0
0
0
0
0
0
0
0
0
0
0
0
0
0
0
0
0
0
0
0
0
0
0
0
0
0
0
0
0
0
0
0
0
0
0
0
0
0
0
0
0
0
0
0
0
0
0
0
0
0
0
0
0
0
0
0
0
0
0
0
0
0
0
0
0
0
0
0
0
0
0
0
0
0
0
0
0
0
0
0
0
0
0
0
0
0
0
0
0
0
0
0
0
0
0
0
0
0
0
0
0
0
0
0
0
0
0
0
0
0
0
0
0
0
0
0
0
0
0
0
0
0
0
0
0
0
0
0
0
0
0
0
0
0
0
0
0
0
0
0
0
0
0
0
0
0
0
0
0
0
0
0
0
0
0
0
0
0
0
0
0
0
0
0
0
0
0
0
0
0
0
0
0
0
0
0
0
0
0
0
0
0
0
0
0
0
0
0
0
0
0
0
0
0
0
0
0
0
0
0
0
0
0
0
0
0
0
0
0
0
0
0
0
0
0
0
0
0
0
0
0
0
0
0
0
0
0
0
0
0
0
0
0
0
0
0
0
0
0
0
0
0
0
0
0
0
0
0
0
0
0
0
0
0
0
0
0
0
0
0
0
0
0
0
0
0
0
0
0
0
0
0
0
0
0
0
0
0
0
0
0
0
0
0
0
0
0
0
0
0
0
0
0
0
0
0
0
0
0
0
0
0
0
0
0
0
0
0
0
0
0
0
0
0
0
0
0
0
0
0
0
0
0
0
0
0
0
0
0
0
0
0
0
0
0
0
0
0
0
0
0
0
0
0
0
0
0
0
0
0
0
0
0
0
0
0
0
0
0
0
0
0
0
0
0
0
0
0
0
0
0
0
0
0
0
0
0
0
0
0
0
0
0
0
0
0
0
0
0
0
0
0
0
0
0
0
0
0
0
0
0
0
0
0
0
0
0
0
0
0
0
0
0
0
0
0
0
0
0
0
0
0
0
0
0
0
0
0
0
0
0
0
0
0
0
0
0
0
0
0
0
0
0
0
0
0
0
0
0
0
0
0
0
0
0
0
0
0
0
0
0
0
0
0
0
0
0
0
0
0
0
0
0
0
0
0
0
0
0
0
0
0
0
0
0
0
0
0
0
0
0
0
0
0
0
0
0
0
0
0
0
0
0
0
0
0
0
0
0
0
0
0
0
0
0
0
0
0
0
0
0
0
0
0
0
0
0
0
0
0
0
0
0
0
0
0
0
0
0
0
0
0
0
0
0
0
0
0
0
0
0
0
0
0
0
0
0
0
0
0
0
0
0
0
0
0
0
0
0
0
0
