0
0
0
0
0
0
0
0
0
0
0
0
0
0
0
0
0
0
0
0
0
0
0
0
0
0
0
0
0
0
0
0
0
0
0
0
0
0
0
0
0
0
0
1
0
0
0
0
1
0
0
0
0
0
0
0
1
0
0
0
0
0
0
0
0
0
0
1
0
0
0
0
0
0
0
0
0
0
0
0
0
0
0
0
0
0
0
0
0
0
0
0
0
0
0
0
0
0
0
0
1
0
0
0
0
0
0
0
0
0
0
1
0
0
0
0
0
0
0
0
0
0
1
0
0
0
0
0
0
0
0
0
0
0
0
0
0
0
0
0
0
0
0
1
0
0
0
0
0
0
0
0
0
0
0
0
0
0
0
0
0
0
1
0
0
0
0
0
0
1
0
0
0
0
0
2
0
0
0
0
0
1
0
0
0
0
1
0
1
0
0
0
0
0
0
0
0
0
0
1
0
0
0
0
0
0
0
0
0
0
0
0
0
0
0
0
1
0
0
0
1
0
1
0
0
0
0
0
0
0
0
0
0
0
0
0
0
0
2
0
0
0
0
0
0
0
1
0
1
0
0
0
0
0
0
0
0
0
1
0
2
0
0
0
1
0
0
0
1
1
0
1
0
1
0
0
0
0
0
0
1
0
0
0
0
0
0
0
1
0
0
1
0
0
0
1
0
0
1
0
0
1
0
1
0
1
0
0
1
0
0
0
0
0
0
0
0
1
2
1
0
0
0
1
0
0
0
1
1
0
0
1
0
0
0
0
0
0
2
1
0
0
1
1
0
0
1
1
0
0
1
0
0
0
1
0
0
0
0
1
0
1
0
2
1
0
0
1
1
0
1
0
1
0
0
0
1
1
1
1
0
0
1
0
2
0
1
0
0
1
0
0
0
0
1
1
1
2
2
0
1
0
2
1
1
0
2
1
1
0
1
2
1
0
1
1
3
1
0
1
1
1
0
1
1
2
0
1
0
1
3
0
0
3
0
2
1
3
1
1
2
2
1
1
4
2
2
4
1
2
0
2
1
0
1
2
4
1
2
2
3
2
1
1
2
2
3
1
0
0
0
2
1
1
2
1
1
1
1
1
0
1
1
0
3
2
1
0
2
3
3
3
0
2
1
2
0
0
1
2
0
0
2
1
3
2
1
3
3
2
4
1
0
2
1
3
3
1
1
4
4
3
3
1
0
3
2
1
1
4
0
0
2
1
2
3
1
0
5
0
3
1
4
4
0
2
4
1
1
4
4
3
1
1
1
3
2
2
2
3
2
1
1
5
7
1
3
1
2
4
3
1
4
7
8
4
1
2
4
2
0
1
1
2
1
3
4
3
2
3
1
3
3
3
3
3
2
2
1
4
7
2
4
4
2
2
1
3
4
3
3
3
2
2
1
5
3
2
3
1
4
3
1
5
0
5
3
6
5
1
4
4
3
3
6
5
2
4
3
2
3
5
7
3
4
8
4
3
5
1
6
7
2
5
5
4
6
3
2
6
2
6
4
3
3
2
6
4
4
3
5
8
7
4
3
5
6
4
2
1
7
6
3
3
3
8
5
3
4
6
9
2
4
9
10
6
5
5
6
4
6
7
5
10
4
5
5
5
3
4
5
9
4
5
4
6
8
5
7
2
9
4
7
11
6
3
5
8
8
5
5
5
3
7
7
7
10
2
5
5
12
5
11
9
13
9
6
8
6
5
11
7
10
14
7
9
6
8
6
8
8
5
9
4
6
9
8
7
7
8
9
8
12
8
11
10
13
11
6
13
14
9
4
13
10
8
6
11
7
15
15
12
6
9
10
8
12
8
7
8
9
15
8
11
6
8
12
12
8
12
10
11
9
13
8
8
11
8
9
13
13
12
13
13
10
13
7
10
19
8
10
12
13
13
13
12
6
15
7
9
12
11
18
16
15
24
14
13
13
12
12
14
6
11
15
10
5
13
14
13
18
10
19
13
12
18
16
22
18
18
16
15
17
13
16
16
13
12
15
11
13
18
24
15
13
11
17
17
16
10
14
9
18
15
22
16
17
16
19
14
17
17
14
19
18
21
18
17
15
16
18
17
19
24
14
24
14
15
28
16
13
13
16
12
25
16
18
16
17
22
15
25
18
22
16
29
27
16
16
18
24
16
17
24
20
19
12
20
21
28
24
27
22
22
27
22
27
18
26
34
23
23
22
29
27
29
16
25
25
27
20
26
28
19
31
33
23
19
25
34
19
27
26
36
25
25
25
24
31
30
28
26
24
31
40
22
30
25
34
34
20
24
21
39
22
29
28
27
27
26
31
33
27
22
27
22
35
32
30
30
35
30
30
33
31
27
24
31
17
31
27
36
35
36
37
27
30
38
34
27
30
36
25
39
29
39
31
37
30
36
35
32
47
29
43
36
32
39
36
34
32
36
38
43
32
42
35
48
34
39
30
31
42
33
44
43
36
41
46
34
38
39
35
37
30
37
39
50
44
45
41
41
38
37
44
58
44
36
45
32
39
41
46
43
52
55
58
48
38
46
45
50
42
66
43
42
48
37
43
56
53
43
43
58
38
48
70
64
44
51
42
46
47
54
57
54
58
46
55
62
54
53
56
71
67
62
51
69
56
48
49
49
39
45
48
54
57
55
60
57
61
56
55
58
64
62
53
54
72
70
56
60
64
64
54
70
49
57
66
57
64
64
60
44
65
51
60
53
75
59
82
59
54
55
67
62
75
53
63
60
66
58
71
73
84
63
76
66
65
64
75
61
67
60
75
82
73
59
67
75
66
73
81
64
64
76
67
65
77
70
73
74
87
86
83
85
87
74
75
84
78
80
70
83
75
102
77
75
71
105
77
90
85
57
85
80
72
89
69
70
60
73
85
77
74
89
93
95
84
102
87
82
87
81
82
88
96
92
75
85
93
85
78
94
87
83
99
88
101
95
95
82
102
94
79
92
104
97
89
93
86
95
90
102
95
98
85
77
106
105
96
100
113
81
87
85
101
100
93
122
121
108
96
88
102
98
105
115
107
95
105
109
101
98
114
95
96
112
101
98
117
96
121
128
108
90
125
119
115
100
115
123
126
108
115
114
119
117
115
135
123
104
117
126
99
109
107
109
122
98
137
114
124
133
112
127
142
141
113
121
121
114
126
135
120
126
104
119
125
129
110
135
113
110
121
156
132
125
134
121
156
125
122
130
118
122
135
129
134
145
145
149
129
115
144
144
142
145
128
129
165
142
146
128
130
125
138
137
170
155
127
128
154
146
141
117
168
147
119
141
146
135
140
163
150
160
141
145
148
166
148
172
159
164
157
155
150
142
149
173
168
150
149
181
176
152
156
183
148
155
183
182
155
183
151
180
192
168
150
170
177
158
169
156
169
172
167
163
171
172
176
168
170
171
170
168
179
156
176
168
176
199
158
205
172
164
175
182
166
188
183
147
183
201
177
164
176
190
180
195
190
180
185
189
163
180
172
199
191
181
183
183
183
201
203
197
182
193
196
200
207
178
223
214
205
198
186
187
203
177
217
180
200
209
207
227
206
219
203
181
193
218
189
192
216
215
200
237
216
202
195
216
207
196
227
232
236
195
229
226
218
230
197
224
216
229
231
187
240
220
243
224
253
243
235
237
199
220
229
234
228
199
237
211
230
227
230
219
240
227
231
228
254
241
265
250
249
240
272
239
228
233
240
243
253
236
225
249
273
257
259
263
251
209
238
279
242
245
271
233
227
238
211
245
235
239
262
259
254
244
279
234
252
277
239
294
266
260
235
240
251
259
260
254
280
267
266
259
278
238
260
260
259
226
259
297
275
277
281
297
303
269
288
296
286
295
251
278
267
270
277
215
281
317
286
287
266
280
271
261
283
301
292
315
274
290
279
283
268
299
292
290
311
290
314
322
327
305
312
316
310
300
342
304
301
328
296
322
325
309
323
327
330
334
339
324
310
306
283
323
313
291
347
307
298
287
331
329
321
310
310
355
326
308
323
318
321
335
329
383
317
348
324
332
317
324
325
358
355
357
275
290
348
334
290
355
337
365
349
330
340
370
348
306
352
319
335
322
363
339
347
356
386
333
337
363
346
383
333
331
383
382
370
340
351
366
379
409
357
352
378
381
379
362
361
362
362
356
354
305
343
371
382
421
416
340
344
403
363
363
417
361
400
373
369
359
374
364
387
395
334
356
386
353
399
374
383
394
360
366
366
424
392
377
357
388
378
350
393
399
396
403
434
415
408
397
387
399
408
382
407
425
452
390
378
406
385
409
395
400
466
399
426
421
398
420
414
431
406
429
401
419
422
417
411
433
428
440
367
400
431
428
416
458
445
404
418
411
437
438
418
468
434
445
443
391
424
462
444
476
452
406
441
440
410
456
405
440
433
472
456
457
458
488
405
461
460
461
448
454
393
465
437
481
445
509
445
376
470
455
486
461
421
430
457
450
421
460
435
462
488
427
408
411
497
462
417
457
446
480
481
460
436
457
447
520
459
508
440
410
501
511
501
470
477
474
435
474
465
457
459
477
493
512
420
486
512
491
503
488
479
521
476
499
485
482
515
510
517
476
454
486
477
508
484
498
470
507
479
491
483
492
486
533
511
470
444
472
503
493
478
477
519
521
501
522
504
530
554
531
553
489
499
533
520
526
499
536
515
508
487
530
556
543
500
516
551
518
479
550
566
519
520
569
516
495
525
502
512
509
507
536
511
548
499
484
573
548
544
603
540
510
524
571
582
529
539
532
553
572
528
576
563
551
541
550
572
590
583
539
544
557
557
560
507
520
539
583
539
575
554
584
563
517
605
557
590
609
566
593
588
587
494
603
573
546
604
559
623
580
513
590
568
572
558
587
606
557
548
566
522
536
576
563
574
535
625
599
620
587
604
600
613
583
512
522
591
629
601
633
569
572
578
611
559
613
533
566
564
621
557
602
614
577
570
635
612
562
606
619
596
584
574
626
632
641
581
609
629
597
615
609
614
638
580
619
612
604
603
627
645
597
606
538
571
607
564
632
593
610
608
593
601
627
585
652
631
642
585
603
626
623
627
578
635
592
704
612
657
594
569
632
621
621
608
655
650
629
582
655
679
637
603
666
633
630
613
621
623
594
611
646
612
638
646
622
661
597
610
693
646
664
642
641
663
633
642
665
684
595
679
684
627
599
627
648
652
612
632
603
648
672
573
619
653
673
641
677
629
617
681
644
660
619
615
653
656
653
632
623
631
655
665
682
652
614
672
656
622
634
623
707
655
654
595
686
641
662
703
692
646
642
651
685
701
691
642
614
650
622
676
540
667
691
629
687
674
631
648
680
708
657
699
714
646
652
651
644
665
677
677
697
725
702
687
640
704
641
673
647
668
657
664
668
699
638
646
647
662
692
698
682
677
658
660
712
649
657
615
622
701
635
671
706
661
628
702
665
736
710
691
679
703
669
684
682
656
672
645
730
659
679
660
716
646
612
646
731
667
668
623
585
676
678
697
700
667
695
670
650
727
607
705
681
702
735
661
723
687
686
669
721
676
659
712
676
644
665
688
680
638
666
654
669
693
688
648
739
706
698
701
710
675
688
647
711
666
722
662
589
690
678
734
694
643
706
676
722
651
700
702
698
689
710
700
658
687
685
673
648
702
722
688
695
629
645
694
697
701
724
640
707
687
652
677
706
685
721
676
708
650
667
672
691
685
731
668
715
711
712
691
750
689
693
680
656
679
721
689
716
728
688
685
684
721
676
684
745
697
687
671
706
699
654
706
682
679
697
619
633
696
669
692
751
700
704
668
766
677
682
660
728
681
687
679
700
685
655
694
698
693
713
723
755
654
696
674
747
705
688
681
680
747
708
716
686
711
627
696
711
708
718
716
671
673
688
701
564
697
712
722
709
687
700
676
722
692
718
687
653
650
657
668
704
722
669
649
694
692
672
643
717
673
680
661
688
683
652
679
734
663
681
704
741
677
706
697
700
682
681
693
639
627
666
636
670
664
661
712
710
657
691
711
690
679
661
704
665
657
699
668
745
653
640
714
678
694
669
715
701
715
658
692
714
688
714
580
571
687
683
698
706
723
681
673
688
699
688
614
692
678
675
674
734
672
707
692
668
710
669
690
691
657
596
687
693
692
637
652
649
662
673
643
650
717
651
640
675
658
612
638
678
697
706
605
576
681
652
662
706
681
659
617
678
700
689
638
660
709
635
659
662
691
650
693
680
705
675
641
671
668
666
685
609
674
654
607
614
628
661
664
650
670
631
629
667
685
661
705
716
703
673
632
678
650
743
634
702
656
674
655
626
636
584
618
645
670
633
600
627
641
670
620
651
648
680
644
638
670
631
641
685
657
633
592
585
698
631
658
662
637
622
637
629
663
607
693
685
677
653
613
669
651
659
622
707
675
643
625
651
627
638
659
633
655
609
637
660
652
653
612
654
618
580
601
633
624
674
655
608
622
627
606
547
630
615
663
628
600
652
643
663
645
613
635
624
586
608
578
569
648
618
653
586
640
575
570
630
625
618
622
681
653
564
613
623
611
625
638
638
660
627
542
621
615
587
593
624
569
576
550
604
634
571
589
637
632
591
587
607
589
632
598
628
621
569
581
623
601
598
629
569
603
626
538
598
554
562
593
619
605
565
569
552
609
550
624
633
568
595
582
614
604
585
526
623
564
603
598
606
583
581
592
587
604
563
577
556
578
591
584
606
552
569
563
580
573
531
581
577
560
576
602
613
567
532
545
580
577
599
569
451
570
579
575
609
561
574
523
567
570
578
587
537
523
518
528
501
535
571
554
558
526
503
489
533
590
530
524
552
549
496
531
561
558
576
544
557
561
551
549
568
527
585
514
569
566
515
466
559
573
502
521
523
539
543
548
537
540
480
514
520
533
496
493
550
536
510
506
562
524
513
447
524
546
479
519
524
506
521
451
506
513
539
510
554
533
473
516
505
551
523
508
493
520
526
515
499
480
523
569
540
502
484
482
536
530
513
500
492
524
530
465
483
470
467
504
534
469
471
500
501
542
494
491
512
523
505
493
434
514
478
502
517
490
482
506
505
530
484
459
444
469
469
467
432
524
461
491
521
480
482
477
481
495
478
482
522
467
508
458
459
466
495
504
533
473
498
484
470
473
504
459
513
473
505
454
493
481
452
467
424
444
409
441
436
476
456
464
459
492
449
448
490
505
443
453
454
458
445
483
426
468
461
476
471
470
473
398
426
481
430
371
438
426
440
447
434
462
400
397
479
414
437
419
435
422
452
436
451
449
428
432
469
433
418
433
435
427
421
443
431
445
438
465
456
385
419
395
394
403
442
393
421
413
442
408
339
394
412
379
428
439
411
400
399
434
416
398
410
432
443
403
415
406
393
416
434
403
368
397
392
394
376
420
427
367
413
386
401
393
419
409
379
388
411
389
408
394
384
372
405
388
421
389
389
398
383
384
419
384
397
390
404
368
346
358
419
375
356
376
379
379
426
414
378
358
354
365
394
359
363
381
413
375
354
342
325
344
349
367
344
398
326
381
369
382
375
356
357
346
348
343
348
374
347
364
365
353
319
343
350
374
396
286
380
388
360
340
355
351
332
335
384
388
338
353
336
336
383
324
367
363
364
316
261
371
336
363
372
352
335
297
330
362
331
321
340
334
345
311
296
345
309
366
361
331
326
302
313
303
360
310
337
307
347
322
313
323
320
324
314
323
292
322
313
302
318
302
320
320
305
284
319
333
302
338
339
315
328
257
326
299
328
302
317
311
309
290
325
304
292
320
309
331
327
293
319
314
330
288
302
304
245
256
258
310
278
301
311
287
287
313
286
313
257
306
305
285
281
276
295
281
295
306
283
263
293
282
295
292
295
282
269
278
274
299
269
314
257
295
285
334
299
257
259
282
262
283
285
290
270
279
213
278
290
292
297
270
263
276
287
289
292
258
272
261
287
262
237
257
301
274
263
264
270
287
289
245
224
253
268
230
241
239
257
267
241
246
275
240
245
253
259
279
267
259
274
241
223
248
255
251
271
235
272
271
276
251
258
248
244
227
288
245
223
235
227
226
244
239
241
225
243
246
246
252
266
257
246
237
235
203
231
229
250
228
231
231
225
213
231
247
217
213
228
217
238
213
241
259
238
217
232
218
243
238
239
249
228
224
219
205
213
220
210
214
223
228
226
210
221
235
221
209
226
216
248
196
220
187
159
211
200
213
214
203
195
189
201
208
224
209
211
224
202
190
208
206
189
172
216
180
194
205
208
185
195
183
222
175
209
206
213
181
195
188
205
209
183
200
198
202
183
195
216
173
171
182
165
176
202
195
203
191
193
201
209
194
177
195
201
184
185
165
189
187
204
170
190
199
171
173
184
190
185
190
169
152
181
151
167
180
180
181
186
196
181
169
183
167
187
161
171
171
177
185
187
157
155
160
157
158
175
156
168
184
187
155
155
159
180
146
158
166
179
161
173
191
163
167
149
144
176
154
157
170
145
152
133
139
150
147
167
143
159
160
148
143
134
160
155
155
160
133
155
145
135
159
144
152
143
160
147
118
153
147
159
147
146
148
140
135
162
154
167
183
148
144
155
136
157
146
163
129
150
133
132
137
116
149
163
156
144
131
135
152
131
128
157
129
112
131
157
136
124
147
134
156
139
139
125
123
109
144
146
125
151
115
129
150
137
143
105
120
135
129
131
152
138
118
122
143
122
148
141
114
105
122
118
130
133
113
125
125
146
141
144
117
121
105
113
118
128
132
110
118
119
113
127
116
117
130
113
108
106
110
115
110
107
114
113
95
117
109
122
98
110
106
83
126
105
100
99
107
103
110
128
106
105
118
112
136
104
106
88
117
108
100
119
97
125
107
114
114
106
99
94
104
108
97
104
101
98
82
86
106
88
111
110
91
102
95
110
101
87
101
103
111
117
108
103
101
92
104
106
105
100
113
90
105
95
87
84
97
94
73
94
92
75
93
89
94
105
83
90
84
98
94
104
92
101
90
95
99
102
103
100
93
90
96
101
100
75
82
88
74
77
95
98
88
101
88
90
89
78
60
69
79
87
87
74
73
92
96
68
84
97
80
91
81
73
99
83
79
78
81
86
96
91
76
69
74
88
72
65
81
75
76
83
58
92
91
94
71
95
84
80
71
61
60
69
70
73
77
75
82
77
85
68
80
75
70
66
84
80
74
69
77
68
77
59
61
72
74
76
75
77
65
59
69
74
66
83
60
71
51
78
80
71
67
79
76
59
66
65
77
66
42
76
75
68
62
73
68
77
54
59
67
63
62
58
75
49
68
56
59
63
66
55
57
68
74
76
62
70
61
62
58
82
54
66
61
65
62
54
69
68
66
53
76
61
51
50
58
48
58
45
55
66
66
50
43
60
60
47
61
64
54
59
53
56
55
52
50
67
67
47
46
51
55
51
56
56
44
55
58
50
46
52
53
56
69
66
55
51
66
49
44
49
54
44
48
52
62
42
48
56
46
48
43
67
48
43
54
47
45
58
38
39
50
45
58
61
60
48
54
48
48
30
50
57
45
34
60
44
52
49
52
40
48
39
46
43
51
49
64
34
45
42
50
38
36
62
49
34
41
41
39
41
44
45
49
41
46
47
41
40
41
53
50
33
48
53
34
36
33
47
45
36
46
20
35
53
39
37
33
34
37
44
45
28
43
48
41
35
45
29
37
47
47
34
41
51
45
33
28
36
25
30
45
38
45
33
42
37
44
32
40
25
28
33
34
39
29
47
36
33
29
33
35
38
39
34
28
37
38
41
37
35
24
38
34
30
40
31
41
27
38
40
23
44
42
29
34
30
30
39
33
32
28
37
28
36
29
34
26
31
24
41
31
28
32
38
22
31
24
23
33
27
28
31
32
31
28
35
28
38
21
33
28
23
39
19
19
21
28
41
24
31
25
27
37
38
25
28
28
35
30
22
32
23
30
33
28
23
34
14
19
25
25
35
26
27
17
20
26
27
21
29
36
22
22
32
22
32
23
16
26
18
25
27
20
24
21
25
23
28
21
23
11
23
27
22
29
28
15
20
27
27
15
24
22
26
24
21
21
27
22
19
22
22
17
22
28
17
17
28
19
20
23
35
23
21
19
23
19
24
17
16
18
21
17
19
19
24
14
25
18
18
17
22
21
22
23
20
20
24
16
16
16
25
17
13
23
22
12
18
25
16
24
17
15
14
11
18
16
26
10
15
25
14
14
17
15
19
9
9
14
11
18
21
22
21
16
21
18
20
12
12
16
26
15
14
15
18
13
13
14
12
13
15
16
14
22
18
14
18
19
22
15
15
17
22
14
15
18
19
18
13
16
11
10
22
12
19
14
14
18
15
12
14
12
15
14
10
12
18
11
12
12
6
8
12
11
23
13
15
12
13
11
18
17
16
13
15
9
14
12
12
17
18
10
13
12
14
12
10
9
19
12
12
14
17
15
11
12
9
11
12
20
9
11
14
9
15
9
7
4
17
13
10
9
10
7
13
9
11
9
9
10
10
14
11
9
3
11
6
4
14
9
12
8
11
11
17
11
9
11
13
4
8
9
10
12
12
12
15
17
3
14
10
9
11
2
12
13
8
6
12
9
13
9
9
12
3
14
10
7
9
12
10
7
8
5
13
12
7
4
10
12
8
7
6
9
9
8
7
6
9
9
8
4
7
12
9
9
9
6
3
4
7
7
5
3
9
8
10
10
13
10
10
4
7
3
7
9
6
6
8
8
6
6
7
11
3
5
8
6
9
8
6
1
4
5
5
4
7
10
4
4
6
6
5
9
8
10
7
10
6
7
7
5
7
7
4
6
10
7
8
8
4
7
8
14
11
5
5
6
5
3
9
6
8
8
7
4
4
4
9
6
6
1
10
13
4
10
6
4
9
3
8
3
7
3
6
11
7
3
4
4
7
5
5
4
6
3
2
4
4
6
3
4
7
2
9
5
2
7
6
1
5
5
6
4
3
1
5
5
5
2
4
6
9
3
6
5
8
3
4
3
4
8
3
6
7
5
4
4
5
2
5
2
4
6
7
2
10
4
6
4
6
5
7
4
4
5
2
4
3
1
4
5
5
3
6
4
4
8
8
4
3
5
4
4
3
6
8
4
3
6
1
5
5
1
1
3
6
3
6
4
4
4
6
3
6
1
3
3
3
7
0
3
7
2
4
5
3
3
8
4
3
1
2
1
2
4
8
4
2
0
2
2
3
2
3
7
3
8
3
3
0
4
4
7
6
3
7
3
3
6
2
6
5
6
1
3
4
3
3
1
2
6
5
4
1
6
3
2
2
6
5
3
2
3
4
2
2
1
5
1
5
1
0
6
4
1
3
2
0
1
6
2
0
7
4
4
2
2
2
2
0
0
1
3
1
2
3
4
1
1
3
1
3
1
4
2
1
3
3
0
0
1
4
1
4
7
3
2
3
4
1
4
1
1
2
1
2
0
3
2
1
0
4
1
2
0
1
2
1
1
2
1
3
3
2
2
2
0
2
2
2
2
3
4
1
4
3
2
1
3
0
1
1
2
1
1
2
2
0
3
0
3
0
3
1
3
2
2
2
1
1
0
0
5
2
1
1
1
3
1
3
0
1
3
2
2
3
2
1
2
0
1
1
2
4
0
3
0
2
3
4
2
4
1
1
4
5
1
0
2
1
0
2
1
0
2
2
1
0
6
1
5
1
1
3
0
0
2
1
3
3
1
0
1
4
0
3
2
3
0
1
1
0
2
2
1
0
1
2
1
1
2
3
1
1
0
0
2
0
2
0
0
0
2
4
1
1
2
3
1
2
3
0
2
1
2
1
4
0
0
0
0
0
1
2
1
2
2
0
0
1
2
0
0
2
1
1
0
1
0
1
1
2
0
2
1
0
2
2
1
2
2
3
1
1
0
0
2
1
1
0
2
1
2
0
0
2
1
0
0
0
0
0
0
3
0
0
2
0
1
1
1
0
0
0
1
1
0
0
3
0
2
0
1
1
2
0
1
0
1
2
1
0
0
1
2
0
1
1
2
0
2
0
1
1
0
0
1
1
1
2
1
1
1
0
0
0
2
2
1
2
0
0
0
0
0
1
0
0
1
1
1
2
0
1
0
1
1
0
0
0
1
0
1
1
0
1
1
0
1
0
1
1
0
0
1
0
0
1
0
0
0
2
2
0
1
0
0
0
1
0
0
0
0
3
0
0
0
0
1
0
0
1
1
1
0
0
2
1
0
0
1
1
1
2
0
1
1
1
0
1
1
0
0
1
1
0
0
0
0
1
1
1
1
0
0
0
0
0
0
0
0
0
1
0
0
0
0
0
0
0
0
0
0
0
0
0
0
2
1
1
1
0
0
0
0
0
0
0
1
2
0
1
0
0
0
0
0
0
0
0
0
0
2
0
1
0
0
0
1
0
0
0
0
0
0
1
0
0
1
1
0
1
0
0
0
1
0
0
0
0
0
0
0
0
2
0
0
0
0
1
1
1
0
0
0
0
0
0
0
0
2
1
0
0
0
3
0
0
0
0
0
0
0
0
0
0
1
1
0
0
1
1
1
0
0
0
0
0
0
0
1
0
0
0
0
0
0
1
0
0
1
0
1
0
0
1
1
0
1
0
0
0
0
1
0
1
1
0
0
0
1
0
0
0
0
0
0
0
0
0
0
0
0
0
0
0
0
0
0
0
0
1
0
0
1
0
0
0
0
1
0
0
1
1
0
0
1
0
1
0
1
0
0
0
0
0
0
1
0
0
0
0
0
0
0
0
1
1
0
0
0
0
0
0
0
0
0
0
1
1
0
0
0
0
0
1
0
1
1
1
0
0
0
0
0
0
1
0
0
1
1
0
0
0
0
0
0
0
0
0
0
0
0
0
1
0
0
0
0
0
0
0
0
0
0
0
0
0
0
0
0
0
0
1
0
1
0
0
0
1
0
0
0
0
0
0
0
0
0
0
0
0
0
0
0
0
0
0
0
0
0
0
0
0
0
0
0
0
1
0
1
0
1
0
0
0
0
0
1
0
0
0
0
0
0
0
0
0
0
0
0
0
0
0
0
0
0
0
0
0
0
0
0
0
0
0
0
0
0
0
0
1
0
0
0
0
0
0
0
0
0
0
0
0
0
0
0
0
0
0
0
0
0
1
0
0
0
1
0
0
0
0
0
0
0
0
0
0
0
0
0
0
0
0
0
0
0
0
0
0
0
0
0
0
0
0
0
0
0
0
0
0
0
0
0
0
0
0
0
0
0
0
0
0
0
0
0
0
0
0
0
0
1
0
0
0
0
1
0
0
0
0
0
0
0
0
0
1
0
0
0
0
0
0
1
0
0
0
0
0
0
0
0
0
0
0
0
0
0
0
0
0
0
0
0
0
0
0
0
0
0
0
0
0
0
0
0
0
0
0
0
0
0
0
0
0
0
0
0
0
0
0
0
0
0
0
0
0
0
0
0
0
0
0
0
0
0
0
0
0
0
0
0
0
1
0
0
0
0
0
0
0
0
0
0
0
0
0
0
0
0
0
0
0
0
0
0
0
0
0
0
1
0
0
0
0
0
0
0
0
0
0
0
0
0
0
0
0
0
0
0
0
0
0
0
0
0
0
0
0
0
0
0
0
0
0
0
0
0
0
0
0
0
0
0
1
0
0
0
0
0
0
0
1
0
0
0
0
0
0
0
0
0
0
0
0
0
0
0
0
0
0
0
0
0
0
0
0
0
0
0
0
0
0
0
0
0
0
0
0
0
0
0
0
0
0
0
0
0
0
0
0
0
0
0
0
0
1
0
0
0
0
0
0
0
0
0
0
0
0
0
0
0
0
0
0
0
0
0
0
0
0
0
0
0
0
0
0
0
0
0
0
0
0
0
0
0
0
0
0
0
0
0
0
0
0
0
0
0
0
0
0
0
0
0
0
0
0
0
1
0
0
0
0
0
0
0
0
0
0
0
0
0
0
0
0
0
0
1
0
0
0
0
0
0
0
0
0
0
0
0
0
0
0
0
0
0
0
0
0
0
0
0
0
0
0
0
0
0
0
0
0
0
0
0
0
0
0
0
0
0
0
0
0
0
0
0
0
0
0
0
0
0
0
0
0
0
0
0
0
0
0
0
0
0
0
0
0
0
0
0
0
0
0
0
0
0
0
0
0
0
0
0
0
0
0
0
0
0
0
0
0
0
0
0
0
0
0
0
0
0
0
0
0
0
0
0
0
0
0
0
0
0
0
0
0
0
0
0
0
0
0
0
0
0
0
0
0
0
0
0
0
0
0
0
0
1
0
0
0
0
0
0
0
0
0
0
0
0
0
0
0
0
0
0
0
0
0
0
0
0
0
0
0
0
0
0
0
0
0
0
0
0
0
0
0
0
0
0
0
0
0
0
0
0
0
0
0
0
0
0
0
0
0
0
0
0
0
0
0
0
0
0
0
0
0
0
0
0
0
0
0
0
0
0
0
0
0
0
0
0
0
0
0
0
0
0
0
0
0
0
0
0
0
0
0
0
0
0
0
0
0
0
0
0
0
0
0
0
0
0
0
0
0
0
0
0
0
0
0
0
0
0
0
0
0
0
0
0
0
0
0
0
0
0
0
0
0
0
0
0
0
0
0
0
0
0
0
0
0
0
0
0
0
0
0
0
0
0
0
0
0
0
0
0
0
0
0
0
0
0
0
0
0
0
0
0
0
0
0
0
0
0
0
0
0
0
0
0
0
0
0
0
0
0
0
0
0
0
0
0
0
0
0
0
0
0
0
0
0
0
0
0
0
0
0
0
0
0
0
0
0
0
0
0
0
0
0
0
0
0
0
0
0
0
0
0
0
0
0
0
0
0
0
0
0
0
0
0
0
0
0
0
0
0
0
0
0
0
0
0
0
0
0
0
0
0
0
0
0
0
0
0
0
0
0
0
0
0
0
0
0
0
0
0
0
0
0
0
0
0
0
0
0
0
0
0
0
0
0
0
0
0
0
0
0
0
0
0
0
0
0
0
0
0
0
0
0
0
0
0
0
0
0
0
0
0
0
0
0
0
0
0
0
0
0
0
0
0
0
0
0
0
0
0
0
0
0
0
0
0
0
0
0
0
0
0
0
0
0
0
0
0
0
0
0
0
0
0
0
0
0
0
0
0
0
0
0
0
0
0
0
0
0
0
0
0
0
0
0
0
0
0
0
0
0
0
0
0
0
0
0
0
0
0
0
0
0
0
0
0
0
0
0
0
0
0
0
0
0
0
0
0
0
0
0
0
0
0
0
0
0
0
0
0
0
0
0
0
0
0
0
0
0
0
0
0
0
0
0
0
0
0
0
0
0
0
0
0
0
0
0
0
0
0
0
0
0
0
0
0
0
0
0
0
0
0
0
0
0
0
0
0
0
0
0
0
0
0
0
0
0
0
0
0
0
0
0
0
0
0
0
0
0
0
0
0
0
0
0
0
0
0
0
0
0
0
0
0
0
0
0
0
0
0
0
0
0
0
0
0
0
0
0
0
0
0
0
0
0
0
0
0
0
0
0
0
0
0
0
0
0
0
0
0
0
0
0
0
0
0
0
0
0
0
0
0
0
0
0
0
0
0
0
0
0
0
0
0
0
0
0
0
0
0
0
0
0
0
0
0
0
0
0
0
0
0
0
0
0
0
0
0
0
0
0
0
0
0
0
0
0
0
0
0
0
0
0
0
0
0
0
0
0
0
0
0
0
0
0
0
0
0
0
0
0
0
0
0
0
0
0
0
0
0
0
0
0
0
0
0
0
0
0
0
0
0
0
0
0
0
0
0
0
0
0
0
0
0
0
0
0
0
0
0
0
0
0
0
0
0
0
0
0
0
0
0
0
0
0
0
0
0
0
0
0
0
0
0
0
0
0
0
0
0
0
0
0
0
0
0
0
0
0
0
0
0
0
0
0
0
0
0
0
0
0
0
0
0
0
0
0
0
0
0
0
0
0
0
0
0
0
0
0
0
0
0
0
0
0
0
0
0
0
0
0
0
0
0
0
0
0
0
0
0
0
0
0
0
0
0
0
0
0
0
0
0
0
0
0
0
0
0
0
0
0
0
0
0
0
0
0
0
0
0
0
0
0
0
0
0
0
0
0
0
0
0
0
0
0
0
0
0
0
0
0
0
0
0
0
0
0
0
0
0
0
0
0
0
0
0
0
0
0
0
0
0
0
0
0
0
0
0
0
0
0
0
0
0
0
0
0
0
0
0
0
0
0
0
0
0
0
0
0
0
0
0
0
0
0
0
0
0
0
0
0
0
0
0
0
0
0
0
0
0
0
0
0
0
0
0
0
0
0
0
0
0
0
0
0
0
0
0
0
0
0
0
0
0
0
0
0
0
0
0
0
0
0
0
0
0
0
0
0
0
0
0
0
0
0
0
0
0
0
0
0
0
0
0
0
0
0
0
0
0
0
0
0
0
0
0
0
0
0
0
0
0
0
0
0
0
0
0
0
0
0
0
0
0
0
0
0
0
0
0
0
0
0
0
0
0
0
0
0
0
0
0
0
0
0
0
0
0
0
0
0
0
0
0
0
0
0
0
0
0
0
0
0
0
0
0
0
0
0
0
0
0
0
0
0
0
0
0
0
0
0
0
0
0
0
0
0
0
0
0
0
0
0
0
0
0
0
0
0
0
0
0
0
0
0
0
0
0
0
0
0
0
0
0
0
0
0
0
0
0
0
0
0
0
0
0
0
0
0
0
0
0
0
0
0
0
0
0
0
0
0
0
0
0
0
0
0
0
0
0
0
0
0
0
0
0
0
0
0
0
0
0
0
0
0
0
0
0
0
0
0
0
0
0
0
0
0
0
0
0
0
0
0
0
0
0
0
0
0
0
0
0
0
0
0
0
0
0
0
0
0
0
0
0
0
0
0
0
0
0
0
0
0
0
0
0
0
0
0
0
0
0
0
0
0
0
0
0
0
0
0
0
0
0
0
0
0
0
0
0
0
0
0
0
0
0
0
0
0
0
0
0
0
0
0
0
0
0
0
0
0
0
0
0
0
0
0
0
0
0
0
0
0
0
0
0
0
0
0
0
0
0
0
0
0
0
0
0
0
0
0
0
0
0
0
0
0
0
0
0
0
0
0
0
0
0
0
0
0
0
0
0
0
0
0
0
0
0
0
0
0
0
0
0
0
0
0
0
0
0
0
0
0
0
0
0
0
0
0
0
0
0
0
0
0
0
0
0
0
0
0
0
0
0
0
0
0
0
0
0
0
0
0
0
0
0
0
0
0
0
0
0
0
0
0
0
0
0
0
0
0
0
0
0
0
0
0
0
0
0
0
0
0
0
0
0
0
0
0
0
0
0
0
0
0
0
0
0
0
0
0
0
0
0
0
0
0
0
0
0
0
0
0
0
0
0
0
0
0
0
0
0
0
0
0
0
0
0
0
0
0
0
0
0
0
0
0
0
0
0
0
0
0
0
0
0
0
0
0
0
0
0
0
0
0
0
0
0
0
0
0
0
0
0
0
0
0
0
0
0
0
0
0
0
0
0
0
0
0
0
0
0
0
0
0
0
0
0
0
0
0
0
0
0
0
0
0
0
0
0
0
0
0
0
0
0
0
0
0
0
0
0
0
0
0
0
0
0
0
0
0
0
0
0
0
0
0
0
0
0
0
0
0
0
0
0
0
0
0
0
0
0
0
0
0
0
0
0
0
0
0
0
0
0
0
0
0
0
0
0
0
0
0
0
0
0
0
0
0
0
0
0
0
0
0
0
0
0
0
0
0
0
0
0
0
0
0
0
0
0
0
0
0
0
0
0
0
0
0
0
0
0
0
0
0
0
0
0
0
0
0
0
0
0
0
0
0
0
0
0
0
0
0
0
0
0
0
0
0
0
0
0
0
0
0
0
0
0
0
0
0
0
0
0
0
0
0
0
0
0
0
0
0
0
0
0
0
0
0
0
0
0
0
0
0
0
0
0
0
0
0
0
0
0
0
0
0
0
0
0
0
0
0
0
0
0
0
0
0
0
0
0
0
0
0
0
0
0
0
0
0
0
0
0
0
0
0
0
0
0
0
0
0
0
0
0
0
0
0
0
0
0
0
0
0
0
0
0
0
0
0
0
0
0
0
0
0
0
0
0
0
0
0
0
0
0
0
0
0
0
0
0
0
0
0
0
0
0
0
0
0
0
0
0
0
0
0
0
0
0
0
0
0
0
0
0
0
0
0
0
0
0
0
0
0
0
0
0
0
0
0
0
0
0
0
0
0
0
0
0
0
0
0
0
0
0
0
0
0
0
0
0
0
0
0
0
0
0
0
0
0
0
0
0
0
0
0
0
0
0
0
0
0
0
0
0
0
0
0
0
0
0
0
0
0
0
0
0
0
0
0
0
0
0
0
0
0
0
0
0
0
0
0
0
0
0
0
0
0
0
0
0
0
0
0
0
0
0
0
0
0
0
0
0
0
0
0
0
0
0
0
0
0
0
0
0
0
0
0
0
0
0
0
0
0
0
0
0
0
0
0
0
0
0
0
0
0
0
0
0
0
0
0
0
0
0
0
0
0
0
0
0
0
0
0
