0
0
0
0
0
0
0
0
0
0
0
0
0
0
0
0
0
0
0
0
0
0
0
0
0
0
0
0
0
0
0
0
0
0
0
0
0
0
0
0
0
0
0
0
0
0
0
0
0
0
0
0
0
0
0
0
0
0
0
0
0
0
0
0
0
0
0
0
0
0
0
0
0
0
0
0
0
0
0
0
0
0
0
0
0
0
0
0
0
0
0
0
0
0
0
0
0
0
0
0
0
0
0
0
0
0
0
0
0
0
0
0
0
0
0
0
0
0
0
0
0
0
0
0
0
0
0
0
0
0
0
0
0
0
0
0
0
0
0
0
0
0
0
0
0
0
0
0
0
0
0
0
0
0
0
0
0
0
0
0
0
0
0
0
0
0
0
0
0
0
0
0
0
0
0
0
0
0
0
0
0
0
0
0
0
0
0
0
0
0
0
0
0
0
0
0
0
0
0
0
0
0
0
0
0
0
0
0
0
0
0
0
0
0
0
0
0
0
0
0
0
0
0
0
0
0
0
0
0
0
0
0
0
0
0
0
0
0
0
0
0
0
0
0
1
0
0
0
0
0
0
0
0
0
0
0
0
0
0
0
0
0
0
0
0
0
0
0
0
0
1
0
0
0
0
0
0
0
0
0
0
0
0
0
0
1
0
0
0
0
0
0
0
0
0
0
0
0
1
0
0
0
0
0
0
0
0
0
0
1
1
1
0
0
0
0
0
0
0
0
0
0
0
0
0
1
1
0
0
1
0
0
0
0
0
0
0
2
0
0
0
0
0
1
1
0
0
0
0
1
0
1
0
0
0
0
0
0
0
1
0
0
0
0
0
0
0
0
1
1
2
1
2
1
1
2
1
0
0
2
1
0
0
1
0
0
0
2
1
0
1
0
0
1
0
0
0
0
1
1
1
0
0
1
1
0
0
0
2
1
0
1
0
0
0
1
0
0
0
1
2
0
1
1
0
0
0
0
1
0
0
0
1
0
0
0
0
1
1
3
1
1
0
1
2
3
0
0
1
1
2
2
1
1
0
3
2
0
0
1
2
1
1
0
0
2
1
1
1
0
1
2
0
3
1
2
2
0
1
3
2
3
2
1
1
1
0
0
1
3
2
1
2
3
3
2
0
1
2
2
1
6
0
4
4
1
2
0
2
2
3
2
3
2
1
0
0
2
1
1
2
2
1
2
3
1
1
4
0
5
3
2
3
2
3
2
3
6
3
2
5
3
2
3
4
4
3
3
3
3
3
4
5
3
5
1
3
4
5
4
6
3
5
4
5
3
2
4
3
4
3
6
3
2
5
4
5
3
7
3
8
5
2
1
4
4
5
3
5
3
6
7
2
3
0
2
10
3
5
4
4
7
6
4
4
5
5
7
11
10
5
7
7
6
7
8
3
3
4
5
8
6
7
9
6
8
7
11
10
9
10
8
4
10
6
7
8
3
6
6
5
6
13
4
8
12
6
7
3
6
8
15
11
10
14
10
12
13
4
7
8
7
10
13
10
12
9
12
6
4
11
12
13
8
8
9
11
9
17
8
7
10
7
15
16
13
11
16
6
12
7
14
10
13
12
10
9
11
14
16
14
9
14
9
12
13
18
19
12
19
15
18
18
15
11
15
15
9
17
18
10
9
18
11
13
18
13
19
15
16
19
22
19
18
11
14
15
18
12
12
20
15
29
26
16
24
13
17
15
27
12
21
21
29
24
27
19
18
21
25
22
19
19
21
24
20
28
18
28
21
29
18
25
24
29
16
26
25
37
19
19
27
28
30
24
27
21
30
19
28
28
22
32
30
29
26
17
27
26
28
29
28
26
42
32
21
28
44
36
26
35
30
34
36
22
31
25
25
22
30
19
25
32
37
27
32
32
34
30
38
37
38
37
32
27
28
32
29
36
32
49
37
30
35
41
37
53
39
47
31
29
38
44
38
30
34
35
29
33
37
44
40
39
34
49
39
33
51
41
49
46
39
50
43
44
43
38
41
51
37
36
40
40
39
40
41
45
49
52
46
46
45
39
50
47
53
45
47
65
51
50
36
61
49
48
54
57
48
55
44
54
67
56
66
56
70
54
52
57
53
64
68
57
55
72
69
63
58
56
65
54
55
61
61
56
60
69
66
58
48
60
51
78
66
72
90
67
62
54
79
83
76
73
69
64
79
80
66
68
77
73
70
75
68
56
81
81
75
76
79
74
85
61
78
65
79
73
81
82
70
70
81
84
84
81
84
80
85
97
75
92
87
79
83
101
92
105
86
99
86
109
98
88
82
86
90
93
97
103
107
92
75
101
88
98
102
95
97
103
103
107
89
101
86
115
100
111
110
130
106
109
98
98
101
109
98
106
88
113
119
108
115
117
137
105
95
106
122
109
134
127
93
125
112
121
115
112
125
117
137
156
118
114
128
125
137
125
118
148
131
132
161
124
106
109
139
138
140
143
151
141
164
131
150
116
148
129
153
132
133
164
132
143
150
157
168
168
140
155
142
149
161
171
148
139
143
138
167
161
163
167
152
152
170
131
164
160
149
176
175
173
171
159
181
181
151
157
176
183
154
155
159
166
180
164
154
161
157
186
190
173
192
163
179
198
188
176
174
186
191
199
190
192
198
188
193
180
217
190
177
212
185
206
179
182
199
216
205
224
191
194
211
205
213
207
215
227
199
186
194
201
239
211
222
220
239
212
219
228
219
201
228
198
215
204
206
227
229
222
234
240
224
239
234
235
248
227
242
253
248
230
235
212
236
229
256
254
231
244
263
248
260
243
235
235
263
226
234
276
263
230
273
265
241
221
265
285
295
260
237
263
255
261
266
231
256
265
293
291
296
281
291
270
264
263
291
291
288
241
269
227
309
308
298
305
253
297
316
315
253
270
278
309
278
287
315
334
312
300
325
305
297
274
320
322
327
321
301
315
310
277
339
339
330
331
349
310
287
327
312
328
319
354
358
315
321
313
289
323
338
364
362
332
342
310
382
341
320
368
323
367
343
336
340
337
356
363
362
320
314
345
379
373
346
395
383
366
340
367
395
411
392
378
374
358
398
394
398
401
394
361
369
417
384
357
400
416
392
397
409
379
403
426
395
396
372
382
398
363
384
373
416
376
433
373
422
420
399
392
444
408
437
357
425
438
401
336
344
419
424
446
458
451
442
398
459
473
394
416
477
443
424
458
432
451
480
454
440
445
442
467
485
432
420
414
463
451
478
486
446
465
452
484
515
454
453
459
454
499
497
471
433
493
489
464
411
479
483
469
492
480
509
506
497
558
505
480
484
532
523
472
497
515
534
515
517
505
479
499
549
530
482
450
534
509
495
518
565
505
515
489
541
507
525
578
574
537
536
552
532
530
504
483
562
555
548
536
582
556
563
548
544
578
552
563
610
600
550
547
573
527
532
579
589
559
577
519
578
592
582
619
534
531
564
510
518
599
514
597
555
593
610
591
610
572
582
601
630
587
602
580
570
592
608
639
650
615
578
587
610
615
644
652
630
608
631
634
637
624
626
620
659
687
631
628
661
633
627
622
643
657
639
542
528
645
588
637
719
642
669
640
641
692
653
644
662
644
619
627
638
627
626
673
664
674
701
645
717
657
656
670
738
686
711
684
665
723
692
681
732
705
652
663
687
724
677
684
691
684
688
616
672
678
688
695
720
735
707
756
703
744
672
669
711
706
743
676
715
741
747
765
779
682
701
742
733
731
654
682
737
775
727
616
659
755
775
725
771
766
707
698
728
745
739
804
721
760
730
796
775
723
707
774
725
752
791
780
785
711
765
746
758
794
725
770
830
781
796
750
805
796
712
765
816
805
748
773
816
798
807
731
635
802
752
821
761
815
799
776
785
784
716
792
784
811
812
795
769
760
813
820
764
784
835
819
855
777
845
777
803
833
848
775
851
793
797
800
822
786
847
869
831
831
858
834
843
868
869
725
805
865
847
856
859
838
791
818
867
829
850
834
820
833
845
822
871
873
876
816
901
879
846
824
854
859
856
811
839
834
835
775
796
853
841
810
840
895
825
841
899
891
894
874
868
874
844
896
894
865
800
900
875
878
873
874
870
880
824
878
884
922
824
825
961
887
856
874
940
877
865
859
868
887
889
933
893
898
949
909
794
884
932
873
881
860
925
846
943
876
888
889
931
908
875
827
908
870
972
872
940
922
944
875
905
926
823
903
975
905
906
873
942
971
902
944
914
948
899
895
911
915
914
919
916
855
889
860
942
916
921
873
920
930
850
924
955
914
922
862
893
916
887
914
962
921
889
980
937
960
940
918
919
938
937
901
918
932
904
861
890
967
918
854
928
880
976
958
928
974
937
941
944
966
870
989
932
930
937
958
934
913
935
907
971
925
942
939
969
932
889
912
946
952
889
935
963
932
979
925
907
932
864
918
970
929
949
880
762
952
915
975
962
968
903
933
935
915
913
918
977
914
905
923
871
921
991
879
954
954
898
947
955
912
938
909
910
932
929
967
963
959
912
942
957
959
945
891
969
883
896
957
937
960
987
877
916
913
910
967
1003
971
909
939
897
935
873
920
985
941
923
907
946
935
925
924
1012
928
922
946
960
944
905
937
920
955
925
803
815
897
920
955
969
957
926
920
897
960
940
936
975
951
906
953
975
968
893
873
978
930
905
934
889
930
855
917
939
950
919
900
880
893
922
909
952
931
863
936
935
953
913
935
960
880
922
925
762
947
855
948
954
931
927
929
898
914
866
909
895
934
946
793
875
953
872
902
961
1002
866
838
932
875
916
991
929
887
916
894
894
927
941
923
917
887
865
892
876
923
942
935
958
936
873
857
922
860
867
845
965
901
876
876
873
914
850
886
954
912
903
846
857
886
887
877
917
898
914
856
880
860
874
858
872
882
917
756
795
897
902
901
903
868
851
854
903
876
872
909
888
851
821
773
843
955
824
847
879
856
871
848
860
763
877
840
920
864
902
896
882
847
907
823
850
868
881
854
850
854
849
862
887
835
835
860
720
889
891
864
872
895
839
824
820
795
817
820
923
835
852
786
822
836
865
850
964
792
863
822
880
840
841
761
835
825
791
831
797
799
819
828
810
785
846
769
746
814
769
822
768
742
758
746
839
805
793
786
841
761
843
765
858
783
824
832
812
777
761
812
825
827
810
793
773
709
769
735
827
779
745
709
769
830
852
714
730
819
743
752
749
745
783
792
739
789
761
751
781
785
765
747
802
763
771
773
805
748
737
771
775
745
814
747
785
787
728
732
745
750
753
749
755
764
773
714
761
705
732
764
768
728
700
720
553
697
687
752
724
722
705
739
765
721
724
729
748
699
717
672
668
708
732
675
710
721
735
684
704
726
653
690
692
701
713
691
679
740
741
701
729
707
663
698
682
657
671
670
703
669
691
619
717
694
693
695
728
702
644
643
709
663
645
660
716
700
652
652
633
670
664
646
698
658
655
613
700
642
663
613
623
647
668
614
575
630
645
641
667
661
630
639
598
658
625
632
639
709
640
577
619
620
637
610
677
651
623
688
674
645
582
598
613
638
608
593
563
599
628
592
619
626
612
570
595
617
622
607
621
587
610
590
488
637
559
626
616
606
570
572
652
578
589
573
606
565
560
554
544
544
568
585
589
604
590
593
573
510
546
551
580
563
569
589
553
563
572
576
524
573
583
550
526
561
547
519
548
539
572
490
547
544
532
558
580
511
517
553
557
546
498
577
537
471
514
493
510
505
505
509
534
523
551
515
563
532
513
475
521
498
549
481
463
521
466
516
551
518
477
500
523
530
481
495
474
488
515
503
506
486
480
499
499
490
482
465
477
517
438
492
443
490
461
525
485
430
473
516
533
457
418
449
505
480
475
451
477
430
449
466
423
445
476
459
458
458
454
393
456
476
452
455
460
437
475
412
458
427
449
433
420
449
448
437
465
421
429
451
441
457
415
433
434
406
415
432
467
395
427
425
422
408
408
424
420
376
395
343
434
412
392
425
396
434
388
388
426
423
424
416
411
412
393
363
388
376
416
409
433
421
400
363
420
386
389
394
426
369
398
293
346
386
376
401
382
352
399
343
387
390
354
386
367
385
344
370
366
354
353
352
366
398
342
364
360
352
356
374
377
374
353
346
387
355
353
367
350
363
336
341
364
347
344
356
358
359
314
332
261
360
320
349
358
328
314
323
339
316
336
302
339
320
345
328
321
299
332
335
333
323
293
301
312
323
301
297
369
294
316
303
308
305
273
303
302
319
288
296
306
298
291
296
358
324
283
285
317
297
295
307
323
289
296
280
293
264
294
267
309
277
283
278
320
290
277
260
288
293
274
261
269
284
298
244
292
271
268
259
248
267
286
266
285
277
276
245
289
250
257
235
277
266
241
245
275
227
272
221
238
285
249
250
270
265
227
232
274
251
260
218
265
230
269
242
254
244
231
248
249
247
251
237
231
214
211
237
214
237
241
239
251
244
237
238
282
232
250
224
215
233
203
226
215
219
219
226
206
218
251
231
246
206
223
203
224
205
213
207
194
195
196
203
212
196
219
212
214
227
212
221
229
181
202
192
162
214
184
190
200
198
211
201
224
183
193
192
197
205
170
189
166
214
184
194
185
193
178
205
169
174
178
182
203
165
186
162
167
192
174
175
195
190
177
168
207
167
176
169
204
181
159
185
165
160
171
146
158
167
165
159
158
165
185
148
161
138
191
151
168
175
168
168
182
172
165
153
192
142
169
170
178
170
152
147
135
147
167
122
135
151
156
175
175
163
140
136
160
134
142
165
145
148
152
139
148
141
139
152
144
143
157
141
148
156
149
133
157
164
127
141
137
120
147
124
145
134
127
119
138
121
115
114
115
124
118
122
136
121
142
119
126
118
125
103
138
115
132
114
138
133
117
117
140
128
109
107
98
119
126
100
148
123
110
105
115
126
120
122
126
116
110
107
113
113
117
105
113
138
122
105
108
112
114
96
131
112
107
103
106
109
104
98
114
113
102
98
94
121
87
97
104
98
105
100
104
101
97
103
106
105
96
99
76
119
109
101
100
91
96
88
104
79
87
97
85
89
95
95
86
94
117
76
107
98
83
88
112
101
73
83
79
85
61
85
103
73
87
91
86
94
86
78
70
90
77
91
88
88
91
60
98
90
79
73
77
75
70
59
68
75
82
75
85
75
76
67
79
81
77
80
88
80
60
62
72
65
62
80
79
82
66
66
66
67
64
85
72
71
67
69
79
68
70
63
69
71
58
56
72
68
81
86
83
65
70
61
59
58
56
67
62
58
63
62
67
66
59
59
57
54
74
78
78
78
54
68
54
53
61
61
45
59
58
70
51
69
53
56
57
63
56
69
64
59
61
56
50
57
54
57
59
42
55
56
42
50
48
49
49
35
62
48
36
53
52
72
61
44
58
55
41
56
47
46
60
49
59
44
46
48
37
58
49
46
45
58
41
61
45
40
50
55
42
46
48
37
43
46
40
40
45
43
44
47
48
41
37
43
36
40
39
37
37
46
41
46
28
39
38
42
37
42
34
35
43
44
45
38
40
42
37
37
38
39
29
35
48
36
44
28
34
39
36
41
40
37
22
35
28
34
41
40
38
36
37
37
31
31
23
27
33
30
24
40
34
43
33
27
32
41
33
36
40
28
38
27
34
30
30
22
29
22
30
24
29
27
41
32
25
33
26
39
28
31
29
25
40
35
30
21
21
19
39
20
32
26
39
24
19
34
32
16
23
21
28
26
28
26
20
19
25
30
33
23
24
21
27
27
24
30
23
30
28
28
22
24
17
11
20
29
21
19
21
25
27
29
24
19
18
18
19
25
20
25
19
29
25
20
19
32
21
21
25
22
28
19
14
20
12
20
27
24
14
17
16
24
31
21
23
16
13
18
29
15
20
21
9
22
16
20
15
17
21
18
12
12
23
14
17
19
17
24
27
17
16
22
15
16
13
16
13
22
21
14
10
13
13
16
15
17
24
18
15
11
13
15
21
19
16
9
14
24
18
11
13
24
11
23
14
21
13
16
11
12
14
19
8
19
20
16
14
12
16
14
16
15
16
13
16
12
11
13
11
11
17
7
11
20
13
15
9
15
12
10
14
11
12
18
14
8
8
10
18
16
16
21
7
16
10
10
15
17
13
7
10
11
15
11
8
10
18
5
13
8
11
9
12
13
14
6
12
14
8
10
9
10
10
12
5
17
14
7
6
12
15
13
7
12
11
13
8
8
10
3
10
14
10
5
12
17
16
12
6
13
11
5
12
4
13
10
10
12
7
7
14
6
3
12
8
9
6
14
8
12
4
7
12
6
12
6
10
11
5
7
5
10
3
7
10
12
5
4
7
9
8
7
2
6
5
6
8
12
7
2
8
13
3
8
8
6
8
9
7
3
2
6
6
3
7
5
6
7
8
10
6
5
4
4
8
6
8
9
6
3
5
7
6
5
8
3
1
3
6
12
6
6
4
6
3
4
7
3
2
5
3
6
3
3
6
1
13
2
4
6
6
2
6
3
5
3
6
13
2
6
3
4
7
4
7
6
6
7
1
9
3
2
4
5
6
2
3
6
2
1
5
0
7
2
4
8
5
5
10
1
0
1
4
3
3
3
2
3
5
6
4
0
8
4
6
4
7
5
5
3
2
4
2
5
3
4
3
3
5
6
4
6
1
4
1
2
7
5
3
5
2
1
3
3
3
4
4
6
4
4
3
1
4
5
3
2
8
2
2
3
2
1
7
5
2
1
4
2
6
2
3
3
5
0
3
0
2
1
0
1
2
4
2
6
4
4
1
2
3
1
0
4
4
1
3
2
3
2
1
6
3
5
2
4
1
0
3
2
6
6
2
3
3
4
0
3
4
1
5
2
3
1
1
2
3
2
3
1
2
2
1
0
3
2
1
2
3
4
3
3
3
0
5
2
2
1
2
4
1
0
2
3
0
1
4
3
1
3
2
1
4
1
0
1
1
2
0
1
2
2
1
0
1
1
1
0
0
2
2
1
1
0
3
3
1
1
2
2
1
1
0
2
2
1
2
1
1
2
0
1
1
0
2
3
1
0
0
0
2
0
4
2
0
0
1
0
2
2
3
1
1
3
0
3
0
0
1
1
1
0
0
1
0
1
1
0
0
2
0
2
1
0
0
1
1
1
1
2
1
1
1
4
2
2
1
2
0
2
0
0
1
1
1
1
2
0
1
1
1
1
1
2
1
1
1
1
0
1
1
1
0
1
1
1
1
1
0
1
1
0
0
1
3
1
2
0
0
0
1
1
1
0
1
0
1
0
2
0
2
0
0
0
0
2
0
1
0
1
1
0
0
0
1
1
0
0
0
2
3
1
0
1
0
1
1
0
1
0
0
0
0
0
1
1
1
0
0
0
1
0
1
0
0
0
1
0
0
1
1
1
0
0
0
1
0
0
0
0
0
0
1
0
0
0
0
1
0
0
0
0
1
0
1
0
1
0
1
0
0
0
0
0
0
1
0
0
0
0
0
1
0
1
2
1
0
0
1
0
0
0
1
0
0
1
2
1
0
0
0
1
0
0
0
1
0
2
0
1
0
0
1
0
0
1
0
0
0
0
0
1
0
0
1
0
1
2
0
0
0
1
1
0
0
1
1
0
0
0
0
0
0
0
1
0
0
0
0
0
0
0
0
0
0
0
1
0
0
1
1
1
2
0
0
0
0
0
1
0
0
0
0
0
0
1
0
0
0
0
1
0
0
0
0
1
0
0
0
0
1
0
0
1
0
0
0
1
0
1
0
0
0
0
0
0
1
1
0
0
0
0
0
0
0
1
0
0
0
0
1
0
0
0
0
0
0
0
1
0
0
0
0
1
1
1
0
0
0
0
0
0
0
0
0
1
0
0
0
0
0
0
0
0
1
0
0
0
0
0
0
0
0
0
1
0
1
0
0
0
0
0
0
0
0
0
0
0
0
0
0
0
1
0
0
0
0
0
0
0
0
0
0
0
0
0
0
2
0
0
0
0
0
0
0
0
0
0
0
0
0
0
0
0
0
0
0
0
0
0
0
0
0
0
0
0
0
0
0
0
0
0
0
0
0
0
0
0
0
0
0
0
0
0
0
0
0
0
0
0
0
0
0
0
0
0
0
0
0
0
0
0
1
1
0
0
0
0
0
0
0
0
0
0
0
0
0
0
0
0
0
0
0
0
0
0
0
0
0
0
0
0
1
0
0
0
0
0
0
0
0
0
0
0
0
0
0
0
0
0
0
0
0
0
0
0
0
0
0
1
0
0
0
0
0
0
0
0
0
0
0
0
0
0
0
0
0
0
0
0
0
0
0
0
0
0
0
0
0
0
0
0
0
0
0
0
1
0
0
0
0
0
0
0
0
0
0
0
0
0
0
0
0
0
0
0
0
0
0
0
0
0
0
0
0
0
0
0
0
0
0
1
0
0
0
0
0
0
0
0
0
0
0
0
0
0
0
0
0
0
0
0
0
0
0
0
0
0
0
0
0
1
0
0
0
0
0
0
0
0
0
0
0
0
0
0
0
0
0
0
0
0
0
0
0
0
0
0
0
0
0
0
0
0
1
0
0
0
0
0
0
0
0
0
0
0
0
0
0
0
0
0
0
0
0
0
0
1
0
0
0
0
0
0
0
0
0
0
1
0
0
0
0
0
0
0
0
0
0
0
0
0
0
0
0
0
0
0
0
0
0
0
0
0
0
0
0
0
0
0
0
0
0
0
0
0
0
0
0
0
0
0
0
0
0
0
0
0
0
0
0
0
0
0
0
0
1
0
0
0
0
0
0
0
0
0
0
0
0
0
0
0
0
0
0
0
0
0
0
0
0
0
0
0
0
0
0
0
0
0
0
0
0
0
0
0
0
0
0
0
0
0
0
0
0
0
0
0
0
0
0
0
0
0
0
0
0
0
0
0
0
0
0
0
0
0
0
0
0
0
0
0
0
0
0
0
0
0
0
0
0
0
0
0
0
0
0
0
0
0
0
0
0
0
0
0
0
0
0
0
0
0
0
0
0
0
0
0
0
0
0
0
0
0
0
0
0
0
0
0
0
0
0
0
0
0
0
0
0
0
0
0
0
0
0
0
0
0
0
0
0
0
0
0
0
0
0
0
0
0
0
0
0
0
0
0
0
0
0
0
0
0
0
0
0
0
0
0
0
0
0
0
0
0
0
0
0
0
0
0
0
0
0
0
0
0
0
0
0
0
0
0
0
0
0
0
0
0
0
0
0
0
0
0
0
0
0
0
0
0
0
0
0
0
0
0
0
0
0
0
0
0
0
0
0
0
0
0
0
0
0
0
0
0
0
0
0
0
0
0
0
0
0
0
0
0
0
0
0
0
0
0
0
0
0
0
0
0
0
0
0
0
0
0
0
0
0
0
0
0
0
0
0
0
0
0
0
0
0
0
0
0
0
0
0
0
0
0
0
0
0
0
0
0
0
0
0
0
0
0
0
0
0
0
0
0
0
0
0
0
0
0
0
0
0
0
0
0
0
0
0
0
0
0
0
0
0
0
0
0
0
0
0
0
0
0
0
0
0
0
0
0
0
0
0
0
0
0
0
0
0
0
0
0
0
0
0
0
0
0
0
0
0
0
0
0
0
0
0
0
0
0
0
0
0
0
0
0
0
0
0
0
0
0
0
0
0
0
0
0
0
0
0
0
0
0
0
0
0
0
0
0
0
0
0
0
0
0
0
0
0
0
0
0
0
0
0
0
0
0
0
0
0
0
0
0
0
0
0
0
0
0
0
0
0
0
0
0
0
0
0
0
0
0
0
0
0
0
0
0
0
0
0
0
0
0
0
0
0
0
0
0
0
0
0
0
0
0
0
0
0
0
0
0
0
0
0
0
0
0
0
0
0
0
0
0
0
0
0
0
0
0
0
0
0
0
0
0
0
0
0
0
0
0
0
0
0
0
0
0
0
0
0
0
0
0
0
0
0
0
0
0
0
0
0
0
0
0
0
0
0
0
0
0
0
0
0
0
0
0
0
0
0
0
0
0
0
0
0
0
0
0
0
0
0
0
0
0
0
0
0
0
0
0
0
0
0
0
0
0
0
0
0
0
0
0
0
0
0
0
0
0
0
0
0
0
0
0
0
0
0
0
0
0
0
0
0
0
0
0
0
0
0
0
0
0
0
0
0
0
0
0
0
0
0
0
0
0
0
0
0
0
0
0
0
0
0
0
0
0
0
0
0
0
0
0
0
0
0
0
0
0
0
0
0
0
0
0
0
0
0
0
0
0
0
0
0
0
0
0
0
0
0
0
0
0
0
0
0
0
0
0
0
0
0
0
0
0
0
0
0
0
0
0
0
0
0
0
0
0
0
0
0
0
0
0
0
0
0
0
0
0
0
0
0
0
0
0
0
0
0
0
0
0
0
0
0
0
0
0
0
0
0
0
0
0
0
0
0
0
0
0
0
0
0
0
0
0
0
0
0
0
0
0
0
0
0
0
0
0
0
0
0
0
0
0
0
0
0
0
0
0
0
0
0
0
0
0
0
0
0
0
0
0
0
0
0
0
0
0
0
0
0
0
0
0
0
0
0
0
0
0
0
0
0
0
0
0
0
0
0
0
0
0
0
0
0
0
0
0
0
0
0
0
0
0
0
0
0
0
0
0
0
0
0
0
0
0
0
0
0
0
0
0
0
0
0
0
0
0
0
0
0
0
0
0
0
0
0
0
0
0
0
0
0
0
0
0
0
0
0
0
0
0
0
0
0
0
0
0
0
0
0
0
0
0
0
0
0
0
0
0
0
0
0
0
0
0
0
0
0
0
0
0
0
0
0
0
0
0
0
0
0
0
0
0
0
0
0
0
0
0
0
0
0
0
0
0
0
0
0
0
0
0
0
0
0
0
0
0
0
0
0
0
0
0
0
0
0
0
0
0
0
0
0
0
0
0
0
0
0
0
0
0
0
0
0
0
0
0
0
0
0
0
0
0
0
0
0
0
0
0
0
0
0
0
0
0
0
0
0
0
0
0
0
0
0
0
0
0
0
0
0
0
0
0
0
0
0
0
0
0
0
0
0
0
0
0
0
0
0
0
0
0
0
0
0
0
0
0
0
0
0
0
0
0
0
0
0
0
0
0
0
0
0
0
0
0
0
0
0
0
0
0
0
0
0
0
0
0
0
0
0
0
0
0
0
0
0
0
0
0
0
0
0
0
0
0
0
0
0
0
0
0
0
0
0
0
0
0
0
0
0
0
0
0
0
0
0
0
0
0
0
0
0
0
0
0
0
0
0
0
0
0
0
0
0
0
0
0
0
0
0
0
0
0
0
0
0
0
0
0
0
0
0
0
0
0
0
0
0
0
0
0
0
0
0
0
0
0
0
0
0
0
0
0
0
0
0
0
0
0
0
0
0
0
0
0
0
0
0
0
0
0
0
0
0
0
0
0
0
0
0
0
0
0
0
0
0
0
0
0
0
0
0
0
0
0
0
0
0
0
0
0
0
0
0
0
0
0
0
0
0
0
0
0
0
0
0
0
0
0
0
0
0
0
0
0
0
0
0
0
0
0
0
0
0
0
0
0
0
0
0
0
0
0
0
0
0
0
0
0
0
0
0
0
0
0
0
0
0
0
0
0
0
0
0
0
0
0
0
0
0
0
0
0
0
0
0
0
0
0
0
0
0
0
0
0
0
0
0
0
0
0
0
0
0
0
0
0
0
0
0
0
0
0
0
0
0
0
0
0
0
0
0
0
0
0
0
0
0
0
0
0
0
0
0
0
0
0
0
0
0
0
0
0
0
0
0
0
0
0
0
0
0
0
0
0
0
0
0
0
0
0
0
0
0
0
0
0
0
0
0
0
0
0
0
0
0
0
0
0
0
0
0
0
0
0
0
0
0
0
0
0
0
0
0
0
0
0
0
0
0
0
0
0
0
0
0
0
0
0
0
0
0
0
0
0
0
0
0
0
0
0
0
0
0
0
0
0
0
0
0
0
0
0
0
0
0
0
0
0
0
0
0
0
0
0
0
0
0
0
0
0
0
0
0
0
0
0
0
0
0
0
0
0
0
0
0
0
0
0
0
0
0
0
0
0
0
0
0
0
0
0
0
0
0
0
0
0
0
0
0
0
0
0
0
0
0
0
0
0
0
0
0
0
0
0
0
0
0
0
0
0
0
0
0
0
0
0
0
0
0
0
0
0
0
0
0
0
0
0
0
0
0
0
0
0
0
0
0
0
0
0
0
0
0
0
0
0
0
0
0
0
0
0
0
0
0
0
0
0
0
0
0
0
0
0
0
0
0
0
0
0
0
0
0
0
0
0
0
0
0
0
0
0
0
0
0
0
0
0
0
0
0
0
0
0
0
0
0
0
0
0
0
0
0
0
0
0
0
0
0
0
0
0
0
0
0
0
0
0
0
0
0
0
0
0
0
0
0
0
0
0
0
0
0
0
0
0
0
0
0
0
0
0
0
0
0
0
0
0
0
0
0
0
0
0
0
0
0
0
0
0
0
0
0
0
0
0
0
0
0
0
0
0
0
0
0
0
0
0
0
0
0
0
0
0
0
0
0
0
0
0
0
0
0
0
0
0
0
0
0
0
0
0
0
0
0
0
0
0
0
0
0
0
0
0
0
0
0
0
0
0
0
0
0
0
0
0
0
0
0
0
0
0
0
0
0
0
0
0
0
0
0
0
0
0
0
0
0
0
0
0
0
0
0
0
0
0
0
0
0
0
0
0
0
0
0
0
0
0
0
0
0
0
0
0
0
0
0
0
0
0
0
0
0
0
0
0
0
0
0
0
0
0
0
0
0
0
0
0
0
0
0
0
0
0
0
0
0
0
0
0
0
0
0
0
0
0
0
0
0
0
0
0
0
0
0
0
0
0
0
0
0
0
0
0
0
0
0
0
0
0
0
0
0
0
0
0
0
0
0
0
0
0
0
0
0
0
0
0
0
0
0
0
0
0
0
0
0
0
0
0
0
0
0
0
0
0
0
0
0
0
0
0
0
0
0
0
0
0
0
0
0
0
0
0
0
0
0
0
0
0
0
0
0
0
0
0
0
0
0
0
0
0
0
0
0
0
0
0
0
0
0
0
0
0
0
0
0
0
0
0
0
0
0
0
0
0
0
0
0
0
0
0
0
0
0
0
0
0
0
0
0
0
0
0
0
0
0
0
0
0
0
0
0
0
0
0
0
0
0
0
0
0
0
0
0
0
0
0
0
0
0
0
0
0
0
0
0
0
0
0
0
0
0
0
0
0
0
0
0
0
0
0
0
0
0
0
0
0
0
0
0
0
0
0
0
0
0
0
0
0
0
0
0
0
0
0
0
0
0
0
0
0
0
0
0
0
0
0
0
0
0
0
0
0
0
0
0
0
0
0
0
0
0
0
0
0
0
0
0
0
0
0
0
0
0
0
0
0
0
0
0
0
0
0
0
0
0
0
0
0
0
0
0
0
0
0
0
0
0
0
0
0
0
0
0
0
0
0
0
0
0
0
0
0
0
0
0
0
0
0
0
0
0
0
0
0
0
0
0
0
0
0
0
0
0
0
0
0
0
0
0
0
0
0
0
0
0
0
0
0
0
0
0
0
0
0
0
0
0
0
0
0
0
0
0
0
0
0
0
0
0
0
0
0
0
0
0
0
0
0
0
0
0
0
0
0
0
0
0
0
0
0
0
0
0
0
0
0
0
0
0
0
0
0
0
0
0
0
0
0
0
0
0
0
0
0
0
0
0
0
0
0
0
0
0
0
0
0
0
0
0
0
0
0
0
0
0
0
0
0
0
0
0
0
0
0
0
0
0
0
0
0
0
0
0
0
0
0
0
0
0
0
0
0
0
0
0
0
0
0
0
0
0
0
0
0
0
0
0
0
0
0
0
0
0
0
0
0
0
0
0
0
0
0
0
0
0
0
0
0
0
0
0
0
0
0
0
0
0
0
0
0
0
0
0
0
0
0
0
0
0
0
0
0
0
0
0
0
0
0
0
0
0
0
0
0
0
0
0
0
0
0
0
0
0
0
0
0
0
0
0
0
0
0
0
0
0
0
0
0
0
0
0
0
0
0
0
0
0
0
0
0
0
0
0
0
0
0
0
0
0
0
0
0
0
0
0
0
0
0
0
0
0
0
0
0
0
0
0
0
0
0
0
0
0
0
0
0
0
0
0
0
0
0
0
0
0
0
0
0
0
0
0
0
0
0
0
0
0
0
0
0
0
0
0
0
0
0
0
0
0
0
0
0
0
0
0
0
0
0
0
0
0
0
0
0
0
0
0
0
0
0
0
0
0
0
0
0
0
0
0
0
0
0
0
0
0
0
0
0
0
0
0
0
0
0
0
0
0
0
0
0
0
0
0
0
0
0
0
0
0
0
0
0
0
0
0
0
0
0
0
0
0
0
0
0
0
0
0
0
0
0
0
0
0
0
0
0
0
0
0
0
0
0
0
0
0
0
0
0
0
0
0
0
0
0
0
0
0
0
0
0
0
0
0
0
0
0
0
0
0
0
0
0
0
0
0
0
0
0
0
0
0
0
0
0
0
0
0
0
0
0
0
0
0
0
0
0
0
0
0
0
0
0
0
0
0
0
0
0
0
0
0
0
0
0
0
0
0
0
0
0
0
0
0
0
0
0
0
0
0
0
0
0
0
0
0
0
0
0
0
0
0
0
0
0
0
0
0
0
0
0
0
0
0
0
0
0
0
0
0
0
0
0
0
0
0
0
0
0
0
0
0
0
0
0
0
0
0
0
0
0
0
0
0
0
0
0
0
0
0
0
0
0
0
0
0
0
0
0
0
0
0
0
0
0
0
0
0
0
0
0
0
0
0
0
0
0
0
0
0
0
0
0
0
0
0
0
0
0
0
0
0
0
0
0
0
0
0
0
0
0
0
0
0
0
0
0
0
0
0
0
0
0
0
0
0
0
0
0
0
0
0
0
0
0
0
0
0
0
0
0
0
0
0
0
0
0
0
0
0
0
0
0
0
0
0
0
0
0
0
0
0
0
0
0
0
0
0
0
0
0
0
0
0
0
0
0
0
0
0
0
0
0
0
0
0
0
0
0
0
0
0
0
0
0
0
0
0
0
0
0
0
0
0
0
0
0
0
0
0
0
0
0
0
0
0
0
0
0
0
0
0
0
0
0
0
0
0
0
0
0
0
0
0
0
0
0
0
0
0
0
0
0
0
0
0
0
0
0
0
0
0
0
0
0
0
0
0
0
0
0
0
0
0
0
0
0
0
0
0
0
0
0
0
0
0
0
0
0
0
0
0
0
0
0
0
0
0
0
0
0
0
0
0
0
0
0
0
0
0
0
0
0
0
0
0
0
0
0
0
0
0
0
0
0
0
0
0
0
0
0
0
0
0
0
0
0
0
0
0
0
0
0
0
0
0
0
0
0
0
0
0
0
0
0
0
0
0
0
0
0
0
0
0
0
0
0
0
0
0
0
0
0
0
0
0
0
0
0
0
0
0
0
0
0
0
0
0
0
0
0
0
0
0
0
0
0
0
0
0
0
0
0
0
0
0
0
0
0
0
0
0
0
0
0
0
0
0
0
0
0
0
0
0
0
0
0
0
0
0
0
0
0
0
0
0
0
0
0
0
0
0
0
0
0
0
0
0
0
0
0
0
0
0
0
0
0
0
0
0
0
0
0
0
0
0
0
0
0
0
0
0
0
0
0
0
0
0
0
0
0
0
0
0
0
0
0
0
0
0
0
0
0
0
0
0
0
0
0
0
0
0
0
0
0
0
0
0
0
0
0
0
0
0
0
0
0
0
0
0
0
0
0
0
0
0
0
0
0
0
0
0
0
0
0
0
0
0
0
0
0
0
0
0
0
0
0
0
0
0
0
0
0
0
0
0
0
0
0
0
0
0
0
0
0
0
0
0
0
0
0
0
0
0
0
0
0
0
0
0
0
0
0
0
0
0
0
0
0
0
0
0
0
0
0
0
0
0
0
0
0
0
0
0
0
0
0
0
0
0
0
0
0
0
0
0
0
0
0
0
0
0
0
0
0
0
0
0
0
0
0
0
0
0
0
0
0
0
0
0
0
0
0
0
0
0
0
0
0
0
0
0
0
0
0
0
0
0
0
0
0
0
0
0
0
0
0
0
0
0
0
0
0
0
0
0
0
0
0
0
0
0
0
0
0
0
0
0
0
0
0
0
0
0
0
0
0
0
0
0
0
0
0
0
0
0
0
0
0
0
0
0
0
0
0
0
0
0
0
0
0
0
0
0
0
0
0
0
0
0
0
0
0
0
0
0
0
0
0
0
0
0
0
0
0
0
0
0
0
0
0
0
0
0
0
0
0
0
0
0
0
0
0
0
0
0
0
0
0
0
0
0
0
0
0
0
0
0
0
0
0
0
0
0
0
0
0
0
0
0
0
0
0
0
0
0
0
0
0
0
0
0
0
0
0
0
0
0
0
0
0
0
0
0
0
0
0
0
0
0
0
0
0
0
0
0
0
0
0
0
0
0
0
0
0
0
0
0
0
0
0
0
0
0
0
0
0
0
