0
0
0
0
0
0
0
0
0
0
0
0
0
0
0
0
0
0
0
0
0
0
0
0
0
0
0
0
0
0
0
0
0
0
0
0
0
0
0
0
0
0
0
0
0
0
0
0
0
0
0
0
0
0
0
0
0
0
0
0
0
0
0
0
0
0
0
0
0
0
0
0
0
0
0
0
0
0
0
0
0
0
0
0
0
0
0
0
0
0
0
0
0
0
0
0
0
0
0
0
0
0
0
0
0
0
0
0
0
0
0
0
0
0
0
0
0
0
0
0
0
0
0
0
0
0
0
0
0
0
0
0
0
0
0
0
0
0
0
0
0
0
0
0
0
0
0
0
0
0
0
0
0
0
0
0
0
0
0
0
0
0
0
0
0
0
0
0
0
0
0
0
0
0
0
0
0
0
0
0
0
0
0
0
0
0
0
0
0
0
0
0
0
0
0
0
0
0
0
0
0
0
0
0
0
0
0
0
0
0
0
0
0
0
0
0
0
0
0
0
0
0
0
0
0
0
0
0
0
0
0
0
0
0
0
0
0
0
0
0
0
0
0
0
0
0
0
0
0
0
0
0
0
0
0
0
0
0
0
0
0
0
0
0
0
0
0
0
0
0
0
0
0
0
0
0
0
0
0
0
0
0
0
0
0
0
0
0
0
0
0
0
0
0
0
0
0
0
0
0
0
0
0
0
0
0
0
0
0
0
0
0
0
0
0
0
0
0
0
0
0
0
0
0
0
0
0
0
0
0
0
0
0
0
0
0
0
0
0
0
0
0
0
0
0
0
0
0
0
0
0
0
0
0
0
0
0
0
0
0
0
0
0
0
0
0
0
0
0
0
0
0
0
0
0
0
0
0
0
0
0
0
0
0
0
1
0
0
0
0
0
0
0
0
0
0
0
0
0
0
0
0
0
0
0
0
0
0
0
0
0
0
0
0
0
0
0
0
0
0
0
0
0
0
0
0
0
0
0
0
1
0
0
0
0
0
0
0
0
0
0
0
0
0
0
0
0
0
0
0
0
0
0
0
0
0
0
0
0
0
0
0
0
0
0
0
0
0
0
0
0
0
0
0
0
0
0
0
0
0
1
0
0
0
0
0
0
0
1
0
0
0
0
0
0
0
0
0
0
0
0
0
0
0
0
0
0
0
0
0
0
1
0
0
0
0
0
0
0
0
0
1
0
0
0
0
0
0
0
0
0
0
0
0
0
0
0
0
0
0
0
0
0
0
0
0
0
0
0
0
0
0
0
0
0
0
0
0
0
0
0
0
1
0
0
0
0
0
1
0
0
0
0
0
0
0
0
0
0
0
1
0
0
0
0
0
0
0
0
0
0
0
0
0
0
0
0
0
0
0
0
0
0
1
0
0
0
0
0
0
0
0
0
0
0
0
1
1
0
0
0
1
0
0
0
0
0
0
0
0
0
0
0
0
0
0
0
0
0
0
0
0
1
0
0
0
0
0
0
0
0
0
0
0
0
0
0
0
0
0
0
1
0
0
0
0
0
0
0
0
0
0
0
0
0
0
0
0
0
0
0
0
0
1
0
0
0
0
0
0
0
0
0
0
0
0
0
0
1
0
0
0
0
0
0
0
0
0
0
0
0
0
0
0
0
0
0
0
1
0
0
0
0
1
0
0
0
2
0
0
0
0
1
0
0
0
0
0
0
0
1
0
0
0
0
0
0
0
0
1
1
0
0
0
0
0
0
0
0
0
0
0
0
0
1
0
0
0
0
0
1
0
1
0
1
1
0
0
0
0
0
0
0
0
0
1
0
0
0
1
0
1
0
0
0
0
0
0
1
1
0
0
0
0
0
2
0
0
0
0
0
0
0
1
0
0
1
0
0
0
0
1
2
0
0
0
1
0
2
2
0
1
1
1
1
1
1
0
0
0
0
1
3
0
1
0
0
0
1
0
0
0
1
0
0
0
0
0
0
0
1
1
0
1
3
0
1
0
0
1
0
1
1
0
0
1
0
0
0
0
1
0
2
1
1
1
0
0
0
1
0
0
0
0
1
0
0
2
1
2
1
0
0
1
0
0
1
0
1
1
1
0
3
1
2
0
1
0
0
0
0
0
2
0
1
0
1
1
1
1
0
2
2
1
0
0
2
1
0
1
1
1
0
3
0
0
0
0
0
0
3
0
0
0
2
0
1
1
0
1
0
1
1
1
2
0
1
1
2
1
2
0
0
1
1
0
1
1
2
2
0
1
3
2
2
0
2
1
0
1
1
1
1
1
0
2
3
1
2
2
1
1
0
1
1
2
1
1
1
0
2
2
0
2
1
3
0
2
2
2
1
1
0
1
2
3
2
1
3
3
2
2
1
2
3
1
1
1
2
0
2
3
2
1
2
5
2
1
0
1
1
1
5
1
1
1
3
1
0
3
3
3
1
1
1
4
0
1
2
4
1
1
2
1
4
1
3
3
3
4
5
0
1
1
2
5
8
5
2
5
3
3
5
2
0
3
3
1
0
2
2
2
2
2
1
1
0
1
4
3
3
4
2
2
2
2
2
0
3
3
2
3
2
5
3
3
3
6
4
4
2
2
2
0
3
1
2
1
2
5
5
3
1
6
1
3
1
5
5
3
4
3
4
2
4
3
5
4
3
3
2
3
4
2
4
6
4
5
4
2
2
4
2
0
7
4
4
2
7
1
3
7
3
4
3
6
5
4
2
2
5
2
4
1
1
4
1
6
6
6
1
4
6
5
2
3
5
4
1
6
5
5
6
5
6
4
6
5
4
9
0
7
5
4
7
5
2
7
2
7
7
4
6
7
9
5
1
4
5
6
8
6
13
9
5
9
9
6
1
7
5
7
8
2
3
1
9
5
5
3
9
6
2
1
5
3
10
6
5
10
6
2
6
9
3
2
4
6
1
5
7
9
3
6
9
5
7
6
6
6
7
8
6
7
9
7
5
7
7
7
4
5
5
7
10
9
4
10
10
5
10
9
5
9
6
7
5
10
10
5
5
8
6
9
5
8
3
8
5
6
6
8
12
13
7
10
10
7
11
9
10
13
14
6
9
6
8
6
11
9
7
11
10
11
5
9
9
8
6
15
9
11
7
6
5
11
6
9
11
9
8
10
9
5
12
12
14
19
10
8
11
12
18
9
10
9
3
9
8
11
10
7
7
11
10
17
7
14
15
9
8
10
21
12
11
7
10
13
10
13
13
12
14
11
7
15
10
17
14
10
8
16
10
8
14
9
11
9
11
14
13
12
14
15
13
5
14
11
8
19
11
13
8
14
13
10
17
11
9
14
7
17
8
14
16
11
16
22
22
21
18
12
12
13
18
14
19
7
14
16
9
12
11
20
11
17
28
11
21
13
14
16
13
15
17
11
11
13
10
20
18
7
16
19
10
16
14
15
19
19
17
11
15
16
17
19
17
21
17
13
25
13
18
14
11
17
23
12
33
19
29
12
12
20
12
13
25
31
24
24
20
16
29
23
23
21
12
27
24
20
20
24
18
21
18
17
21
19
19
19
21
26
21
30
24
19
18
21
29
27
23
16
19
20
34
33
30
24
26
28
32
20
23
33
14
26
19
19
20
28
22
22
23
26
26
27
22
26
28
24
32
20
27
28
27
29
19
24
20
27
25
25
33
25
30
25
33
36
27
26
22
33
27
25
27
26
36
20
20
37
30
21
31
17
30
41
24
29
30
32
29
22
28
31
40
29
35
24
24
32
24
26
34
19
32
26
32
26
32
28
36
39
34
26
26
26
28
44
36
45
37
33
37
34
38
32
25
38
29
33
38
34
29
37
35
34
29
31
35
30
36
35
37
44
43
42
37
29
30
30
36
39
43
45
34
41
34
42
34
41
45
26
39
41
35
43
38
36
40
37
36
29
25
33
30
47
46
42
59
48
35
44
42
50
36
41
42
48
40
48
51
44
33
35
50
40
44
35
31
57
56
53
47
44
41
41
46
36
39
43
45
34
60
46
37
39
53
42
55
39
42
33
37
38
53
50
60
50
58
37
36
42
51
50
49
51
35
50
45
59
46
53
54
52
69
55
52
52
51
51
52
59
46
58
49
58
34
68
47
55
51
46
55
53
54
71
64
73
54
64
58
53
62
54
45
53
49
60
58
59
50
55
62
58
63
61
54
74
63
55
56
62
66
58
68
67
57
53
65
45
55
81
66
50
46
57
58
56
63
58
56
71
78
71
79
62
50
67
69
79
69
74
57
76
66
67
65
66
68
83
73
76
67
80
74
67
73
69
76
68
59
70
91
80
62
67
84
75
69
76
79
82
77
78
71
73
77
74
66
68
84
80
83
83
85
64
85
73
75
72
81
67
81
78
89
83
79
71
90
62
91
76
69
83
72
103
91
83
78
95
78
106
80
81
86
81
84
83
76
99
80
80
79
76
87
98
103
59
94
92
85
109
83
76
105
109
101
90
88
87
88
92
81
97
116
90
79
112
113
85
91
94
95
94
86
89
85
86
94
108
108
85
105
105
69
101
104
97
118
100
117
99
110
110
91
85
108
85
112
109
91
126
93
96
103
119
94
118
108
100
108
93
103
117
109
85
101
104
94
112
107
119
125
114
121
114
93
95
111
127
107
112
113
101
126
116
124
115
104
115
102
125
97
113
119
107
115
129
129
107
120
106
134
129
115
134
116
119
121
113
117
134
110
132
119
116
123
124
137
113
113
130
108
125
141
121
126
133
134
144
141
133
124
124
132
129
143
142
138
124
117
136
141
136
143
151
151
136
98
150
131
112
142
144
128
117
163
147
117
131
136
145
134
133
122
131
133
134
161
165
141
113
119
152
117
136
144
146
158
145
161
150
141
163
144
145
140
153
162
153
156
126
139
153
155
159
147
156
156
154
154
151
166
145
141
149
155
137
142
163
137
156
150
155
154
178
148
154
146
144
157
161
188
153
174
171
162
158
154
189
160
162
170
190
171
143
155
173
190
155
168
172
167
159
176
185
154
170
176
167
170
183
178
147
189
174
197
194
179
179
175
169
154
167
184
198
181
163
173
180
172
186
167
197
168
198
198
212
197
177
204
181
209
209
188
197
186
206
174
181
184
188
198
210
178
188
210
193
212
185
165
198
194
196
186
186
187
190
200
204
201
198
196
208
212
200
195
219
192
200
213
207
210
204
204
203
225
213
216
210
212
207
192
205
205
215
206
217
199
213
207
191
220
194
224
241
208
200
216
232
213
212
193
212
222
219
225
220
224
221
228
245
204
194
205
228
220
226
234
234
235
220
213
254
224
216
236
221
223
256
218
199
229
227
233
218
228
238
229
244
222
206
216
216
225
239
193
194
233
210
243
262
212
259
239
258
241
261
234
270
249
238
239
227
215
245
235
268
235
247
276
257
252
244
229
231
250
239
245
247
245
229
265
218
278
239
222
265
291
239
258
267
284
224
266
270
260
241
266
251
259
242
252
255
288
269
273
280
262
276
212
209
242
268
262
305
286
265
278
298
257
284
282
293
296
246
286
289
293
295
289
289
255
288
259
275
309
318
265
252
284
281
259
273
295
300
312
296
295
292
272
289
265
271
285
300
308
261
260
225
281
313
301
291
295
295
292
288
280
316
313
288
319
293
263
314
294
303
304
296
290
297
318
298
325
287
333
307
264
287
307
289
286
279
291
330
309
327
318
293
302
320
333
299
318
319
285
298
307
325
326
332
313
306
323
295
319
315
308
329
346
348
304
343
342
329
320
323
312
306
329
318
326
329
340
353
330
348
312
293
314
357
352
339
344
360
325
375
334
348
313
331
339
303
326
349
321
342
328
326
370
377
314
328
342
342
327
360
363
388
323
319
333
335
383
352
338
321
377
384
346
405
352
378
335
397
348
305
362
386
379
417
327
371
343
379
369
398
379
352
386
397
324
358
401
396
339
351
376
360
402
379
346
333
362
363
388
382
375
374
413
369
427
382
414
392
381
387
417
362
366
424
426
369
375
384
388
365
405
413
364
409
383
385
356
360
385
411
410
391
384
439
385
418
381
402
368
424
389
399
442
424
363
373
415
358
350
360
390
410
398
409
399
432
388
407
447
379
396
387
447
429
397
399
412
392
414
444
426
401
410
383
424
395
397
387
434
411
406
412
422
418
425
409
383
429
400
438
411
475
392
435
456
442
402
329
424
440
421
431
390
390
416
464
398
434
438
440
435
420
422
385
444
431
450
473
427
441
429
461
416
435
460
466
417
456
428
442
416
459
438
438
435
454
472
448
426
427
422
462
436
442
478
460
436
479
464
482
454
489
405
492
473
466
468
444
412
464
448
430
472
492
468
417
491
468
448
466
451
481
444
462
456
444
398
428
462
451
510
449
445
467
519
528
440
478
427
495
490
504
461
495
474
454
427
492
461
463
492
515
505
476
509
491
472
451
505
446
508
457
461
449
475
521
485
497
480
451
484
477
471
488
461
418
476
489
497
503
505
486
469
513
520
485
492
539
470
486
471
470
497
495
514
528
477
494
470
459
529
490
486
518
484
503
486
517
468
501
480
470
496
509
510
510
550
497
531
527
483
490
494
494
528
533
518
499
500
522
499
531
528
487
482
540
528
491
483
540
531
552
537
511
557
518
514
509
506
515
571
535
543
493
475
496
540
488
528
565
491
516
504
520
528
504
472
504
539
553
495
551
516
522
534
545
544
503
532
554
503
544
507
537
507
523
524
492
570
566
535
541
499
526
519
524
554
529
524
508
521
570
503
469
507
529
559
515
574
520
536
564
563
517
530
535
521
534
511
527
552
506
612
575
529
493
549
574
561
524
529
533
556
572
542
528
593
507
537
564
565
530
522
532
517
516
540
566
552
583
492
544
531
543
573
552
535
566
535
538
552
562
586
559
538
568
560
580
561
578
582
568
554
532
581
557
518
527
530
617
526
554
454
485
527
523
563
580
556
543
595
602
553
583
545
563
553
540
571
574
533
557
574
551
576
573
593
582
568
580
588
555
544
594
533
562
573
594
567
581
565
582
550
572
597
551
562
601
568
561
553
513
561
589
557
564
597
527
561
537
600
625
547
547
635
609
547
552
559
555
572
573
582
582
599
609
555
639
588
601
577
597
554
604
582
578
545
586
611
576
600
602
582
597
573
590
589
583
536
619
577
558
598
578
567
616
556
624
616
641
577
563
580
588
620
580
617
574
575
620
641
585
571
616
598
576
588
586
538
610
551
517
606
596
641
569
601
610
565
636
606
575
620
595
585
565
545
573
614
573
584
655
578
597
609
604
587
585
623
633
569
597
584
568
601
593
582
623
627
629
565
576
560
603
562
584
606
610
592
480
602
567
600
581
627
603
616
603
588
625
599
587
631
637
565
589
660
581
578
599
634
583
612
631
618
603
610
623
576
573
659
638
602
602
622
582
623
640
615
576
596
574
547
602
664
599
532
575
647
612
558
636
618
568
579
616
599
628
573
598
592
565
593
611
605
600
594
635
619
611
593
599
595
605
588
626
632
591
522
566
598
597
629
596
661
572
564
619
616
608
608
625
650
607
567
616
610
605
621
628
622
587
578
546
648
606
576
648
590
597
578
602
615
580
643
600
602
647
637
628
595
590
612
598
605
585
582
515
585
611
581
652
647
606
606
604
616
568
594
628
625
590
576
573
612
568
607
597
590
642
606
587
627
625
574
597
584
591
607
636
573
608
591
625
630
598
598
598
568
617
558
647
622
573
532
631
553
593
636
635
566
580
594
640
629
592
577
604
603
583
612
605
650
636
603
639
626
608
624
549
623
609
609
628
599
613
575
533
612
539
643
607
626
656
594
528
569
620
589
599
603
604
600
614
574
585
661
577
610
608
612
568
594
590
526
578
618
638
607
584
637
618
597
603
659
600
589
609
621
595
573
582
639
573
589
480
587
587
603
622
646
610
570
576
604
555
589
628
583
571
555
545
618
575
568
636
562
549
537
627
622
607
587
591
632
566
585
623
612
596
611
592
566
635
604
619
575
602
609
543
613
595
551
553
567
578
639
541
601
614
573
582
616
581
540
614
545
584
583
598
562
592
584
603
564
560
564
561
572
545
560
638
598
553
541
510
566
562
549
607
566
597
540
554
557
568
544
591
598
545
610
577
602
561
545
573
570
577
588
593
587
520
535
580
570
584
540
566
557
544
555
556
572
610
564
591
559
569
603
584
592
521
555
469
524
577
576
577
566
591
564
558
589
566
604
556
584
556
542
582
554
564
547
597
557
626
575
563
583
540
548
572
545
556
581
588
543
522
599
598
565
565
538
535
558
535
553
522
498
535
495
565
564
491
572
571
538
538
537
592
553
550
542
588
525
559
499
559
521
535
554
576
566
531
565
527
529
581
529
598
534
555
507
475
561
571
540
526
564
569
536
532
497
525
554
554
505
515
545
547
556
530
574
550
537
501
544
485
510
546
518
512
520
526
486
513
558
502
526
569
506
521
496
519
534
547
551
556
518
510
538
427
563
518
548
526
522
546
530
513
517
485
538
530
511
478
537
559
542
524
467
525
502
508
502
476
503
522
511
567
507
471
533
519
510
494
593
547
527
549
508
529
528
493
513
553
474
539
438
554
494
515
509
532
480
543
475
539
525
477
533
523
530
468
493
518
497
487
520
517
467
475
508
523
493
500
470
493
486
483
415
433
532
515
492
547
536
499
524
495
524
529
459
516
495
470
473
478
523
474
490
449
480
519
468
496
470
473
468
458
530
517
495
483
482
478
466
462
479
476
483
505
492
497
471
509
479
481
482
392
507
458
491
451
492
488
469
473
488
469
479
475
454
497
442
505
492
504
468
482
442
488
460
452
441
466
445
473
476
467
515
459
446
457
464
451
464
463
464
473
482
459
457
476
446
470
410
439
448
466
430
484
466
482
440
480
493
463
465
446
454
442
456
470
454
442
468
470
456
443
479
477
462
441
449
437
464
451
377
386
481
420
453
450
468
429
456
475
407
410
453
418
392
452
413
412
454
475
459
422
433
427
472
460
456
425
432
502
450
438
442
419
433
411
444
470
427
412
422
419
412
405
430
432
456
432
414
400
454
436
425
424
398
416
388
468
406
426
432
448
429
433
379
419
410
457
453
374
402
415
380
437
395
409
370
414
426
356
402
419
417
386
417
395
422
387
395
426
374
395
410
371
404
382
400
440
445
431
373
413
389
407
397
393
418
402
393
443
381
392
412
378
424
395
380
369
412
405
358
405
401
435
385
414
398
381
362
352
354
361
381
377
369
361
376
405
384
376
380
418
359
351
374
385
391
349
381
356
337
358
389
370
339
343
402
387
348
360
381
358
384
412
343
343
338
359
359
414
347
387
349
384
365
389
381
331
383
374
356
362
323
372
368
365
355
353
370
400
394
357
367
355
371
365
377
342
375
365
343
350
380
349
371
315
316
362
378
367
349
343
346
352
344
331
341
341
331
347
300
344
324
343
325
339
340
360
376
383
387
350
365
347
366
325
351
377
358
358
357
366
321
301
323
364
332
371
356
335
346
311
325
344
317
310
306
319
323
316
314
330
354
340
342
343
328
336
337
330
356
352
301
325
334
333
330
320
320
346
276
309
316
342
341
337
340
356
309
332
316
322
327
322
327
310
291
346
331
311
276
322
295
332
312
263
287
305
320
313
294
293
286
331
313
288
269
310
285
309
321
301
279
308
306
269
285
312
269
314
305
291
292
307
273
302
285
273
269
318
272
282
323
268
316
288
273
289
294
297
289
288
254
314
303
312
281
285
286
292
293
283
324
286
302
305
297
303
275
281
236
270
265
293
277
306
268
293
286
288
230
288
297
271
251
256
265
301
273
284
288
280
284
281
271
286
244
274
265
281
309
282
309
254
288
310
255
281
249
268
276
243
275
254
238
281
228
258
271
233
277
262
294
259
236
258
275
247
243
257
237
268
264
220
292
261
269
262
275
239
246
264
202
217
260
257
253
216
277
241
245
260
274
260
242
263
279
249
241
258
225
265
277
247
239
252
270
235
227
239
258
257
236
242
229
241
236
265
260
225
223
229
238
247
253
257
214
238
228
235
229
229
232
227
237
242
252
249
252
215
213
243
252
221
227
233
226
234
228
226
236
223
184
199
210
221
218
241
224
218
218
206
224
222
231
237
227
230
222
213
226
229
221
209
219
219
221
223
212
218
220
212
210
243
226
215
212
232
216
207
225
233
214
232
185
224
206
210
205
220
213
186
203
215
193
227
213
205
199
212
200
198
205
205
214
223
207
194
200
227
209
220
201
206
189
212
184
190
174
209
214
202
204
192
187
206
180
222
219
203
181
219
183
194
190
179
175
200
179
186
206
194
172
183
204
182
202
188
187
174
203
190
190
207
166
191
193
195
215
199
192
203
191
181
199
192
180
180
211
188
146
182
206
166
167
195
182
178
164
186
183
164
190
179
153
193
169
175
170
176
196
192
164
182
162
159
143
157
168
164
170
165
172
173
192
166
180
179
173
165
132
165
175
166
173
151
159
161
162
139
162
161
155
165
170
151
153
176
155
161
162
147
168
141
160
154
183
193
140
166
139
142
164
142
153
154
174
153
145
173
169
169
157
146
157
144
153
160
170
153
156
155
140
161
167
150
138
142
163
157
141
177
141
134
142
151
141
163
165
129
151
145
164
170
149
171
140
163
172
141
135
148
141
149
153
155
148
121
125
133
124
146
144
148
141
149
139
153
134
143
138
183
125
145
158
155
142
142
142
165
141
125
138
112
151
130
127
155
161
132
137
133
136
138
139
158
155
135
142
125
128
139
167
135
148
122
149
99
125
142
118
137
137
158
124
135
106
128
138
128
132
111
124
143
135
140
138
121
126
129
133
134
127
110
127
105
110
131
114
111
128
128
122
129
114
114
120
120
132
131
126
136
116
124
105
112
117
107
90
130
122
124
130
116
112
121
133
115
129
111
117
97
104
105
114
128
103
114
90
110
105
123
112
115
96
103
103
93
129
113
115
126
120
126
111
107
118
91
114
111
106
97
110
116
103
100
121
111
96
119
91
113
119
99
101
110
92
96
106
96
100
102
95
80
105
97
95
89
105
98
93
107
104
95
108
79
109
116
94
115
94
98
103
104
107
89
98
91
95
94
97
89
93
95
95
102
87
92
94
111
98
93
107
90
66
90
81
84
105
90
109
105
91
80
78
95
89
92
79
85
84
87
79
80
115
104
76
102
98
82
91
92
95
98
87
84
95
103
78
97
95
93
98
73
70
90
82
79
80
88
93
83
88
76
67
75
91
77
76
82
78
100
90
92
84
76
85
83
73
79
89
74
67
93
77
80
73
87
85
74
79
82
86
81
65
74
68
75
76
72
69
76
77
84
67
62
61
88
77
86
71
80
63
69
80
72
63
72
70
66
63
74
74
57
57
80
81
59
79
70
70
70
65
66
76
63
63
76
66
68
68
73
72
80
70
71
74
55
67
67
76
74
56
82
74
72
61
75
79
76
57
70
81
70
62
60
73
76
66
75
61
60
61
63
53
63
66
72
53
63
58
65
80
73
73
74
66
69
49
45
76
58
64
62
49
69
51
59
59
53
55
57
58
57
52
57
64
55
58
69
49
64
70
70
45
51
53
62
64
62
55
57
54
62
67
55
64
42
51
73
47
43
60
58
48
46
48
46
60
56
47
52
53
52
60
49
41
51
67
47
55
55
51
46
58
43
37
47
60
62
58
55
53
52
45
65
59
54
43
58
58
54
51
56
54
57
41
54
56
46
51
36
51
37
54
47
60
45
40
48
50
38
52
54
57
52
55
49
41
52
39
45
44
38
50
54
50
53
53
49
52
45
59
51
41
37
51
45
43
43
42
38
36
49
47
58
48
45
43
42
40
47
42
45
46
35
48
51
40
44
37
51
38
41
33
45
42
48
50
37
34
34
31
36
55
50
37
46
39
46
30
48
43
31
44
41
41
29
41
38
33
40
36
36
39
36
43
49
42
32
38
40
43
39
40
32
45
28
46
36
29
39
34
32
42
35
38
36
31
30
37
34
39
41
31
36
43
36
44
32
32
33
30
26
34
29
38
32
34
32
43
38
36
30
47
38
47
37
46
25
34
29
26
31
38
33
38
23
35
47
44
48
35
30
33
38
27
39
26
25
27
44
35
36
31
25
31
34
34
37
29
37
36
28
30
34
35
33
40
27
35
38
23
31
27
35
25
24
33
36
34
28
28
21
29
30
30
28
22
36
19
20
27
25
27
26
21
28
29
22
28
28
35
34
39
29
19
25
29
31
30
31
31
31
25
25
18
30
22
18
24
24
18
27
30
19
26
29
40
21
22
21
21
27
25
19
19
34
23
35
19
17
25
24
18
21
24
24
24
19
29
26
37
26
30
17
29
27
27
26
14
17
22
27
20
22
19
23
17
25
27
23
16
13
26
18
12
16
25
12
20
10
26
25
29
17
21
21
23
23
19
22
25
28
23
26
21
23
19
24
17
23
21
16
19
27
24
20
14
25
10
29
13
16
26
15
19
21
24
17
21
20
30
17
19
11
15
22
26
25
27
17
27
22
23
22
19
25
19
23
23
22
23
17
20
19
17
23
21
15
14
18
19
22
26
16
25
20
20
23
12
9
13
15
22
21
20
16
13
23
13
13
14
22
25
11
15
17
17
18
11
17
20
12
15
17
11
8
21
12
18
13
25
16
14
14
17
15
13
11
15
13
12
13
14
18
18
13
15
18
10
9
10
14
11
11
21
10
18
14
22
13
16
7
23
14
17
12
13
23
11
10
12
16
12
17
13
15
11
16
24
12
18
15
13
16
16
10
16
15
8
22
13
9
14
15
12
18
14
8
8
10
13
11
13
12
18
12
19
16
14
14
11
12
16
8
16
12
9
7
14
11
13
14
10
22
10
9
9
17
9
16
7
12
13
16
11
12
19
15
14
14
9
5
7
10
12
9
11
11
14
12
13
17
12
14
18
17
8
10
12
10
9
8
9
13
7
15
9
11
12
12
12
11
8
13
16
10
11
14
9
11
3
8
8
13
11
9
6
16
9
4
11
10
7
8
7
8
11
6
15
6
15
10
9
12
3
9
15
10
18
10
10
5
11
11
12
15
9
10
9
5
8
7
14
12
10
6
8
11
16
12
6
7
13
6
8
11
7
9
7
4
5
12
10
11
6
10
9
7
8
5
14
8
4
8
10
12
8
7
11
5
9
8
12
10
8
7
12
7
6
13
3
11
6
10
10
10
12
4
6
10
11
12
4
12
6
8
7
14
8
9
8
6
12
9
8
5
9
6
7
6
8
5
7
8
4
5
7
8
6
7
14
5
9
8
12
6
7
8
8
8
7
12
7
4
3
6
8
8
5
11
9
10
6
3
9
7
4
8
5
6
8
8
7
7
4
6
4
5
6
7
7
7
4
5
4
3
11
5
6
11
4
6
7
4
6
7
6
8
8
8
6
3
5
5
4
5
8
5
2
7
7
4
3
4
8
6
3
9
4
0
1
9
7
2
4
6
5
6
5
5
4
3
7
2
2
2
4
0
5
4
8
5
8
3
0
10
2
6
8
5
3
4
2
5
6
5
8
4
3
7
6
6
7
2
6
2
3
7
5
3
7
2
4
3
4
5
6
7
3
5
1
5
2
5
12
6
4
3
4
3
5
6
1
3
2
2
6
4
5
1
5
8
6
3
3
4
4
3
4
3
7
2
3
4
5
3
8
5
1
6
4
0
3
4
2
2
2
2
3
3
4
3
4
7
1
7
6
2
3
5
4
4
4
2
5
2
3
4
6
6
3
5
5
1
0
2
4
3
4
6
2
3
2
2
4
3
4
4
2
6
3
3
1
1
6
2
2
3
1
1
1
2
5
5
0
3
4
2
3
6
5
1
1
0
2
4
1
2
1
2
2
5
2
1
2
5
2
3
6
2
2
1
2
1
7
3
3
1
3
1
1
3
0
3
1
5
2
1
1
1
2
2
1
1
2
2
1
3
1
0
2
5
2
3
1
1
4
2
1
4
1
1
5
0
0
2
2
4
4
3
2
0
2
3
2
2
2
2
1
2
5
2
2
3
2
2
3
0
7
1
0
2
4
4
4
1
3
1
0
2
1
2
2
2
1
3
5
1
1
2
3
3
1
3
1
3
0
1
2
0
1
2
2
2
2
3
0
3
1
0
1
2
2
1
2
2
0
2
1
1
1
1
1
0
4
1
5
3
2
0
1
5
3
1
1
1
0
2
2
3
1
2
1
2
3
1
1
2
0
2
3
5
1
0
2
2
3
2
4
1
2
2
1
1
1
1
4
2
1
1
2
1
4
2
4
3
0
4
0
2
2
4
1
0
1
1
0
1
1
2
1
0
1
3
1
0
4
1
0
1
2
6
1
0
3
1
1
1
2
1
2
3
3
1
1
0
1
0
1
1
1
2
4
0
0
0
1
1
2
1
1
0
2
2
0
2
0
1
0
0
1
0
1
2
3
0
1
1
1
0
1
1
2
0
0
1
0
2
2
1
1
2
2
0
2
0
0
0
2
1
0
0
0
2
0
1
0
2
2
0
0
0
0
0
2
1
1
1
1
0
2
0
3
1
0
0
0
0
0
0
0
1
0
1
1
0
1
0
0
1
2
1
0
3
1
0
1
1
3
2
0
0
0
2
0
2
1
0
0
0
0
1
1
1
1
0
0
0
1
1
2
2
0
2
2
2
1
0
0
1
1
1
1
0
1
0
1
3
0
0
1
1
0
1
2
1
0
0
0
0
1
3
1
1
0
1
0
0
2
2
3
1
2
0
1
1
0
0
0
0
0
1
0
0
0
0
0
0
0
2
0
1
2
2
0
0
0
1
0
0
1
0
0
0
0
1
0
0
0
0
1
0
1
0
0
0
0
1
2
0
0
1
1
0
1
0
1
0
1
0
0
0
0
1
0
2
0
0
1
1
1
0
1
1
0
0
2
0
0
0
1
0
0
0
0
0
0
1
0
1
0
0
0
2
0
0
0
1
0
2
1
0
0
0
0
2
0
2
0
1
0
1
1
0
0
0
0
0
1
0
1
0
0
1
1
0
1
0
0
0
0
0
0
1
1
2
1
1
0
0
0
0
1
1
1
1
1
0
1
0
0
1
1
0
0
0
1
0
0
0
0
0
0
1
1
0
0
0
0
1
2
1
0
0
0
0
0
0
0
1
0
0
0
0
0
0
0
0
0
0
1
0
1
0
1
0
1
0
0
0
0
1
0
0
1
0
0
0
2
0
0
0
1
0
0
0
0
0
0
1
0
0
1
0
0
0
0
1
0
1
0
0
0
0
0
0
0
2
0
1
0
0
0
0
0
0
0
0
0
1
0
0
0
0
0
1
0
1
0
0
0
0
1
1
0
1
1
1
0
1
0
0
0
1
0
0
0
1
1
0
1
0
0
0
0
0
0
0
0
1
0
0
0
1
0
0
0
0
0
0
0
0
0
0
0
1
1
1
1
0
0
1
0
2
0
0
0
0
0
0
0
0
0
0
1
1
0
0
0
1
0
0
0
0
0
0
0
0
0
1
0
0
0
0
0
0
0
1
0
0
0
0
0
0
0
0
0
1
1
0
1
0
0
1
0
0
1
0
0
3
0
0
0
1
0
1
0
0
0
2
0
1
0
0
0
1
0
0
0
0
0
1
0
0
0
0
0
0
0
0
0
0
0
0
0
0
0
0
0
0
0
0
0
0
0
0
0
0
1
0
0
0
0
0
0
0
0
0
1
1
0
0
0
0
0
0
0
0
0
0
2
0
0
1
0
0
0
0
0
0
1
0
0
0
0
0
1
0
2
0
0
0
0
0
0
0
0
0
0
0
0
0
0
1
1
0
0
0
0
0
0
0
0
1
0
1
0
0
0
0
0
0
0
0
0
0
0
0
0
0
0
0
0
0
0
1
1
0
0
0
0
0
0
0
0
0
0
0
2
0
0
0
0
0
0
0
0
0
0
0
0
0
1
0
0
0
0
0
0
0
1
0
0
0
1
1
0
0
0
0
0
0
0
0
0
0
0
0
0
0
0
0
0
0
0
0
0
0
0
0
1
0
0
0
0
0
0
0
0
0
0
0
0
0
0
0
0
0
0
0
0
0
0
0
0
0
1
0
0
1
0
0
0
0
0
0
0
0
0
0
0
0
0
0
0
0
0
0
0
0
0
0
0
0
0
1
0
0
0
0
0
0
0
0
0
0
0
0
0
0
1
0
0
0
0
0
0
0
0
0
0
0
0
0
0
0
0
0
0
0
1
0
0
0
0
0
0
0
0
0
0
0
0
0
0
0
0
0
0
0
0
0
0
0
0
0
0
0
0
0
0
0
0
0
0
0
0
0
1
0
0
0
0
0
0
0
0
0
1
0
0
0
0
0
0
0
0
0
0
0
0
0
0
0
0
0
0
0
0
0
0
0
0
0
0
0
0
0
0
0
0
0
0
0
0
0
0
0
0
0
0
0
0
0
0
0
0
0
0
0
0
0
0
0
0
0
0
0
0
0
0
0
1
0
0
0
0
0
0
0
0
0
0
0
0
0
0
0
0
0
0
0
0
0
0
0
0
0
0
0
0
0
0
0
0
0
0
0
0
1
0
0
0
0
0
0
0
0
0
0
0
0
0
0
0
0
0
0
0
0
0
0
0
0
0
0
0
0
0
0
0
0
0
0
0
0
0
0
0
0
0
0
0
0
0
0
0
0
0
0
0
0
0
0
0
0
0
0
0
0
0
0
0
0
0
0
0
0
0
0
0
0
0
0
0
0
0
0
0
0
0
0
0
0
0
0
0
0
1
0
0
0
0
0
0
0
0
0
0
0
0
0
0
0
0
0
0
0
0
0
0
0
0
0
0
0
0
0
0
0
0
0
0
0
0
0
0
0
0
0
0
0
0
0
0
0
0
0
0
0
0
0
0
1
0
0
0
0
0
0
0
0
0
0
0
0
0
0
0
0
0
0
0
0
0
0
0
0
0
0
0
0
0
0
0
0
0
0
0
0
0
0
0
0
0
0
0
0
0
0
0
0
0
0
0
0
0
0
0
0
0
0
0
0
0
0
0
0
0
0
0
0
0
0
0
0
0
0
0
0
0
0
0
0
0
0
0
0
0
0
0
0
0
0
0
0
0
0
0
0
0
0
0
0
0
0
0
0
0
0
0
1
0
0
0
0
0
0
0
0
0
0
0
0
0
0
0
0
0
0
0
0
0
0
0
0
0
0
0
0
0
0
0
0
0
0
0
0
0
0
0
0
0
0
0
0
0
0
0
0
0
0
0
0
0
0
0
0
0
0
0
0
0
0
0
0
0
0
0
0
0
0
0
0
0
0
0
0
0
0
0
0
0
0
0
0
0
0
0
0
0
0
0
0
0
0
0
0
0
0
0
0
0
0
0
0
0
0
0
0
0
0
0
0
0
0
0
0
0
0
0
0
0
0
0
0
0
0
0
0
0
0
0
0
0
0
0
0
0
0
0
0
0
0
0
0
0
0
0
0
0
0
0
0
0
0
0
0
0
0
0
0
0
0
0
0
0
0
0
0
0
0
0
0
0
0
0
0
0
0
0
0
0
0
0
0
0
0
0
0
0
0
0
0
0
0
0
0
0
0
0
0
0
0
0
0
0
0
0
0
0
0
0
0
0
0
0
0
0
0
0
0
0
0
0
0
0
0
0
0
0
0
0
0
0
0
0
0
0
0
0
0
0
0
0
0
0
0
0
0
0
0
0
0
0
0
0
0
0
0
0
0
0
0
0
0
0
0
0
0
0
0
0
0
0
0
0
0
0
0
0
0
0
0
0
0
0
0
0
0
0
0
0
0
0
0
0
0
0
0
0
0
0
0
0
0
0
0
0
0
0
0
0
0
0
0
0
0
0
0
0
0
0
0
0
0
0
0
0
0
0
0
0
0
0
0
0
0
0
0
0
0
0
0
0
0
0
0
0
0
0
0
0
0
0
0
0
0
0
0
0
0
0
0
0
0
0
0
0
0
0
0
0
0
0
0
0
0
0
0
0
0
0
0
0
0
0
0
0
0
0
0
0
0
0
0
0
0
0
0
0
0
0
0
0
0
0
0
0
0
0
0
0
0
0
0
0
0
0
0
0
0
0
0
0
0
0
0
0
0
0
0
0
0
0
0
0
0
0
0
0
0
0
0
0
0
0
0
0
0
0
0
0
0
0
0
0
0
0
0
0
0
0
0
0
0
0
0
0
0
0
0
0
0
0
0
0
0
0
0
0
0
0
0
0
0
0
0
0
0
0
0
0
0
0
0
0
0
0
0
0
0
0
0
0
0
0
0
0
0
0
0
0
0
0
0
0
0
0
0
0
0
0
0
0
0
0
0
0
0
0
0
0
0
0
0
0
0
0
0
0
0
0
0
0
0
0
0
0
0
0
0
0
0
0
0
0
0
0
0
0
0
0
0
0
0
0
0
0
0
0
0
0
0
0
0
0
0
0
0
0
0
0
0
0
0
0
0
0
0
0
0
0
0
0
0
0
0
0
0
0
0
0
0
