0
0
0
0
0
0
0
0
0
0
0
0
0
0
0
0
0
0
0
0
0
0
0
0
0
0
0
0
0
0
0
0
0
0
0
0
0
0
0
0
0
0
0
0
0
0
0
0
0
0
0
0
0
0
0
0
0
0
0
0
0
0
0
0
0
0
0
0
0
0
0
0
0
0
0
0
0
0
0
0
0
0
0
0
0
0
0
0
0
0
0
0
0
0
0
0
0
0
0
0
0
0
0
0
0
0
0
0
0
0
0
0
0
0
0
0
0
0
0
0
0
0
0
0
0
0
0
0
0
0
0
0
0
0
0
0
0
0
0
0
0
0
0
0
0
0
0
0
0
0
0
0
0
0
0
0
0
0
0
0
0
0
0
0
0
0
0
0
0
0
0
0
0
0
0
0
0
0
0
0
0
0
0
0
0
0
0
0
0
0
0
0
0
0
0
0
0
0
0
0
0
0
0
0
0
0
0
0
0
0
0
0
0
0
0
0
0
0
0
0
0
0
0
0
1
0
0
0
0
0
0
0
0
0
0
0
0
0
0
0
0
0
0
0
0
0
0
0
0
0
0
0
0
0
0
0
0
0
0
0
0
0
0
0
0
0
0
0
0
0
0
0
0
0
0
0
0
0
0
0
1
0
0
0
0
0
0
0
0
0
0
0
0
0
0
0
0
0
0
0
0
0
0
0
0
0
0
0
0
0
0
0
0
0
0
0
0
0
0
0
0
0
0
0
0
0
0
0
0
0
0
0
0
0
0
0
0
0
0
0
0
0
0
0
0
0
0
0
0
0
0
0
0
0
0
0
0
0
0
0
0
0
0
0
0
0
0
0
0
0
0
0
0
0
0
0
0
0
0
0
0
0
0
0
0
0
0
0
0
0
0
0
0
0
0
0
0
0
0
0
1
0
0
0
0
0
0
0
0
0
0
0
0
0
0
0
0
0
0
0
0
0
0
0
0
0
0
0
0
0
0
0
0
0
0
0
0
0
1
0
0
0
0
0
0
0
0
0
0
0
0
0
0
0
0
0
0
0
0
0
0
0
0
0
0
0
0
0
0
1
0
0
0
1
0
0
0
0
0
0
0
0
0
0
0
1
0
0
0
0
0
0
0
1
0
1
0
0
0
0
0
0
1
0
0
0
0
0
1
0
0
0
0
0
0
0
0
0
1
0
0
1
0
0
0
0
0
0
0
0
0
0
1
0
0
0
2
0
0
0
0
0
0
0
0
0
0
0
0
0
0
0
1
0
0
0
0
0
0
0
0
0
0
1
0
0
0
0
0
0
1
0
0
0
0
1
0
0
0
0
0
2
0
0
0
0
0
0
0
1
0
0
0
1
0
1
0
0
0
0
0
0
0
0
0
0
0
1
0
0
0
0
0
0
0
0
0
0
0
0
0
0
0
0
0
1
0
0
0
0
0
0
0
1
0
0
1
0
0
0
1
0
0
2
1
0
0
0
0
0
0
1
0
0
0
1
0
0
0
2
0
2
1
1
0
0
0
0
0
0
0
0
0
1
0
0
1
0
0
1
0
0
0
0
0
0
0
0
0
2
0
0
0
0
3
0
0
0
1
0
0
1
1
1
0
1
2
0
0
2
0
1
2
1
0
0
0
0
0
2
0
0
0
0
0
0
1
0
0
0
0
0
0
0
0
0
0
1
0
1
2
1
1
2
0
0
0
0
1
1
0
1
0
1
1
1
1
0
2
1
1
1
0
2
0
0
2
2
0
0
1
0
2
1
1
0
1
0
0
1
0
3
0
1
1
0
1
2
1
4
1
0
0
1
1
0
0
0
1
2
2
2
0
1
0
2
0
0
0
3
3
0
1
0
1
0
0
0
1
1
1
1
0
1
1
0
1
0
1
1
1
2
2
1
1
1
1
2
1
1
1
1
0
0
1
1
3
0
0
0
1
2
1
2
1
1
2
0
3
2
1
2
3
1
0
1
0
3
0
0
4
0
2
2
1
1
0
3
2
3
0
3
0
1
1
1
2
3
2
3
1
1
0
0
0
4
1
2
5
1
1
3
3
0
0
2
3
3
3
3
3
1
2
3
1
1
0
3
3
2
1
2
2
2
0
0
1
2
0
1
2
3
4
1
1
2
1
1
1
4
2
2
1
0
3
0
1
3
4
4
4
1
3
2
0
4
1
10
2
1
3
3
0
3
2
5
4
2
2
1
1
6
4
5
2
5
2
2
5
2
3
1
0
2
0
2
2
1
2
2
5
3
3
2
3
2
3
2
4
3
4
4
2
1
1
5
4
2
2
3
3
2
6
0
2
3
0
1
5
2
1
3
2
3
4
4
5
4
5
4
7
3
4
4
3
4
1
4
3
2
4
4
5
4
2
1
1
3
3
3
6
8
6
5
3
5
7
6
4
4
8
4
3
11
0
2
3
7
5
3
3
4
2
6
3
5
6
2
6
6
7
2
5
10
6
2
1
4
4
5
8
8
5
5
4
3
4
3
5
6
7
7
8
4
4
3
4
5
8
3
7
9
3
2
3
3
5
2
9
8
5
4
5
12
4
4
6
12
6
12
6
9
6
3
4
6
10
5
5
9
5
5
8
6
9
4
2
7
3
1
4
7
9
3
11
5
5
10
8
8
5
4
7
4
6
7
6
12
9
5
9
5
7
1
12
7
9
9
6
5
9
2
9
4
7
3
8
14
9
10
12
9
8
5
2
8
8
5
10
7
9
12
11
11
8
9
14
3
4
6
6
11
5
9
6
5
5
13
6
7
6
4
9
10
8
8
11
11
6
5
11
13
7
10
4
7
12
7
12
4
6
9
9
13
7
11
7
7
7
11
12
22
11
9
9
14
12
14
7
8
10
12
11
7
8
11
6
13
7
16
12
11
10
9
12
3
12
18
7
10
21
12
15
8
14
9
15
15
8
8
16
10
9
11
14
11
12
13
10
15
6
11
11
6
9
15
22
7
11
8
17
10
18
17
12
18
20
17
12
15
12
13
8
12
20
16
10
14
15
16
14
14
19
16
20
17
12
17
13
20
21
15
14
16
9
11
15
11
18
12
9
9
17
12
12
25
18
18
23
13
17
21
17
18
22
16
18
13
29
13
19
19
16
23
14
28
19
19
22
19
18
16
15
20
18
28
22
17
23
24
18
23
21
21
24
19
22
20
23
23
23
21
15
21
16
23
21
29
26
16
25
21
18
26
14
19
18
24
22
20
27
15
24
24
23
24
29
20
25
29
19
21
23
26
26
17
26
28
25
21
25
32
24
26
24
24
23
22
20
18
21
23
29
23
27
20
18
23
23
32
29
34
29
35
32
26
32
23
27
38
29
26
26
23
25
36
21
24
32
33
27
27
23
38
32
33
35
34
30
27
34
31
31
25
29
29
33
33
30
26
42
28
28
28
34
36
21
32
34
40
32
33
33
26
30
37
34
44
31
38
39
32
30
38
35
32
32
42
35
46
27
29
33
37
36
31
30
45
37
39
48
30
30
46
36
40
37
44
32
36
35
36
36
40
36
35
53
41
36
50
54
34
39
44
39
31
36
35
31
45
43
37
35
32
42
41
30
38
35
40
42
42
41
38
43
46
37
37
38
39
47
42
40
43
50
37
59
51
45
51
48
38
43
40
46
40
45
58
40
47
46
38
39
55
45
55
53
50
53
45
54
49
52
58
44
49
55
57
38
52
60
44
52
57
58
54
50
49
42
53
48
62
50
35
57
45
56
56
62
51
62
55
51
57
55
50
42
46
53
62
59
57
55
65
55
66
57
70
56
66
67
63
50
75
62
57
67
56
47
53
65
63
56
64
56
55
50
58
75
66
66
49
61
67
51
60
48
72
68
72
64
61
80
61
54
77
76
86
67
53
65
74
65
59
54
74
73
65
72
70
75
70
75
74
70
75
63
73
89
57
56
61
77
67
73
75
66
68
63
79
57
86
73
84
72
57
87
70
83
82
88
80
64
73
67
76
71
100
66
79
91
69
86
65
80
80
63
86
68
90
86
62
89
89
67
90
85
79
83
85
87
85
88
88
86
93
86
85
97
97
87
95
88
70
79
83
78
91
83
107
94
83
92
98
95
84
97
88
82
80
99
92
78
96
65
98
78
103
90
74
104
112
112
93
80
101
106
93
81
96
89
76
98
94
90
98
106
101
108
103
100
106
105
94
95
97
107
79
106
112
87
108
99
120
104
91
104
119
117
106
113
115
99
121
106
109
100
98
117
106
116
112
97
111
101
101
117
108
102
96
117
114
112
111
128
113
111
110
128
109
100
118
114
96
135
102
116
109
113
121
123
120
117
111
97
110
113
124
106
96
131
134
126
112
102
140
113
149
126
122
122
132
129
126
131
128
121
129
131
116
109
137
107
131
147
142
132
130
140
133
140
131
163
133
146
127
139
106
120
140
143
135
130
153
128
142
155
140
160
132
141
131
121
121
124
142
147
134
137
132
153
152
164
149
146
150
151
135
145
144
160
134
153
119
161
158
165
147
171
165
175
143
171
156
142
132
152
167
176
140
163
146
152
178
153
141
174
172
175
174
153
145
160
163
165
129
156
166
157
160
170
164
159
182
157
174
157
146
175
150
164
179
172
176
179
158
200
172
157
170
192
212
162
164
175
186
180
178
162
144
192
166
178
175
196
180
190
185
178
161
195
195
176
175
187
156
165
170
192
179
192
178
181
189
181
149
197
234
169
204
213
182
161
221
209
198
158
206
207
179
179
177
201
180
197
202
181
187
193
190
204
195
187
195
190
190
207
215
182
176
207
198
208
218
202
193
190
198
191
226
207
196
197
217
193
213
198
199
220
225
194
193
211
209
216
235
227
209
210
222
237
212
205
211
227
221
232
224
221
218
183
231
236
237
180
168
211
195
243
226
212
219
213
249
215
235
203
263
230
222
200
232
252
226
221
238
234
258
243
245
206
229
218
221
250
228
226
218
266
238
229
222
241
253
232
238
226
255
255
250
245
249
261
212
250
256
251
252
237
252
246
254
250
219
241
280
249
265
255
241
257
279
283
245
273
281
284
258
273
262
241
247
257
265
249
259
272
253
250
256
253
292
214
266
282
275
281
266
246
273
236
275
283
252
276
270
263
248
270
291
257
277
282
272
261
256
268
281
288
278
296
320
266
301
271
261
296
285
248
296
272
268
263
268
335
267
290
292
327
299
293
295
291
307
256
287
317
297
298
313
291
313
318
302
320
307
297
326
298
280
302
281
326
332
294
275
297
290
283
332
338
283
267
297
320
308
280
330
300
275
309
252
315
303
285
344
304
281
321
336
306
315
303
336
323
378
298
328
331
329
350
346
312
338
310
328
319
341
345
351
333
338
320
325
336
319
336
305
350
347
346
335
328
315
333
311
354
378
332
340
317
337
325
352
364
374
357
306
374
330
346
332
345
355
323
361
364
343
350
366
392
362
350
363
370
357
347
349
376
368
317
314
332
338
356
371
393
345
328
425
381
358
373
377
397
354
400
364
343
364
392
344
388
382
380
372
369
384
391
363
409
365
330
363
406
356
402
397
393
371
385
408
406
389
337
400
396
360
378
342
403
400
373
413
365
362
355
439
403
397
399
430
390
396
383
391
400
395
436
397
391
391
422
397
430
401
411
405
382
378
400
463
373
390
410
419
426
401
425
409
373
418
402
428
416
402
367
442
414
422
410
422
429
392
396
442
438
406
435
450
441
393
390
413
381
420
447
473
430
411
397
440
432
443
421
420
442
419
387
406
470
450
444
403
409
423
426
455
457
460
443
442
407
421
429
472
419
421
435
428
416
450
422
493
435
438
444
474
447
434
433
460
427
412
453
472
432
438
462
446
433
493
454
498
479
452
490
363
493
452
441
481
478
422
484
457
472
444
462
449
464
471
463
483
460
475
455
466
443
479
460
488
472
440
430
433
481
462
432
418
444
453
477
487
484
472
469
503
457
474
451
455
503
462
468
498
447
435
489
502
457
504
505
467
492
499
466
493
439
497
526
479
467
502
483
504
480
504
440
520
482
514
494
508
506
474
431
441
514
509
500
478
493
537
526
503
519
475
507
510
490
514
505
504
486
540
519
486
495
486
499
492
522
490
496
507
486
506
513
502
523
491
550
517
507
484
517
555
511
526
517
561
499
586
496
399
520
515
501
562
479
528
536
511
524
495
476
506
528
557
466
463
521
516
469
533
533
546
539
476
492
536
521
570
561
568
521
492
556
497
559
530
558
524
557
551
524
521
502
513
554
544
507
561
483
529
549
544
550
501
551
554
507
560
498
560
530
532
546
544
542
534
544
572
551
569
540
562
580
539
576
536
541
535
448
445
515
551
528
521
608
576
576
578
539
547
500
544
569
559
560
527
554
546
515
611
505
542
545
557
535
551
544
579
579
587
539
542
557
549
569
583
600
590
545
593
542
545
594
577
540
533
496
511
588
524
603
577
570
594
566
615
614
540
525
516
565
568
554
566
587
602
574
574
633
559
561
632
573
556
552
598
569
507
591
543
597
610
564
613
588
514
550
603
580
587
539
581
609
579
535
577
600
557
560
592
573
624
575
557
613
562
585
560
605
610
572
569
584
598
615
600
572
598
592
593
603
569
600
593
645
627
564
546
588
633
597
587
563
577
562
566
596
602
599
601
571
604
587
583
564
584
593
596
592
581
629
565
587
610
586
580
591
601
609
589
611
658
622
592
609
624
592
614
578
580
618
605
582
591
562
524
568
636
612
584
626
571
595
636
618
618
616
666
590
612
617
566
601
624
642
676
595
663
600
616
610
629
620
606
600
618
583
596
591
605
632
615
657
593
627
616
597
597
602
611
633
657
565
604
646
615
604
644
650
616
598
583
620
626
610
594
574
596
595
633
600
601
616
631
593
641
565
620
575
620
656
593
570
609
603
569
618
602
636
617
637
610
575
658
595
628
620
628
610
586
583
603
649
612
611
676
635
639
593
646
628
624
608
656
630
638
617
623
591
636
675
618
603
613
632
588
670
647
587
610
613
630
623
481
615
646
603
639
601
603
598
622
626
613
582
603
665
600
579
638
572
587
664
571
658
660
606
626
610
600
598
657
621
638
578
631
618
588
620
628
638
603
605
630
699
653
644
675
618
659
588
641
596
631
636
664
584
629
610
625
606
625
641
652
611
630
593
651
600
570
645
634
636
652
602
621
630
616
594
635
656
607
539
576
611
645
683
607
659
672
648
653
652
653
575
617
627
637
631
659
633
606
601
655
665
609
633
630
609
610
635
622
642
629
592
590
622
563
662
644
589
582
637
631
639
622
588
652
578
596
595
534
632
606
606
613
612
588
617
613
606
613
630
670
594
604
565
597
639
591
620
644
617
586
620
655
607
612
587
651
648
622
599
616
609
601
621
626
616
577
600
662
584
611
613
637
609
602
569
645
657
651
591
654
591
594
586
631
552
636
641
604
638
606
609
632
625
589
619
634
582
599
589
630
626
655
634
635
629
623
569
548
612
602
626
614
575
621
603
629
588
599
614
598
603
611
566
627
613
616
590
630
585
575
573
613
595
629
639
569
644
600
607
610
594
614
596
590
616
592
577
638
622
613
582
616
588
614
645
492
614
551
652
631
615
577
587
643
581
578
611
615
616
621
531
605
614
592
634
642
634
552
581
601
594
612
590
614
596
596
538
616
582
595
626
577
566
574
621
624
615
609
584
584
614
616
547
639
629
565
585
631
602
571
554
612
583
614
569
577
604
604
569
621
589
607
595
624
587
578
570
578
619
580
666
606
594
552
546
544
593
581
615
587
598
556
561
630
563
593
572
558
588
578
586
592
604
592
587
614
566
567
571
546
611
578
566
555
642
548
548
597
603
533
550
593
575
540
551
607
593
570
587
581
581
544
590
454
548
592
600
583
548
524
540
535
567
540
584
556
562
531
547
542
585
572
533
581
556
505
564
564
577
580
554
570
586
553
567
608
569
582
537
589
598
529
529
570
539
586
533
531
601
529
513
530
573
575
527
584
557
559
532
595
534
570
548
521
583
567
584
563
523
533
558
546
540
508
499
560
528
523
561
564
516
503
462
491
562
557
546
538
574
575
564
590
530
535
504
552
521
551
505
530
536
558
571
570
578
508
550
516
548
498
551
548
560
492
531
532
526
547
539
510
561
516
530
495
528
536
530
537
529
535
499
403
526
503
553
578
472
517
537
547
505
489
506
558
465
509
503
525
519
520
523
523
517
503
490
506
499
510
469
510
525
498
504
525
497
495
560
520
468
494
507
534
508
527
506
503
491
497
461
461
468
422
503
519
506
548
514
482
471
446
462
458
476
516
520
491
496
500
520
518
495
447
501
511
501
509
472
457
501
488
452
455
472
533
448
494
503
487
444
515
458
481
474
468
470
520
497
433
462
479
504
494
466
509
493
445
452
465
479
492
458
450
484
487
484
466
513
467
513
479
460
463
469
471
485
451
506
475
482
360
477
468
482
489
444
431
486
486
412
457
431
467
457
458
435
433
423
480
462
478
443
447
439
478
453
461
425
433
492
437
433
463
410
439
418
443
469
425
478
443
432
458
454
417
465
415
371
398
450
428
425
428
435
405
399
471
428
410
444
431
454
435
442
467
425
452
449
455
430
440
407
416
419
411
400
452
402
427
402
349
412
471
423
479
421
417
463
447
443
431
413
430
439
411
391
430
416
403
453
473
434
437
413
419
413
480
390
404
428
421
438
429
424
421
383
424
417
407
414
414
423
377
395
425
448
414
406
316
410
436
408
408
391
359
371
401
380
385
399
421
365
401
363
397
386
367
406
403
413
404
391
389
421
402
388
402
416
378
350
369
390
405
390
392
375
372
361
372
359
365
384
380
373
392
382
385
365
397
396
400
377
377
367
410
371
392
376
382
348
370
373
401
329
344
391
385
395
378
377
374
379
413
348
369
363
383
315
339
373
353
363
389
395
330
338
342
352
374
353
375
327
363
373
365
362
371
357
374
379
394
363
392
351
337
353
367
366
369
350
349
344
338
365
362
348
362
346
339
360
337
322
381
346
361
363
283
325
339
362
376
380
347
305
347
316
331
350
370
345
356
321
368
324
344
346
340
374
341
336
330
324
300
319
328
325
308
355
336
336
330
319
340
329
325
331
363
357
330
337
344
315
304
327
328
314
315
324
285
315
354
319
352
325
313
329
341
312
314
308
307
264
295
310
313
321
306
264
336
316
271
301
286
319
332
276
250
312
288
316
323
320
307
281
309
331
324
306
327
312
337
312
304
305
294
319
311
322
322
329
271
300
299
321
331
304
309
287
290
272
282
298
296
280
295
303
277
265
294
273
276
277
289
269
224
280
305
301
298
302
283
282
282
274
238
304
262
281
277
256
261
259
304
294
298
250
266
270
291
291
272
301
314
274
244
276
289
252
271
289
284
256
276
275
253
273
264
286
269
285
264
256
279
277
275
255
280
265
257
225
286
270
265
250
272
239
255
259
291
253
230
256
265
268
260
247
251
242
254
242
249
262
238
249
255
247
242
238
258
232
242
251
260
258
272
247
255
270
234
245
260
266
250
234
270
236
226
240
237
245
219
238
234
245
222
253
231
249
212
261
242
250
207
272
273
242
234
255
224
241
237
233
165
247
219
215
253
232
219
231
230
230
215
227
227
212
229
208
192
224
233
210
217
222
207
214
216
221
223
219
214
228
227
223
231
220
211
212
221
224
225
215
212
215
212
232
197
187
218
186
186
227
224
213
211
220
219
218
195
229
185
191
200
225
219
187
236
184
201
231
241
181
205
216
200
213
204
215
205
213
191
160
178
212
203
183
185
179
224
220
214
177
165
198
197
188
207
174
209
194
178
219
188
233
194
223
218
181
185
190
188
189
208
187
168
181
180
206
179
189
166
179
203
195
195
186
182
174
179
184
149
187
184
186
181
178
184
173
180
196
168
172
174
186
166
181
176
182
182
167
175
177
161
190
164
148
179
169
169
182
195
166
164
182
160
167
177
157
174
186
179
177
173
148
184
168
171
169
180
168
177
188
174
172
143
166
169
152
173
159
170
159
181
170
166
136
135
156
184
168
149
162
170
168
183
159
152
122
131
143
136
134
160
156
163
173
160
152
182
157
161
163
149
140
147
131
148
154
171
145
165
133
171
140
150
153
131
133
135
175
150
133
128
149
140
144
175
150
146
130
145
139
146
157
152
131
118
143
145
128
137
150
143
130
111
133
159
143
117
140
150
134
131
150
131
131
137
129
152
122
117
151
140
138
156
121
125
143
127
145
163
136
114
138
110
133
134
140
146
128
133
136
129
109
137
135
143
118
126
158
134
117
129
129
128
116
110
139
127
130
159
119
142
117
130
137
121
106
114
119
124
140
109
107
142
122
138
120
122
118
119
144
119
129
109
146
119
117
110
129
115
106
126
109
138
116
124
125
124
112
104
99
129
114
129
94
132
100
121
95
123
101
104
111
119
112
118
106
109
126
119
123
121
115
103
107
96
106
111
92
99
121
117
97
111
125
110
98
131
119
113
110
101
110
107
123
108
112
109
116
101
95
97
89
101
109
93
108
105
95
91
93
107
90
112
92
91
94
73
115
88
94
89
106
107
87
93
70
89
83
97
104
84
102
99
95
118
101
113
86
91
98
93
99
92
86
95
88
83
101
90
98
92
93
80
65
89
81
83
98
87
78
84
98
80
84
84
90
98
74
89
93
89
72
84
86
87
87
93
76
95
87
86
88
82
92
90
71
98
91
97
63
100
105
84
80
82
82
84
90
93
76
85
77
75
89
77
79
81
93
76
89
75
77
64
74
86
73
74
74
69
73
96
87
86
85
68
86
69
81
71
65
90
74
79
81
88
81
94
54
75
66
75
90
75
78
58
72
78
70
63
78
70
65
75
64
65
76
64
71
68
76
67
80
56
56
69
71
56
74
64
70
69
67
65
73
76
82
77
46
78
66
61
50
71
48
68
83
68
67
65
64
80
73
61
62
60
82
55
52
65
69
58
62
68
57
73
81
65
52
56
83
56
78
47
51
58
49
81
55
54
62
60
65
78
62
58
62
55
57
63
43
45
55
57
53
73
61
52
50
69
62
50
64
67
58
50
54
58
47
66
43
49
56
58
49
55
65
45
61
59
49
59
59
71
55
46
46
66
36
41
60
52
48
54
49
44
67
67
56
47
55
46
53
50
54
51
60
48
49
56
45
39
54
40
47
48
39
32
49
58
49
45
49
47
50
39
50
65
53
47
49
39
41
39
40
40
45
38
44
48
45
39
46
46
43
43
41
61
36
50
44
37
46
42
51
48
37
50
43
44
42
48
50
30
42
38
45
47
35
39
35
49
59
33
41
37
28
36
41
31
38
52
37
49
39
34
40
45
39
25
40
42
44
39
43
32
37
31
32
39
35
35
38
37
43
48
31
35
39
47
31
35
38
22
29
41
50
32
37
42
40
35
40
47
39
38
28
32
17
43
32
41
34
38
34
35
42
31
31
38
34
30
44
29
34
26
33
39
39
41
44
36
33
41
35
32
29
32
40
20
28
29
28
37
33
29
24
36
31
36
34
29
29
29
33
34
32
26
42
34
36
35
29
38
37
33
41
24
26
23
36
40
33
32
23
24
33
24
25
33
35
25
28
29
42
30
31
22
26
26
37
32
32
30
18
31
37
32
35
28
35
25
32
27
28
34
35
34
31
24
36
32
21
26
30
27
32
25
26
29
30
24
14
28
37
32
14
43
22
25
27
27
38
25
21
21
16
18
19
35
18
19
28
27
22
27
23
21
37
30
21
27
20
26
11
19
26
19
23
21
29
26
28
22
23
20
22
29
26
19
22
35
24
14
24
19
29
17
32
18
24
16
24
25
20
25
26
19
21
22
25
19
15
26
24
24
21
22
20
14
20
27
22
25
25
10
29
32
22
27
14
23
20
20
19
10
16
19
27
24
17
16
16
20
11
15
18
21
27
23
20
14
18
16
20
12
17
20
16
27
29
20
19
20
18
26
16
19
18
21
19
25
19
17
18
17
21
16
19
16
12
15
17
14
21
21
12
31
20
14
20
21
16
22
23
12
14
13
14
20
9
12
14
17
14
13
9
13
13
9
15
16
15
24
15
14
18
18
12
17
12
16
21
7
12
7
18
19
15
13
12
22
19
15
12
15
15
13
8
19
12
16
15
13
16
14
13
13
17
12
11
10
15
15
12
6
15
20
13
11
13
15
15
12
15
14
18
17
17
8
16
12
13
14
11
7
16
10
12
19
11
14
25
10
24
20
10
15
15
15
13
11
17
7
13
12
11
9
7
9
10
10
5
14
12
4
6
10
12
10
13
10
10
12
8
9
9
10
9
9
11
13
12
18
12
16
18
16
7
14
12
14
12
9
16
8
10
9
8
8
8
16
12
8
11
13
7
9
13
11
5
8
15
13
15
9
7
10
15
7
10
9
10
12
10
11
9
6
11
7
8
12
14
13
15
9
7
10
6
10
14
12
9
3
7
11
11
7
6
7
9
11
5
8
8
15
10
6
8
5
8
10
10
9
7
7
8
12
9
11
5
11
12
8
5
9
4
10
6
7
8
9
7
4
6
7
14
12
8
11
6
12
6
5
8
7
9
2
3
15
9
7
13
4
8
8
7
8
3
10
4
16
8
12
5
8
6
7
5
7
13
6
6
6
3
10
4
5
5
7
6
5
10
6
4
4
5
6
6
5
10
8
6
5
9
5
3
5
12
4
4
8
3
4
8
8
13
8
8
5
7
6
7
7
4
8
5
6
7
4
9
3
7
6
5
9
7
7
7
1
7
9
3
3
7
7
6
8
8
6
4
6
9
7
4
7
5
10
7
9
3
6
8
8
3
9
3
5
7
7
7
4
3
3
4
3
3
7
3
3
4
1
4
11
1
5
8
4
5
6
4
7
5
6
4
3
4
7
2
10
4
6
4
3
5
2
3
4
8
4
3
2
8
4
3
1
5
7
3
4
2
6
3
7
5
3
6
2
1
7
5
6
1
4
7
1
2
1
8
4
5
4
5
1
3
4
3
4
3
11
3
1
8
5
8
3
7
4
5
1
3
5
3
2
1
5
5
2
5
1
5
4
3
4
6
4
4
4
4
3
2
2
4
5
7
4
4
3
3
3
2
5
3
4
5
2
3
5
3
3
2
1
3
3
2
1
4
5
4
3
0
4
0
2
6
2
0
4
3
5
5
4
5
8
2
1
4
2
5
0
1
3
0
2
2
2
3
5
2
3
0
3
1
4
1
4
3
1
2
1
2
5
2
3
2
4
0
4
2
1
1
4
8
9
4
2
4
3
1
4
3
2
5
0
0
0
3
5
0
2
3
1
2
2
6
1
5
3
5
1
5
4
3
2
2
4
2
2
3
1
3
1
4
3
2
2
3
2
2
2
4
3
7
0
1
1
2
3
3
2
1
1
3
2
3
1
2
1
2
4
2
1
3
4
4
1
1
4
3
2
3
3
2
0
0
5
2
2
2
1
1
1
2
2
1
3
1
4
3
2
1
0
2
4
2
0
4
3
5
1
3
1
1
4
2
0
1
2
4
1
0
1
1
2
1
0
1
2
2
2
0
0
1
1
0
1
2
3
3
3
2
0
3
2
2
3
0
0
2
3
2
0
0
1
1
2
1
4
1
0
3
1
0
1
0
1
0
0
2
3
0
1
2
1
3
2
1
2
2
1
2
2
0
2
3
1
2
1
1
1
1
2
1
3
0
0
1
0
3
2
1
1
2
1
0
2
3
0
3
1
0
1
2
1
2
1
2
3
3
0
3
1
0
1
1
1
0
2
0
2
2
1
0
1
2
1
0
0
0
0
4
0
0
0
0
2
1
1
3
0
1
1
3
1
1
1
1
0
2
0
1
1
0
1
2
2
0
2
0
3
2
0
1
0
0
1
1
1
2
0
1
1
0
1
2
1
1
0
1
1
0
1
0
2
0
3
0
0
0
1
0
0
0
2
3
3
1
0
2
0
1
1
0
1
0
1
0
2
2
1
0
1
0
1
0
1
1
1
2
0
0
0
1
0
1
0
0
0
1
2
2
1
1
1
0
2
1
0
1
1
0
1
0
0
2
1
0
0
0
0
0
1
0
0
0
1
1
0
0
0
0
1
1
1
0
0
0
1
1
0
2
3
0
0
1
1
0
0
0
1
1
2
2
1
0
0
1
0
1
0
1
0
0
0
0
0
0
0
1
5
0
1
0
2
1
1
1
0
0
0
0
1
2
0
0
1
0
1
1
0
0
0
0
0
1
1
0
0
0
1
0
1
0
1
1
1
0
0
0
1
0
2
0
0
1
0
0
0
0
1
1
0
0
0
0
0
0
0
0
0
1
0
2
0
0
1
1
0
0
0
0
1
1
1
1
0
0
0
0
0
1
0
0
0
2
0
1
2
2
0
0
0
1
1
1
0
0
0
0
2
0
0
2
1
0
1
0
0
1
1
0
0
0
0
0
0
0
0
0
0
0
0
0
0
1
0
0
0
0
0
1
0
0
0
0
0
1
0
0
0
0
0
0
0
0
0
0
0
0
0
0
1
0
0
0
1
0
0
1
0
0
0
0
1
0
1
0
1
1
0
0
1
0
0
1
0
0
0
0
0
0
0
1
0
1
0
0
1
0
0
0
0
0
0
0
1
0
0
1
1
0
0
0
0
0
0
1
0
0
1
0
0
0
0
0
0
0
0
0
0
1
0
0
0
0
1
0
1
0
0
0
1
0
0
0
0
0
1
0
0
0
0
0
1
2
0
0
1
0
1
0
0
0
0
0
1
0
1
0
0
0
0
1
1
1
0
0
0
0
0
0
0
0
0
0
0
0
0
0
0
0
0
0
0
0
0
0
0
1
0
0
1
0
0
0
1
0
0
1
0
0
0
0
0
0
0
0
2
1
0
0
1
0
0
0
0
0
0
0
0
1
0
0
0
0
0
0
0
0
0
0
0
0
0
0
0
0
1
0
1
0
0
0
0
1
0
0
0
0
0
1
0
0
1
0
0
1
0
0
0
0
0
0
0
0
0
0
0
0
1
0
0
0
1
0
0
0
0
0
0
0
0
0
0
0
1
1
0
0
0
0
0
0
0
0
0
0
0
0
0
0
0
0
0
0
0
1
0
0
1
0
0
0
0
0
0
0
0
0
0
0
0
0
0
0
0
0
0
0
0
0
0
0
0
0
0
0
0
0
0
0
0
0
0
0
0
0
0
0
0
0
0
0
0
1
0
0
0
0
0
0
0
0
0
0
1
0
0
0
0
0
0
0
0
1
0
0
0
0
0
0
0
0
0
0
0
0
0
0
0
0
0
0
0
0
0
0
0
0
0
0
0
0
0
0
0
0
0
0
1
0
0
0
0
0
0
0
0
0
0
0
0
0
0
0
0
0
1
0
0
0
1
0
0
0
0
0
0
0
0
0
0
0
0
0
0
0
0
0
0
0
0
0
0
0
0
1
0
0
0
0
0
0
0
0
0
0
0
1
0
1
0
0
0
0
0
0
0
0
0
0
1
0
0
0
0
0
0
0
0
0
1
0
0
0
0
0
0
0
0
0
0
0
0
0
0
0
0
0
1
0
0
0
0
0
0
0
0
1
0
0
0
0
0
0
0
0
0
0
0
0
0
0
0
0
0
0
0
0
0
0
0
0
0
0
0
0
0
0
0
0
0
0
0
0
0
0
0
0
0
0
0
0
0
0
0
0
0
0
0
0
0
0
0
0
0
0
0
0
0
0
0
0
0
0
0
0
0
0
1
0
0
0
0
0
0
0
0
0
0
0
0
0
0
0
0
0
0
0
0
0
0
0
0
0
0
0
0
0
0
0
0
0
0
0
0
0
0
0
0
0
0
0
0
0
0
0
0
0
0
0
0
0
0
0
0
0
0
0
0
0
0
0
1
0
0
0
0
0
0
0
0
0
0
0
0
0
0
0
0
0
0
0
0
0
0
0
0
0
0
0
1
0
0
1
0
0
0
0
0
0
0
0
0
0
0
0
0
0
0
0
0
0
0
0
0
0
0
0
0
0
0
0
0
0
0
0
0
0
0
0
0
0
0
0
0
0
0
0
0
0
0
0
0
0
0
0
0
0
0
0
0
0
0
0
0
0
0
0
0
0
0
0
0
0
0
0
0
0
0
0
0
0
0
0
0
0
0
0
0
0
0
0
0
0
0
0
0
0
0
0
0
0
0
0
0
0
0
0
0
0
0
0
0
0
0
0
0
0
0
0
0
0
0
0
0
0
0
0
0
0
0
0
0
0
0
0
0
0
0
0
0
0
0
0
0
0
0
0
0
0
0
0
0
0
0
0
0
0
0
0
0
0
0
0
0
0
0
0
0
0
0
0
0
0
0
0
0
1
0
0
0
0
0
0
0
0
0
0
0
0
0
0
0
0
0
0
0
0
0
0
0
0
0
0
0
0
0
0
0
0
0
0
0
0
0
0
0
0
0
0
0
0
0
0
0
0
0
0
0
0
0
0
0
0
0
0
0
0
0
0
0
0
0
0
0
0
0
0
0
0
0
0
0
0
0
0
0
0
0
0
0
0
0
0
0
0
0
0
0
0
0
0
0
0
0
0
0
0
0
0
0
0
0
0
0
0
0
0
0
0
0
0
0
0
0
0
0
0
0
0
0
0
0
0
0
0
0
0
0
0
0
0
0
0
0
0
0
0
0
0
0
0
0
0
0
0
0
0
0
0
0
0
0
0
0
0
0
0
0
0
0
0
0
0
0
0
0
0
0
0
0
0
0
0
0
0
0
0
0
0
0
0
0
0
0
0
0
0
0
0
0
0
0
0
0
0
0
0
0
0
0
0
0
0
0
0
0
0
0
0
0
0
0
0
0
0
0
0
0
0
0
0
0
0
0
0
0
0
0
0
0
0
0
0
0
0
0
0
0
0
0
0
0
0
0
0
0
0
0
0
0
0
0
0
0
0
0
0
0
0
0
0
0
0
0
0
0
0
0
0
0
0
0
0
0
0
0
0
0
0
0
0
0
0
0
0
0
0
0
0
0
0
0
0
0
0
0
0
0
0
0
0
0
0
0
0
0
0
0
0
0
0
0
0
0
0
0
0
0
0
0
0
0
0
0
0
0
0
0
0
0
0
0
0
0
0
0
0
0
0
0
0
0
0
0
0
0
0
0
0
0
0
0
0
0
0
0
0
0
0
0
0
0
0
0
0
0
0
0
0
0
0
0
0
0
0
0
0
0
0
0
0
0
0
0
0
0
0
0
0
0
0
0
0
0
0
0
0
0
0
0
0
0
0
0
0
0
0
0
0
0
0
0
0
0
0
0
0
0
0
0
0
0
0
0
0
0
0
0
0
0
0
0
0
0
0
0
0
0
0
0
0
0
0
0
0
0
0
0
0
0
0
0
0
0
0
0
0
0
0
0
0
0
0
0
0
0
0
0
0
0
0
0
0
0
0
0
0
0
0
0
0
0
0
0
0
0
0
0
0
0
0
0
0
0
0
0
0
0
0
0
0
0
0
0
0
0
0
0
0
0
0
0
0
0
0
0
0
0
0
0
0
0
0
0
0
0
0
0
0
0
0
0
0
0
0
0
0
0
0
0
0
0
0
0
0
0
0
0
0
0
0
0
0
0
0
0
0
0
0
0
0
0
0
0
0
0
0
0
0
0
0
0
0
0
0
0
0
0
0
0
0
0
0
0
0
0
0
0
0
0
0
0
0
0
0
0
0
0
0
0
0
0
0
0
0
0
0
0
0
0
0
0
0
0
0
0
0
0
0
0
0
0
0
0
0
0
0
0
0
0
0
0
0
0
0
0
0
0
0
0
0
0
0
0
0
0
0
0
0
0
0
0
0
0
0
0
0
0
0
0
0
0
0
0
0
0
0
0
0
0
0
0
0
0
0
0
0
0
0
0
0
0
0
0
0
0
0
0
0
0
0
0
0
0
0
0
0
0
0
0
0
0
0
0
0
0
0
0
0
0
0
0
0
0
0
0
0
0
0
0
0
0
0
0
0
0
0
0
0
0
0
0
0
0
0
0
0
0
0
0
0
0
0
0
0
0
0
0
0
0
0
0
0
0
0
0
0
0
0
0
0
0
0
0
0
0
0
0
0
0
0
0
0
0
0
0
0
0
0
0
0
0
0
0
0
0
0
0
0
0
0
0
0
0
0
0
0
0
0
0
0
0
0
0
0
0
0
0
0
0
0
0
0
0
0
0
0
0
0
0
0
0
0
0
0
0
0
0
0
0
0
0
0
0
0
0
0
0
0
0
0
0
0
0
0
0
0
0
0
0
0
0
0
0
0
0
0
0
0
0
0
0
0
0
0
0
0
0
0
0
0
0
0
0
0
0
0
0
0
0
0
0
0
0
0
0
0
0
0
0
0
0
0
0
0
0
0
0
0
0
0
0
0
0
0
0
0
0
0
0
0
0
0
0
0
0
0
0
0
0
0
0
0
0
0
0
0
0
0
0
0
0
0
0
0
0
0
0
0
0
