0
0
0
0
0
0
0
0
0
0
0
0
0
0
0
0
0
0
0
0
0
0
0
0
0
0
0
0
0
0
0
0
0
0
0
0
0
0
0
0
0
0
0
0
0
0
0
0
0
0
0
0
0
0
0
0
0
0
0
0
0
0
0
0
0
0
0
0
0
0
0
0
0
0
0
0
0
0
0
0
0
0
0
0
0
0
0
0
0
0
0
0
1
0
0
0
0
0
0
0
0
0
0
0
0
0
0
0
0
0
0
0
0
0
0
0
0
0
0
0
0
0
0
0
0
0
0
0
0
0
0
0
0
0
0
0
0
0
0
0
0
0
0
0
0
0
0
0
0
0
0
0
0
0
0
0
0
0
0
0
0
0
0
0
0
0
0
0
0
0
0
0
0
0
0
0
0
0
0
0
0
0
1
0
0
0
0
0
0
0
0
0
0
0
0
0
0
0
0
0
0
0
0
1
0
0
0
0
0
1
0
0
0
0
1
0
0
0
0
0
0
0
0
0
0
0
0
0
0
0
0
0
0
0
0
0
0
0
0
0
0
0
0
0
0
0
0
0
0
0
0
0
0
0
1
0
0
0
1
1
1
0
0
0
0
0
0
0
0
0
0
0
0
0
0
0
0
0
0
0
0
1
0
0
0
0
0
0
0
0
0
0
0
0
0
0
0
0
0
0
0
0
0
0
0
1
0
0
0
0
1
0
0
1
0
0
0
0
1
0
1
0
0
1
0
0
0
0
1
0
0
1
0
0
0
0
1
1
2
0
0
0
0
0
0
0
1
0
0
0
0
0
0
1
0
0
0
0
0
0
0
0
0
0
1
0
0
0
0
0
1
0
0
0
0
0
1
0
0
0
0
0
1
0
0
0
1
3
0
0
0
1
1
0
1
0
0
1
1
1
0
0
0
0
0
0
0
0
0
1
0
0
0
1
0
0
1
0
0
0
1
0
1
1
1
0
0
1
0
0
0
0
0
1
0
0
0
4
0
0
0
0
0
0
2
0
2
0
0
0
2
0
0
1
0
1
0
0
0
2
0
1
0
0
2
0
2
0
0
0
1
0
2
3
0
1
0
0
0
1
0
1
0
2
2
1
1
1
0
0
0
0
1
0
1
0
1
3
2
0
0
1
1
2
0
1
1
1
1
2
0
0
0
0
1
2
1
2
1
1
0
1
2
0
0
3
0
1
3
0
1
2
1
0
1
1
1
0
1
0
1
0
1
1
2
2
2
0
1
0
0
1
4
1
0
3
1
1
0
0
2
2
2
1
1
1
2
1
2
2
0
0
1
3
1
2
2
0
1
1
5
0
1
2
1
1
1
4
0
3
2
1
1
1
1
2
1
1
1
1
2
0
3
1
1
1
1
2
1
1
2
0
3
2
2
2
3
1
0
2
0
1
0
4
2
0
0
3
2
2
2
4
2
1
0
2
1
5
2
2
1
0
3
3
2
1
0
1
4
1
3
4
2
0
3
2
4
2
3
2
0
0
0
2
3
1
2
1
2
1
3
0
2
2
2
2
3
4
6
2
2
2
3
3
0
6
4
0
2
1
2
1
2
1
2
2
7
2
6
1
4
7
7
1
2
3
1
1
0
3
1
3
2
5
2
7
3
1
3
1
7
3
3
3
3
2
4
3
3
5
5
4
6
0
4
7
5
5
3
7
4
3
2
4
1
8
8
1
3
2
0
6
2
3
4
6
7
2
3
4
6
2
2
3
4
4
4
1
5
6
4
7
6
4
6
3
2
4
4
3
5
11
7
4
3
6
5
6
2
7
4
6
5
6
7
3
7
7
4
6
6
5
3
5
6
7
5
8
7
2
8
8
6
6
4
9
3
9
7
5
9
5
9
5
7
11
6
6
3
5
5
7
7
3
5
7
6
9
5
4
5
5
6
5
7
6
4
9
6
5
8
3
10
7
6
6
8
8
8
6
5
10
4
6
7
5
12
9
11
8
9
6
13
9
3
3
6
4
6
10
6
8
9
8
6
10
7
6
9
11
12
11
6
12
6
10
10
8
11
4
6
9
11
16
8
8
7
14
10
9
6
6
13
11
13
16
12
7
16
11
8
13
15
10
11
10
8
4
11
6
4
5
10
11
19
10
10
9
12
10
19
10
10
12
10
16
7
8
11
10
15
10
13
15
11
6
8
19
14
20
16
13
11
9
24
9
12
17
14
11
24
13
12
14
16
12
15
13
5
9
13
14
15
14
6
7
14
17
16
12
20
16
8
10
10
7
12
16
17
26
18
11
14
9
15
19
16
13
17
12
16
20
20
15
14
16
13
20
19
24
12
12
18
20
13
16
18
13
12
18
18
24
11
24
11
9
17
20
14
18
16
21
11
19
19
19
20
18
18
22
16
20
20
23
19
18
23
19
16
28
24
24
16
24
20
26
18
18
20
29
20
16
12
21
14
28
25
23
19
29
26
18
24
27
22
23
28
17
25
26
25
27
24
26
25
25
17
18
28
21
28
30
26
25
27
25
15
23
22
21
23
26
25
32
18
20
20
26
18
21
23
27
25
30
17
31
33
19
22
32
39
21
32
28
27
30
29
28
25
16
23
31
30
28
35
24
27
33
23
28
26
27
32
41
35
27
34
32
35
35
24
29
39
34
25
29
28
31
38
33
31
36
27
54
34
33
30
43
30
19
43
37
33
37
25
25
38
31
28
27
44
25
33
42
26
38
34
43
35
27
25
41
27
48
41
42
24
36
26
40
29
41
40
41
34
35
31
41
44
41
45
34
48
48
52
44
35
36
45
35
37
40
41
46
45
35
41
35
45
44
56
40
48
44
47
47
37
36
47
43
59
43
48
51
39
41
50
58
41
42
58
49
55
53
48
63
50
50
38
50
52
54
43
49
49
40
47
46
51
59
53
40
53
56
60
58
56
45
45
61
52
55
45
49
55
58
46
57
44
49
67
44
55
50
49
49
50
45
62
57
66
62
56
56
45
41
72
75
50
55
62
51
71
53
61
54
60
51
55
51
64
65
66
62
55
67
57
71
57
61
56
47
61
58
57
53
65
66
69
75
66
67
71
63
71
69
59
60
69
63
68
76
89
72
55
63
60
61
56
60
68
69
61
78
67
67
80
68
63
67
90
61
69
72
69
67
65
62
75
95
73
77
77
78
76
74
91
65
69
75
83
95
88
69
71
83
74
92
84
84
71
83
91
74
74
74
70
88
81
74
96
68
92
88
86
82
94
77
86
89
81
102
79
95
70
72
89
84
81
84
82
96
76
92
101
75
95
106
110
88
76
74
91
79
100
87
81
94
93
102
93
74
97
96
106
99
92
87
105
91
105
97
96
82
104
102
98
121
101
108
101
110
103
82
100
89
107
96
111
110
118
108
95
114
90
114
116
97
95
106
97
113
112
129
120
113
127
104
123
108
109
118
115
113
95
102
135
93
103
88
97
127
106
100
110
123
120
104
109
104
120
97
137
129
106
113
124
126
121
126
114
130
128
129
135
122
121
108
139
144
123
132
102
116
127
118
99
121
134
131
139
118
123
103
129
124
131
143
131
131
151
113
126
133
120
109
127
94
129
127
147
109
138
137
143
148
132
147
130
128
131
131
133
131
106
135
147
149
145
160
137
135
143
148
127
129
143
144
131
151
135
151
141
124
160
136
151
137
146
133
166
147
154
157
144
153
156
166
126
167
147
167
154
155
156
183
141
154
165
154
163
152
126
149
172
148
150
148
140
186
151
160
171
160
162
182
162
176
159
141
179
154
142
176
170
161
181
170
172
163
176
174
180
151
198
174
183
174
172
159
176
180
192
183
187
186
188
179
200
208
199
131
196
206
204
222
172
203
210
192
176
182
172
167
184
167
213
186
176
217
190
173
194
190
186
182
197
181
190
189
190
211
198
196
188
205
202
176
203
182
208
222
221
197
187
206
193
211
183
191
195
201
187
213
218
211
240
204
187
226
227
210
223
217
199
179
211
197
205
198
196
200
212
221
215
236
234
211
215
234
228
201
233
217
222
242
264
234
226
213
255
206
207
227
236
227
201
210
232
222
257
223
223
245
243
246
224
227
246
244
219
235
226
225
222
240
248
241
272
248
229
243
233
231
259
230
249
264
257
214
222
239
258
270
229
258
253
238
254
238
274
276
253
263
248
267
243
250
257
281
283
261
263
250
273
254
250
266
265
288
280
310
283
264
248
262
253
270
282
271
267
254
247
279
286
263
232
293
261
258
264
279
310
265
257
271
298
287
290
267
274
276
244
304
286
256
289
306
267
286
282
297
274
297
267
263
276
274
259
261
272
304
293
319
281
336
286
302
287
268
284
271
296
317
287
294
302
291
295
342
305
287
303
313
311
299
275
306
324
323
295
278
332
317
291
303
307
317
307
302
301
320
318
300
294
299
311
252
299
310
324
315
318
332
313
320
316
347
331
328
323
313
291
287
323
334
333
322
342
321
321
310
339
325
301
334
317
332
366
328
338
330
334
344
300
336
316
358
324
333
331
346
313
377
317
339
355
344
343
380
360
344
353
343
345
338
358
369
375
375
348
342
351
349
342
360
334
380
385
339
339
314
383
360
341
328
334
320
345
364
350
376
341
323
360
384
387
369
379
381
353
391
365
381
352
402
388
384
359
367
333
349
410
372
356
362
370
368
378
396
374
402
404
382
405
369
369
422
408
386
404
398
402
417
373
322
404
371
391
406
386
390
378
433
415
396
367
430
443
386
387
426
403
375
410
441
421
452
365
419
400
435
444
386
425
396
434
422
417
391
411
439
430
426
442
447
418
418
433
432
440
457
427
413
436
408
431
455
451
440
422
383
401
426
405
432
441
417
450
435
389
430
464
417
467
476
453
448
429
440
442
444
469
424
393
428
457
438
444
458
428
424
429
478
471
402
458
425
426
447
425
466
440
433
447
448
442
488
454
496
472
444
434
474
456
446
419
449
468
428
424
468
456
437
421
450
464
483
443
486
473
465
442
348
473
471
467
454
475
457
426
502
473
478
486
503
485
497
387
482
450
454
513
474
447
497
466
490
479
496
482
460
485
535
488
498
484
476
506
521
464
482
475
474
474
477
483
480
500
445
466
529
498
471
494
504
530
480
505
484
487
511
495
504
490
523
516
514
529
493
499
532
502
496
530
524
546
554
530
512
504
512
485
480
551
546
523
545
524
523
497
523
496
501
484
493
480
495
553
524
533
538
509
519
534
535
570
534
520
499
520
551
554
502
521
537
509
520
528
494
537
526
543
485
539
523
461
492
543
550
508
431
554
542
522
550
549
546
506
555
587
548
513
564
540
518
503
551
548
589
589
581
563
576
504
552
593
574
540
538
573
546
540
546
548
517
576
577
609
572
568
549
570
588
572
551
567
574
506
549
548
543
544
536
592
560
572
586
531
521
549
534
585
522
542
567
577
578
541
615
571
587
573
594
604
610
515
585
563
544
534
471
580
587
593
602
559
546
574
580
572
531
535
538
619
605
547
611
585
616
576
660
607
595
578
591
562
600
594
615
607
601
590
597
605
593
600
583
589
582
573
633
571
583
629
580
590
644
583
512
592
597
605
595
671
565
625
595
611
599
588
643
580
626
541
534
627
582
599
609
603
638
589
587
601
635
620
591
639
584
624
597
632
642
602
612
631
584
617
600
587
556
595
610
637
642
583
597
601
623
604
603
599
612
649
631
604
617
589
690
586
572
594
644
574
603
647
618
638
619
600
618
614
605
593
695
595
604
545
579
618
597
643
677
636
597
609
606
606
605
634
579
613
541
591
661
608
640
622
678
664
582
617
623
587
623
594
649
634
640
585
620
623
657
601
681
663
613
625
625
622
619
575
618
631
619
584
509
611
644
641
642
661
619
630
674
652
703
631
632
578
637
610
636
652
645
668
704
643
645
646
599
642
650
623
649
670
652
625
656
666
613
644
631
636
640
582
663
595
619
630
601
661
622
583
627
652
643
628
615
610
645
654
667
622
597
681
703
641
587
613
661
659
611
637
636
631
607
658
671
634
673
619
678
622
629
612
556
695
620
639
640
639
643
618
660
655
655
649
651
607
666
658
679
644
642
649
680
628
626
609
626
662
654
618
669
646
640
647
613
669
669
659
682
642
657
646
660
686
643
667
633
676
632
600
544
662
669
630
647
637
661
686
628
649
669
617
683
653
624
652
625
646
624
645
639
646
650
640
690
649
613
683
687
642
619
640
650
685
638
616
613
614
631
643
664
701
619
616
643
692
641
578
649
646
691
680
618
661
676
643
639
658
648
675
640
637
682
652
662
672
634
626
704
648
668
679
674
636
644
639
674
677
659
531
593
662
588
626
642
637
675
642
651
651
659
657
631
642
626
627
666
652
683
635
635
646
632
646
613
661
669
664
674
684
666
643
627
662
661
660
634
659
616
632
640
652
667
598
661
654
633
622
557
682
603
630
625
657
646
641
626
677
647
614
683
603
665
589
648
656
663
642
676
630
630
634
613
670
579
641
634
651
628
650
614
657
646
614
672
660
654
611
594
647
660
650
645
637
674
616
666
656
661
642
681
622
593
635
645
659
594
680
649
648
628
606
657
630
648
603
639
689
650
610
644
650
672
624
582
607
640
540
568
619
593
665
632
656
594
616
572
613
617
572
620
626
606
630
649
650
638
623
601
632
643
566
604
599
640
640
633
620
639
646
630
623
626
635
617
618
595
574
633
657
633
633
626
660
621
644
476
627
590
579
639
629
637
593
631
618
601
607
637
652
607
659
628
642
648
613
637
642
589
615
610
584
620
574
616
622
640
574
680
599
624
647
619
595
585
588
616
607
602
643
572
615
560
534
637
560
567
636
620
618
593
588
607
587
619
601
583
604
650
570
638
581
604
613
589
635
591
579
617
609
594
583
582
635
632
557
494
596
578
581
632
617
586
585
567
643
634
590
647
582
587
586
586
603
619
577
607
535
574
585
613
554
602
552
602
575
556
568
603
589
553
532
598
584
588
566
579
610
612
550
581
621
604
584
511
547
567
606
578
574
598
572
585
559
546
542
602
580
603
559
549
569
581
579
637
594
598
577
564
546
595
545
590
535
520
531
603
606
543
543
612
582
569
572
587
564
583
546
587
576
554
474
547
585
557
544
569
594
573
598
550
565
551
568
564
526
573
533
518
535
550
575
599
558
532
526
571
574
552
538
606
566
590
484
467
549
541
574
565
563
569
532
555
531
519
532
573
551
530
543
554
509
543
583
557
555
567
523
538
521
499
501
567
536
583
551
535
556
513
498
555
562
535
512
534
511
505
532
546
515
562
527
413
529
514
541
538
585
488
501
472
512
528
509
543
520
506
486
472
518
489
538
548
502
510
518
532
512
515
491
509
502
517
509
504
492
496
497
494
535
529
531
539
513
479
502
478
533
519
476
527
513
517
494
504
476
476
467
482
516
533
483
496
493
510
456
519
486
479
501
519
493
490
471
467
472
517
448
526
464
451
384
423
518
463
493
519
483
511
494
480
483
541
503
521
482
484
504
502
473
469
486
460
495
448
454
453
499
460
454
462
492
443
470
406
496
482
468
456
489
472
488
488
506
446
430
494
442
455
434
392
480
426
475
491
451
454
434
483
495
473
462
464
462
463
436
450
466
490
458
453
452
467
450
455
486
433
439
460
465
451
442
418
449
436
471
419
446
443
464
426
426
438
435
430
456
433
397
425
445
433
457
454
441
446
442
392
462
416
461
426
460
411
443
442
435
407
406
504
461
438
429
433
421
414
400
434
426
413
417
372
407
404
411
484
426
453
415
411
426
410
396
435
422
398
408
421
429
399
390
429
404
426
407
428
396
423
388
387
421
421
409
388
397
398
406
429
418
395
432
417
407
407
435
399
383
445
395
336
404
376
434
432
424
417
394
400
418
366
395
396
374
380
398
374
382
346
380
400
394
379
409
372
382
363
386
351
390
374
370
376
431
375
396
383
400
381
376
389
424
385
358
375
374
365
349
388
384
359
357
381
362
384
351
405
394
333
311
373
326
359
332
378
369
346
360
373
354
360
359
358
341
359
338
380
335
339
321
311
378
332
360
393
355
366
377
372
333
357
339
339
336
364
311
366
340
336
302
343
359
369
353
353
331
338
371
321
368
331
293
365
329
339
364
358
349
340
332
365
333
359
344
322
310
322
355
292
324
357
328
355
361
342
334
332
330
325
326
323
310
310
305
309
354
338
311
330
291
345
296
358
341
340
298
332
320
307
318
310
302
313
316
321
330
315
262
330
298
327
330
345
333
312
271
273
311
291
346
345
317
315
328
317
308
273
286
297
306
304
301
350
279
322
288
291
309
297
303
291
288
307
292
285
264
286
272
274
311
288
267
295
285
299
295
287
310
270
287
282
291
253
281
301
301
291
318
295
290
298
281
290
299
288
266
280
271
291
273
291
302
260
239
285
283
306
256
260
299
271
254
303
307
252
254
214
268
286
252
254
280
278
229
256
276
271
242
301
281
224
256
253
263
294
268
262
300
254
270
268
283
255
283
266
249
251
296
256
241
260
250
262
225
276
239
252
271
255
256
245
227
270
229
226
242
240
276
219
276
246
242
230
202
272
259
227
258
244
234
227
246
239
217
243
203
221
231
238
231
200
231
256
244
231
204
188
244
244
235
237
231
223
241
233
247
225
245
224
244
204
246
237
226
229
216
232
215
228
217
242
218
189
237
211
202
222
201
218
228
211
210
230
251
205
231
251
223
202
212
236
224
217
205
181
204
205
199
217
227
204
204
218
234
222
226
231
224
189
209
213
212
196
208
231
194
195
194
218
199
218
217
193
195
210
210
210
193
187
199
226
206
212
189
183
196
216
179
190
196
205
177
178
193
181
221
204
202
159
178
194
199
178
178
202
192
203
186
192
221
200
201
190
175
202
163
196
175
172
176
168
198
170
187
141
159
198
191
173
169
181
180
181
174
181
173
181
196
181
173
190
195
158
186
186
178
204
190
170
172
176
169
177
159
156
147
169
196
161
173
155
175
151
175
151
153
170
166
173
147
178
165
140
180
145
166
180
153
164
170
182
147
151
172
158
186
145
148
151
146
166
151
183
177
181
170
170
150
160
153
157
150
162
174
144
144
147
154
180
176
150
143
145
166
176
138
157
158
139
125
149
149
138
145
160
145
154
124
146
160
141
137
154
165
153
133
161
143
151
144
133
135
154
146
165
159
135
123
140
143
144
122
139
131
135
156
150
144
133
126
142
140
144
128
119
129
136
108
126
131
152
123
124
132
145
125
136
127
152
133
149
126
122
115
143
134
124
132
123
117
135
132
130
136
131
120
140
128
120
125
111
109
132
121
122
133
132
134
138
127
142
122
123
120
139
123
111
147
107
134
124
112
125
121
107
116
115
120
108
114
123
109
102
129
108
107
133
119
120
108
122
107
111
136
127
129
124
120
115
112
109
109
108
129
93
104
117
124
136
114
104
141
102
121
123
108
107
90
132
111
94
100
99
123
108
103
111
108
106
107
106
102
90
104
108
98
115
100
97
124
109
111
103
106
102
104
96
116
83
110
100
104
80
86
104
95
102
102
94
85
92
99
92
90
94
86
93
89
99
82
84
92
75
115
91
81
96
93
88
77
85
92
89
101
99
91
104
101
78
78
112
71
94
91
87
84
77
71
94
87
77
88
104
98
83
79
97
84
89
94
81
87
94
95
86
86
97
93
98
80
76
79
98
67
75
80
88
82
83
84
93
80
81
89
75
62
86
86
78
87
78
74
78
86
75
68
86
74
75
91
84
86
70
68
85
86
72
60
60
76
75
78
97
90
56
71
84
102
67
61
74
78
70
79
74
73
64
84
64
70
74
62
64
70
70
77
70
70
74
70
87
61
75
79
77
80
66
72
73
73
64
65
75
64
72
57
60
75
58
78
57
76
76
60
61
72
58
76
68
56
53
70
66
61
54
64
60
75
79
54
80
66
63
67
67
62
65
58
78
71
72
62
62
67
63
60
57
74
72
54
56
66
63
55
61
65
62
67
56
74
72
63
51
65
55
59
56
64
45
68
63
55
54
49
57
70
52
54
50
60
57
53
70
56
62
51
48
43
50
56
57
61
50
69
51
57
59
65
63
47
44
62
53
65
60
56
54
50
49
59
48
48
45
46
62
54
63
59
51
54
40
43
52
41
57
33
56
49
54
52
48
51
39
55
36
39
41
62
45
45
32
39
44
41
31
52
49
42
42
45
50
53
42
53
45
36
52
39
38
39
40
43
42
56
40
34
45
43
41
41
47
45
40
42
47
44
51
45
49
42
47
26
47
45
45
35
48
32
43
45
40
43
46
51
45
48
31
45
41
37
35
42
48
41
33
38
39
38
45
45
34
36
28
31
45
37
48
40
41
44
36
40
33
33
42
45
33
42
40
39
30
29
44
37
37
32
40
37
33
45
34
38
33
33
47
38
43
29
32
38
30
31
30
39
34
32
36
31
40
38
31
28
35
23
36
28
33
29
32
34
30
24
29
35
33
32
32
29
27
28
25
33
27
43
38
27
28
31
24
24
36
39
29
28
40
28
27
29
33
35
24
28
25
25
23
36
25
26
20
23
28
29
23
37
33
29
29
31
28
36
29
24
19
26
28
26
24
21
27
25
24
30
35
22
35
19
28
30
30
23
24
16
30
29
28
35
22
24
29
23
27
27
23
26
31
30
19
30
25
15
27
30
28
28
24
21
26
26
21
30
31
27
26
32
34
24
24
17
18
25
21
16
22
19
19
33
22
27
25
22
17
19
12
21
27
31
20
16
22
19
21
19
28
29
23
15
14
32
22
17
23
23
24
11
21
20
16
20
24
15
19
26
23
19
33
19
20
21
23
21
21
19
21
15
13
15
18
15
23
21
21
17
17
21
19
22
18
16
15
26
22
19
15
17
11
16
23
21
26
15
17
13
22
20
11
20
15
19
18
9
8
16
26
20
19
21
17
13
23
14
18
15
19
16
20
16
17
19
29
22
12
19
10
21
12
18
14
19
16
16
14
14
25
16
17
11
21
17
10
16
12
13
23
18
10
9
12
15
15
17
15
12
9
12
21
15
17
16
21
16
18
10
17
18
15
17
11
15
10
14
13
11
16
14
18
12
14
14
11
8
12
16
14
14
12
15
18
20
19
15
11
12
11
10
17
15
20
17
11
8
18
16
11
12
9
12
17
10
10
7
4
10
12
11
12
15
17
12
5
13
12
10
9
6
17
12
12
7
12
12
13
14
13
19
13
12
13
13
12
8
9
12
10
8
18
10
8
12
10
8
15
8
15
7
12
9
12
5
10
6
15
9
14
9
7
10
10
5
12
8
8
15
13
10
7
14
2
17
9
8
11
12
14
7
10
7
12
10
12
6
11
9
13
9
11
11
10
15
7
15
11
9
13
6
8
7
6
7
8
6
12
9
10
8
10
9
6
12
8
8
5
7
8
7
9
10
9
6
9
15
10
9
8
9
6
3
7
5
13
16
15
11
8
6
5
6
10
6
4
8
6
6
6
12
8
5
13
3
5
7
5
10
8
8
4
4
9
6
6
11
6
7
8
6
9
8
6
6
6
12
6
3
9
7
6
3
9
8
4
10
5
8
5
5
6
4
4
8
12
6
12
8
2
4
8
4
9
5
7
7
7
11
11
4
4
6
7
3
7
9
8
3
5
6
3
5
3
12
2
4
2
6
5
6
6
6
6
10
6
7
3
12
5
6
6
9
6
6
5
6
5
8
3
6
11
7
2
6
1
7
5
5
4
4
6
5
9
3
4
8
3
4
6
6
3
4
4
11
5
6
3
3
6
5
4
5
5
2
2
5
5
5
5
7
4
8
4
4
4
8
4
5
3
2
3
5
6
6
2
3
4
4
4
3
3
3
2
7
4
5
7
5
6
6
4
5
5
7
4
3
1
5
4
6
7
8
2
8
8
4
8
2
0
3
4
4
4
3
4
2
5
6
3
5
3
4
5
6
1
4
3
5
3
6
3
4
3
3
4
3
3
2
5
1
2
5
3
4
4
3
2
5
4
2
4
1
5
8
2
2
2
3
1
0
4
8
3
5
4
4
1
3
4
4
5
1
5
2
2
3
5
1
1
2
4
2
4
3
1
1
2
2
4
2
5
4
3
2
5
4
2
2
2
3
5
1
1
3
3
2
4
5
2
1
4
3
4
3
3
2
5
2
5
3
2
1
1
0
3
2
2
1
2
2
0
2
0
6
1
1
6
3
1
1
4
1
1
4
4
1
1
2
4
3
3
3
3
1
1
1
3
0
1
4
5
4
3
1
3
3
2
0
1
0
3
4
2
1
2
1
4
2
2
3
1
1
3
2
3
2
3
1
3
0
2
2
1
1
3
1
1
2
1
0
3
3
6
2
2
2
0
2
1
3
1
3
0
1
1
1
3
2
3
2
1
1
1
1
2
3
3
1
2
1
3
0
1
0
5
3
1
2
3
3
0
1
1
1
1
0
0
2
1
1
0
1
0
2
2
4
1
4
1
1
1
3
0
6
1
1
2
3
1
1
2
3
0
0
1
2
2
2
1
2
1
1
3
1
0
1
3
2
2
2
0
0
0
1
0
2
1
1
1
1
2
0
0
0
3
0
1
2
0
0
1
1
1
2
2
1
2
1
0
1
3
2
0
4
0
0
0
2
1
3
0
1
1
2
0
1
0
1
0
2
1
2
2
4
2
4
2
0
1
0
1
0
1
1
0
0
2
1
1
1
1
1
2
1
0
3
2
1
1
0
0
3
0
1
0
0
1
2
2
1
2
0
0
4
0
1
0
0
0
0
1
1
1
0
1
0
3
1
1
0
0
2
4
1
0
0
3
0
0
0
0
0
1
0
2
3
1
1
1
1
2
1
2
0
0
2
2
0
0
0
0
1
2
0
1
1
0
0
1
1
0
0
0
3
0
0
0
0
1
0
0
2
1
1
0
0
1
1
1
1
0
0
0
1
1
0
1
0
2
1
0
0
0
1
0
0
1
1
0
1
0
1
1
0
0
1
2
0
0
3
1
0
1
1
1
0
0
0
0
0
0
0
2
1
1
0
0
1
1
1
0
1
0
1
1
0
1
0
0
1
0
1
0
0
0
0
0
0
0
0
0
0
0
0
0
0
1
0
0
0
0
1
1
0
0
1
1
2
1
1
0
0
2
0
0
0
2
1
0
2
0
3
0
1
1
2
0
0
1
1
2
1
1
1
0
1
0
1
0
0
1
0
1
1
0
1
0
0
0
0
1
0
0
0
0
0
0
0
1
0
0
0
0
1
1
1
1
0
0
1
0
0
0
0
0
1
0
0
0
0
1
0
1
0
0
0
1
0
1
1
1
0
2
0
0
0
0
1
0
0
1
1
1
1
1
0
1
2
1
1
1
0
0
0
0
0
0
1
1
1
1
0
1
0
0
0
0
0
1
0
1
0
1
0
0
0
2
0
0
0
0
0
0
0
0
0
0
0
0
2
0
1
0
0
0
0
0
0
1
2
0
0
0
0
0
0
1
0
0
0
1
0
0
0
0
0
0
0
0
1
1
0
1
0
0
0
1
0
1
0
1
1
0
0
0
0
0
0
0
1
0
0
0
0
0
0
0
0
0
0
0
0
0
0
0
1
0
0
0
0
0
0
0
0
1
0
0
0
0
0
0
0
0
1
0
0
0
0
0
0
2
0
0
2
0
0
1
0
0
0
0
0
0
0
0
0
1
0
0
0
1
0
0
2
0
0
0
0
0
0
0
0
0
0
0
0
0
0
0
0
0
0
0
0
0
0
0
0
0
0
0
0
0
0
0
0
0
0
0
0
0
0
0
1
0
1
1
0
0
0
0
0
0
1
0
1
1
0
0
0
0
1
1
0
0
0
0
0
0
0
0
0
0
0
0
0
0
0
0
0
0
0
0
0
0
0
0
0
0
0
0
0
0
0
0
0
0
0
0
0
0
0
0
0
0
0
1
0
0
0
0
0
0
0
0
0
0
0
0
0
0
0
0
0
0
0
0
0
0
0
0
0
0
0
0
0
0
0
0
0
0
0
0
0
0
0
0
0
0
1
1
0
0
0
0
0
1
0
0
0
0
0
0
0
0
0
0
0
1
0
0
0
0
0
0
0
0
0
0
0
0
0
0
0
0
0
0
0
0
1
0
0
0
0
0
0
0
1
0
0
0
0
0
0
0
1
0
0
0
0
0
0
0
0
0
0
0
0
0
0
0
0
0
0
0
0
0
0
0
0
0
0
0
0
0
0
0
0
0
0
0
0
0
0
0
0
1
0
0
0
0
0
0
0
0
0
1
0
0
0
0
0
0
0
1
0
0
0
0
0
0
0
0
0
0
0
0
0
0
0
0
0
0
0
0
0
0
0
0
0
0
0
0
0
0
0
0
0
0
0
0
0
0
0
0
0
0
0
0
0
0
0
0
0
0
0
0
0
0
0
0
0
0
0
0
0
0
0
0
0
0
0
0
0
0
0
0
0
0
0
0
0
0
0
0
1
0
0
0
0
0
0
0
0
0
0
0
0
0
0
0
0
0
0
0
0
0
0
0
1
0
0
0
0
0
0
0
0
0
0
0
0
0
0
1
0
0
0
0
0
0
0
0
0
0
0
0
0
0
0
0
0
0
0
0
0
0
0
0
0
0
0
0
0
0
0
1
0
0
0
0
0
0
0
0
0
0
0
0
0
0
0
0
0
0
0
0
0
0
0
0
0
0
0
0
0
0
0
0
0
0
0
0
0
0
1
0
0
0
0
0
0
0
0
0
0
0
0
0
0
0
0
0
0
1
0
0
0
0
0
0
0
0
0
0
0
0
0
0
0
0
0
0
0
0
0
0
0
0
0
0
0
0
0
0
0
0
0
0
0
0
0
0
0
0
0
0
0
0
0
0
0
0
0
0
0
0
0
0
0
0
0
0
0
0
0
0
0
0
0
0
0
0
0
0
0
0
0
0
0
0
0
0
0
0
0
0
0
0
0
0
0
0
0
0
0
0
0
0
0
0
0
0
0
0
0
0
0
0
0
0
0
0
0
0
0
0
0
0
0
0
0
0
0
0
0
0
0
0
0
0
0
0
0
0
0
0
0
0
0
0
0
0
0
0
0
0
0
0
0
0
0
0
0
0
0
0
0
0
0
0
0
0
0
0
0
0
0
0
0
0
0
0
0
0
0
0
0
0
0
0
0
0
0
0
0
0
0
0
0
0
0
0
0
0
0
0
0
0
0
0
0
0
0
0
0
0
0
0
0
0
0
0
0
0
0
0
0
0
0
0
0
0
0
0
0
0
0
0
0
0
0
1
0
0
0
0
0
0
0
0
0
0
0
0
0
0
0
0
0
0
0
0
0
0
0
0
0
0
0
0
0
0
0
0
0
0
0
0
0
0
0
0
0
0
0
0
0
0
0
0
0
0
0
0
0
0
0
0
0
0
0
0
0
0
0
0
0
0
0
0
0
0
0
0
0
0
0
0
0
0
0
0
0
0
0
0
0
0
0
1
0
0
0
0
0
0
0
0
1
0
0
0
0
0
0
0
0
0
0
0
0
0
0
0
0
0
0
0
0
0
0
0
0
0
0
0
0
0
0
0
0
0
0
0
0
0
0
0
0
0
0
0
0
0
0
0
0
0
0
0
0
0
0
0
0
0
0
0
0
0
0
0
0
0
0
0
0
0
0
0
0
0
0
0
0
0
0
0
0
0
0
0
0
0
0
0
0
0
0
0
0
0
0
0
0
0
0
0
0
0
0
0
0
0
0
0
0
0
0
0
0
0
0
0
0
0
0
0
0
0
0
0
0
0
0
0
0
0
0
0
0
0
0
0
0
0
0
0
0
0
0
0
0
0
0
0
0
0
0
0
0
0
0
0
0
0
0
0
0
0
0
0
0
0
0
0
0
0
0
0
0
0
0
0
0
0
0
0
0
0
0
0
0
0
0
0
0
0
0
0
0
0
0
0
0
0
0
0
0
0
0
0
0
0
0
0
0
0
0
0
0
0
0
0
0
0
0
0
0
0
0
0
0
0
0
0
0
0
0
0
0
0
0
0
0
0
0
0
0
0
0
0
0
0
0
0
0
0
0
0
0
0
0
0
0
0
0
0
0
0
0
0
0
0
0
0
0
0
0
0
0
0
0
0
0
0
0
0
0
0
0
0
0
0
0
0
0
0
0
0
0
0
0
0
0
0
0
0
0
0
0
0
0
0
0
0
0
0
0
0
0
0
0
0
0
0
0
0
0
0
0
0
0
0
0
0
0
0
0
0
0
0
0
0
0
0
0
0
0
0
0
0
0
0
0
0
0
0
0
0
0
0
0
0
0
0
0
0
0
0
0
0
0
0
0
0
0
0
0
0
0
0
0
0
0
0
0
0
0
0
0
0
0
0
0
0
0
0
0
0
0
0
0
0
0
0
0
0
0
0
0
0
0
0
0
0
0
0
0
0
0
0
0
0
0
0
0
0
0
0
0
0
0
0
0
0
0
0
0
0
0
0
0
0
0
0
0
0
0
0
0
0
0
0
0
0
0
0
0
0
0
0
0
0
0
0
0
0
0
0
0
0
0
0
0
0
0
0
0
0
0
0
0
0
0
0
0
0
0
0
0
0
0
0
0
0
0
0
0
0
0
0
0
0
0
0
0
0
0
0
0
0
0
0
0
0
0
0
0
0
0
0
0
0
0
0
0
0
0
0
0
0
0
0
0
0
0
0
0
0
0
0
0
0
0
0
0
0
0
0
0
0
0
0
0
0
0
0
0
0
0
0
0
0
0
0
0
0
0
0
0
0
0
0
0
0
0
0
0
0
0
0
0
0
0
0
0
0
0
0
0
0
0
0
0
0
0
0
0
0
0
0
0
0
0
0
0
0
0
0
0
0
0
0
0
0
0
0
0
0
0
0
0
0
0
0
0
0
0
0
0
0
0
0
0
0
0
0
0
0
0
0
0
0
0
0
0
0
0
0
0
0
0
0
0
0
0
0
0
0
0
0
0
0
0
0
0
0
0
0
0
0
0
0
0
0
0
0
0
0
0
0
0
0
0
0
0
0
0
0
0
0
0
0
0
0
0
0
0
0
0
0
0
0
0
0
0
0
0
0
0
0
0
0
0
0
0
0
0
0
0
0
0
0
0
0
0
0
0
0
0
0
0
0
0
0
0
0
0
0
0
0
0
0
0
0
0
0
0
0
0
0
0
0
0
0
0
0
0
0
0
0
0
0
0
0
0
0
0
0
0
0
0
0
0
0
0
0
0
0
0
0
0
0
0
0
0
0
0
0
0
0
0
0
0
0
0
0
0
0
0
0
0
0
0
0
0
0
0
0
0
0
0
0
0
0
0
0
0
0
0
0
0
0
0
0
0
0
0
0
0
0
0
0
0
0
0
0
0
0
0
0
0
0
0
0
0
0
0
0
0
0
0
0
0
0
0
0
0
0
0
0
0
0
0
0
0
0
0
0
0
0
0
0
0
0
0
0
0
0
0
0
0
0
0
0
0
0
0
0
0
0
0
0
0
0
0
0
0
0
0
0
0
0
0
0
0
0
0
0
0
0
0
0
0
0
0
0
0
0
0
0
0
0
0
0
0
0
0
0
0
0
0
0
0
0
0
0
0
0
0
0
0
0
0
0
0
0
0
0
0
0
0
0
0
0
0
0
0
0
0
0
0
0
0
0
0
0
0
0
0
0
0
0
0
0
0
0
0
0
0
0
0
0
0
0
0
0
0
0
0
0
0
0
0
0
0
0
0
0
0
0
0
0
0
0
0
0
0
0
0
0
0
0
0
0
0
0
0
0
0
0
0
0
0
0
0
0
0
0
0
0
0
0
0
0
0
0
0
0
0
0
0
0
0
0
0
0
0
0
0
0
0
0
0
0
0
0
0
0
0
0
0
0
0
0
0
0
0
0
0
0
0
0
0
0
0
0
0
0
0
0
0
0
0
0
0
0
0
0
0
0
0
0
0
0
0
0
0
0
0
0
0
0
0
0
0
0
0
0
0
0
0
0
0
0
0
0
0
0
0
0
0
0
0
0
0
0
0
0
0
0
0
0
0
0
0
0
0
0
0
0
0
0
0
0
0
0
0
0
0
0
0
0
0
0
0
0
0
0
0
0
0
0
0
0
0
0
0
0
0
0
0
0
0
0
0
0
0
0
0
0
0
0
0
0
0
0
0
0
0
0
0
0
0
0
0
0
0
0
0
0
0
0
0
0
0
0
0
0
0
0
0
0
0
0
0
0
0
0
0
0
0
0
0
0
0
0
0
0
0
0
0
0
0
0
0
0
0
0
0
0
0
0
0
0
0
0
0
0
0
0
0
0
0
0
0
0
0
0
0
0
0
0
0
0
0
0
0
0
0
0
0
0
0
0
0
0
0
0
0
0
0
0
0
0
0
0
0
0
0
0
0
0
0
0
0
0
0
0
0
0
0
0
0
0
0
0
0
0
0
0
0
0
0
0
0
0
0
0
0
0
0
0
