0
0
0
0
0
0
0
0
0
0
0
0
0
0
0
0
0
0
0
0
0
0
0
0
0
0
0
0
0
0
0
0
0
0
0
0
0
0
0
0
0
0
0
0
0
0
0
0
0
0
0
0
0
0
0
0
0
0
0
0
0
0
0
0
0
0
0
0
0
0
0
0
0
0
0
0
0
0
0
0
0
0
0
0
0
0
0
0
0
0
0
0
0
0
0
0
0
0
0
0
0
0
0
0
0
0
0
0
0
0
0
0
0
0
0
0
0
0
0
0
0
0
0
0
0
0
0
0
0
0
0
0
0
0
0
0
0
0
0
0
0
0
0
0
0
0
0
0
0
0
0
0
0
0
0
0
0
0
0
0
0
1
0
0
0
0
0
0
0
0
0
0
0
0
0
0
0
0
0
0
0
0
0
0
0
0
0
0
0
0
0
0
0
0
0
0
0
0
0
0
0
0
0
0
0
0
0
0
0
0
0
0
0
0
0
0
0
0
0
0
0
0
0
0
0
0
0
0
0
0
0
0
0
0
0
0
0
0
0
0
0
0
0
0
0
0
0
0
0
0
0
0
0
0
0
0
0
0
0
0
0
0
1
1
0
0
0
0
0
0
0
0
1
0
0
0
0
0
0
0
0
0
0
0
0
0
0
0
0
1
0
0
0
0
0
0
0
0
0
0
1
0
0
0
0
1
0
0
0
0
0
0
0
1
0
0
0
0
0
0
0
1
0
0
0
0
0
0
0
0
1
1
0
0
0
0
0
0
0
1
0
0
0
0
1
0
1
0
0
0
0
0
0
0
0
0
1
0
0
1
0
0
0
0
0
0
0
0
0
0
0
0
0
0
0
0
0
0
0
0
0
0
0
1
0
0
1
1
0
0
0
0
0
0
0
0
0
0
0
0
0
0
0
1
0
0
1
1
0
0
0
0
0
1
0
0
2
0
0
0
1
0
0
0
0
0
3
0
0
2
1
1
0
0
1
0
0
1
1
0
1
0
2
0
0
0
0
0
0
0
1
2
0
0
0
0
1
0
0
0
0
1
3
0
0
0
1
0
1
1
0
0
0
0
0
1
0
0
0
0
1
0
0
3
1
0
1
1
1
1
0
1
2
1
2
3
0
1
2
0
0
0
2
0
0
2
1
0
1
2
3
2
1
0
2
2
1
2
0
0
0
1
1
1
2
0
2
0
0
0
1
2
1
1
0
2
1
1
2
2
0
0
0
2
2
1
1
1
2
0
2
0
1
2
1
3
0
2
2
1
1
3
1
2
0
1
4
1
3
3
3
0
3
1
0
4
1
0
3
2
0
4
1
1
1
0
2
4
1
2
2
1
1
4
0
3
1
3
0
2
4
1
0
2
2
3
1
1
3
1
6
0
1
3
3
3
1
0
3
1
3
1
4
5
1
3
0
3
4
3
2
1
1
1
3
1
1
1
5
4
4
1
4
3
4
0
3
6
2
1
4
1
1
4
1
3
3
7
3
6
2
0
1
0
3
4
3
3
5
4
4
4
3
5
4
0
4
2
3
3
1
1
2
3
1
2
4
4
3
5
2
2
5
4
5
2
1
3
4
3
1
2
7
2
5
1
4
5
6
2
3
2
6
4
4
9
3
2
6
3
4
0
8
2
6
3
7
3
5
6
7
2
5
4
3
8
4
8
6
4
5
4
3
6
6
7
4
4
7
5
8
4
7
6
7
4
3
5
4
4
9
3
6
8
6
4
4
4
3
8
6
5
7
4
8
3
7
5
8
7
8
4
10
6
8
5
3
9
9
2
12
6
12
4
8
9
10
7
8
8
7
9
7
8
12
8
16
5
10
9
3
13
7
12
10
8
11
10
8
11
8
7
7
14
7
5
3
9
6
6
13
12
8
14
11
13
15
12
10
19
13
3
8
13
7
11
11
9
15
5
13
11
10
13
9
8
8
10
11
7
10
17
12
13
22
14
14
14
17
17
15
15
10
9
8
6
13
14
13
12
15
21
15
6
19
12
18
9
11
10
11
19
9
12
9
16
12
24
11
16
18
17
16
14
13
17
15
16
17
21
14
20
18
19
14
13
14
18
15
18
15
22
12
14
23
14
20
13
14
17
17
19
12
24
26
20
17
22
14
27
17
12
13
22
17
16
24
14
21
14
22
15
25
21
17
18
19
39
15
14
14
21
17
10
19
22
24
25
14
22
15
27
16
21
17
19
26
25
18
29
21
22
30
28
24
23
15
23
24
22
23
29
18
24
24
29
23
19
22
32
23
25
26
34
22
22
27
28
25
19
31
30
24
24
26
25
29
36
30
32
26
33
24
26
41
28
30
26
26
43
20
30
39
30
31
25
29
28
39
27
31
37
34
27
37
34
30
32
35
30
39
36
32
27
41
31
46
42
41
39
32
24
46
30
28
42
33
29
43
39
34
28
35
49
40
43
45
39
35
37
35
36
37
40
47
43
34
46
42
49
56
38
34
46
38
52
28
47
47
38
43
52
38
43
62
56
38
50
51
43
41
34
50
58
48
54
46
36
45
53
47
56
48
53
55
44
50
43
64
47
35
35
52
38
47
66
48
50
54
48
58
59
41
45
58
43
51
57
49
64
48
61
59
57
57
52
66
52
60
56
50
57
58
53
44
58
52
52
54
64
47
61
57
57
51
55
66
55
60
49
53
54
60
60
56
73
65
74
74
69
52
68
85
65
81
57
59
67
69
63
69
75
56
70
74
63
65
49
57
76
65
68
69
76
71
81
71
68
77
69
94
66
77
71
78
66
76
85
77
91
77
77
74
86
79
87
84
62
83
98
77
75
75
84
78
82
94
103
89
71
85
95
84
70
67
87
84
76
71
78
68
88
99
94
86
79
89
74
97
100
87
98
82
99
101
100
113
90
90
106
95
104
94
102
92
80
102
94
90
94
85
118
107
87
103
97
107
87
99
104
103
91
115
95
98
97
89
81
105
102
108
95
114
86
113
122
114
130
120
107
94
113
105
125
113
97
117
114
101
112
127
117
136
126
106
116
118
123
106
140
98
114
122
118
110
115
124
135
130
123
125
143
131
108
111
130
127
134
143
143
154
155
120
124
139
124
132
128
127
139
120
152
120
142
126
160
162
155
127
138
145
128
141
139
131
146
121
137
130
121
138
147
147
141
135
148
159
157
136
164
151
161
144
150
168
161
147
151
176
147
135
178
146
163
171
155
162
159
167
160
171
146
180
175
156
171
168
173
156
143
155
164
187
179
157
138
152
173
159
184
172
163
197
206
163
164
142
166
173
167
158
164
181
173
171
158
174
162
155
182
191
185
186
200
148
182
187
199
170
158
206
182
198
179
176
186
186
189
187
220
195
177
153
164
198
217
195
197
207
186
211
190
219
193
191
190
217
215
209
206
202
215
226
221
210
220
213
226
219
202
212
211
199
220
164
169
211
227
203
222
225
220
203
219
218
222
211
223
218
194
203
216
236
220
243
229
226
221
219
228
218
239
219
221
245
250
239
241
220
245
244
240
249
243
210
258
248
228
209
267
228
256
259
202
270
228
261
258
242
242
239
293
272
257
262
244
245
266
230
262
291
265
260
277
302
260
265
248
272
290
280
288
256
298
272
274
248
250
286
293
239
249
275
272
248
275
294
291
255
277
255
260
243
292
311
296
313
275
300
308
259
275
275
285
278
287
270
302
313
259
287
298
292
314
301
289
294
308
289
302
313
311
265
275
309
304
314
298
326
319
305
290
293
331
282
262
272
315
274
341
343
325
339
349
330
326
309
327
320
346
319
358
351
335
276
322
340
332
314
326
326
336
335
324
357
328
321
342
345
355
304
297
335
343
342
339
341
352
338
354
334
327
312
362
349
326
297
331
326
381
378
331
373
341
342
386
341
362
338
386
348
333
348
394
408
371
398
393
389
392
363
380
389
381
378
388
380
396
380
367
405
370
385
382
387
420
363
413
399
355
370
400
412
383
388
405
356
344
390
393
395
348
362
415
388
419
404
406
417
396
362
398
442
421
377
397
399
394
421
433
374
384
405
377
404
411
431
434
435
433
418
491
415
417
399
466
427
414
374
435
442
419
411
404
431
422
443
461
440
422
399
437
431
428
427
473
443
429
446
363
481
471
432
473
441
477
472
458
458
465
460
442
468
441
425
427
460
451
483
468
445
471
448
509
440
500
474
458
474
475
457
478
460
508
480
489
488
448
462
476
450
479
472
468
503
469
441
442
499
516
493
507
521
504
511
540
476
472
454
536
464
479
522
515
501
484
520
514
510
491
505
508
539
486
477
507
517
522
464
472
547
484
509
525
559
475
513
512
498
495
501
529
538
538
533
525
539
508
538
552
506
511
497
556
516
511
461
554
549
485
502
545
557
546
533
582
557
555
597
541
511
556
528
538
559
529
549
453
521
528
530
559
575
518
529
593
579
542
605
585
539
587
502
520
600
540
559
583
540
525
530
587
588
534
546
565
529
525
535
575
550
610
595
546
568
633
605
561
595
560
589
612
600
588
507
651
558
572
605
619
605
608
620
621
585
600
593
606
595
596
587
569
657
631
556
578
617
637
570
558
604
607
637
591
575
633
532
563
645
631
623
668
594
594
555
619
644
580
581
614
627
544
580
591
611
579
662
664
634
589
658
667
651
610
585
651
619
615
602
653
638
616
669
638
630
628
587
616
635
641
573
641
645
603
627
506
642
607
648
645
657
673
624
646
627
609
646
664
682
661
591
575
660
666
700
657
657
653
645
640
641
688
639
644
641
671
605
693
670
684
631
677
687
725
703
686
643
710
625
666
672
682
628
654
653
654
717
683
687
672
662
680
669
684
681
701
687
706
677
683
651
614
673
646
756
688
646
728
734
677
708
714
657
685
574
662
654
692
655
694
673
699
668
634
668
706
660
707
694
649
693
701
713
705
669
733
648
681
652
708
675
649
699
751
729
663
699
716
697
694
756
730
721
631
708
733
699
710
704
723
710
725
658
586
695
632
701
738
682
758
729
756
728
707
699
697
712
710
668
716
719
739
706
746
700
715
716
723
732
660
745
753
707
682
691
784
699
714
719
764
731
707
723
740
716
703
709
708
703
726
667
748
729
733
697
745
694
720
688
772
781
712
721
776
727
744
722
758
713
742
700
762
731
717
753
730
668
720
713
749
745
748
635
683
761
811
754
761
750
706
724
745
726
726
777
764
679
749
754
750
761
766
792
795
798
704
740
735
756
721
744
779
750
743
701
759
809
764
774
793
743
763
718
765
777
740
740
827
770
713
710
626
710
716
807
795
848
741
765
699
775
761
768
762
745
774
708
753
781
749
726
786
815
737
820
746
750
803
736
742
772
757
749
775
753
742
788
798
753
747
758
789
713
726
754
754
765
722
710
770
766
749
739
780
802
771
699
802
740
724
710
774
749
716
718
795
743
755
769
774
797
699
754
774
790
802
744
769
749
722
660
733
821
740
730
819
766
779
802
735
801
730
746
743
780
728
738
760
751
731
737
768
757
749
708
793
787
792
818
802
764
787
732
776
792
784
794
788
730
727
746
787
768
738
766
808
762
730
767
649
700
734
764
794
751
783
733
766
853
747
749
722
771
762
746
760
769
738
784
809
747
801
769
755
798
787
690
719
809
751
769
730
843
696
704
752
777
765
735
734
738
744
733
774
739
712
761
747
793
743
706
786
753
704
727
774
710
740
743
814
773
769
729
743
759
733
780
809
791
705
723
736
726
763
771
748
751
783
645
679
776
753
766
719
805
712
697
748
741
746
762
748
716
746
741
767
740
727
746
721
761
723
739
701
712
759
707
715
741
778
733
764
743
758
758
769
736
710
713
760
746
733
716
778
719
726
696
678
798
690
747
778
765
704
729
772
755
701
712
689
731
676
678
709
679
731
728
748
723
735
762
754
773
684
739
744
733
681
721
730
695
797
737
742
746
683
722
726
728
699
748
686
705
679
702
659
741
704
701
749
744
670
783
722
705
712
768
704
697
672
731
761
748
693
673
761
703
711
659
721
703
687
708
727
713
693
635
609
673
716
720
709
721
670
705
737
673
697
705
710
669
671
728
730
681
687
679
713
690
656
691
671
655
731
663
652
705
625
689
697
713
643
701
711
684
683
642
703
725
620
653
701
653
694
685
598
683
664
702
670
640
659
672
678
669
668
658
659
715
707
641
628
678
625
662
712
647
710
687
681
662
638
630
692
660
630
640
653
667
672
664
688
656
614
653
641
652
671
639
666
646
648
590
665
668
646
675
657
680
621
630
664
575
647
621
663
671
635
615
645
656
659
632
672
644
639
631
630
649
677
662
631
657
618
575
566
672
618
619
647
589
623
634
645
683
603
614
611
596
625
591
660
630
620
614
595
641
620
634
646
648
662
663
685
620
613
644
629
678
562
619
622
648
647
594
657
611
582
590
603
609
616
582
484
585
639
617
630
616
607
634
599
574
625
598
608
604
598
545
579
581
582
625
623
591
609
598
588
597
595
570
570
575
563
566
627
614
544
588
631
597
571
604
560
604
586
578
642
573
557
501
544
559
555
579
650
583
555
540
567
532
534
558
601
585
578
544
547
573
537
589
556
569
561
566
578
530
533
589
592
554
536
497
460
538
560
564
572
538
567
531
587
563
518
533
546
533
531
535
562
586
525
548
498
530
592
557
562
527
533
499
537
525
533
502
505
569
502
536
544
503
522
501
507
535
538
516
490
500
514
497
472
539
491
491
536
496
489
494
518
523
489
515
524
493
508
526
463
503
529
541
505
505
547
491
467
474
467
505
476
480
486
490
579
503
478
487
486
453
506
478
526
468
467
504
517
448
458
478
462
493
466
453
543
535
483
437
499
494
460
461
482
466
450
506
473
471
481
449
479
451
474
474
507
442
483
457
492
459
456
445
377
472
456
462
463
456
433
445
485
454
439
465
425
473
471
403
477
423
433
449
476
442
442
440
494
451
426
445
447
431
457
431
457
471
423
423
442
431
393
428
423
389
414
455
444
434
426
424
338
400
433
448
442
423
423
389
434
423
404
394
410
424
429
384
404
420
403
404
412
418
441
420
439
422
396
374
417
411
374
380
404
399
367
396
424
404
413
431
404
363
381
397
428
415
392
395
408
388
388
388
375
406
358
371
403
391
368
401
383
380
394
351
369
373
357
366
400
378
366
366
392
411
352
352
372
379
380
352
309
407
361
381
365
364
366
388
421
380
354
358
361
376
359
343
353
333
335
336
352
389
361
326
367
346
364
341
384
353
371
346
348
329
369
327
376
341
371
387
351
306
327
332
355
326
309
325
289
329
326
343
328
326
338
308
357
349
318
308
334
304
305
338
317
322
330
305
311
359
313
343
347
325
299
311
317
353
340
297
312
340
333
326
295
334
308
348
338
302
315
324
331
297
332
277
309
316
300
289
320
331
260
313
283
290
314
314
339
336
284
280
274
310
279
293
281
294
312
307
292
283
299
289
298
281
284
229
261
300
302
282
255
287
303
251
275
268
286
283
280
315
272
293
299
286
294
252
308
277
286
267
276
269
271
259
261
286
256
256
256
274
250
275
291
274
261
259
277
273
272
264
295
282
265
242
204
235
277
255
258
250
248
265
265
302
244
261
268
244
236
253
250
251
240
275
234
228
244
267
267
244
242
231
274
288
233
245
238
247
247
244
254
254
242
233
234
264
268
231
231
247
233
217
262
228
248
209
231
230
228
232
229
209
227
239
256
209
224
235
242
223
230
225
215
221
229
243
238
211
223
211
230
219
202
169
179
205
198
204
205
199
185
224
191
217
234
194
195
236
186
184
222
208
195
202
264
215
202
228
209
207
196
201
226
200
239
188
209
208
205
205
185
183
213
187
199
195
195
205
175
194
172
215
153
216
192
181
211
184
199
214
168
188
199
187
206
205
184
168
188
174
182
195
213
194
202
185
174
185
191
175
190
188
179
170
192
166
180
182
179
191
174
161
181
164
190
165
164
150
160
169
192
171
177
171
201
183
169
171
158
185
154
158
153
168
181
145
168
152
186
156
158
147
163
171
149
142
160
168
158
175
169
132
134
153
160
164
166
167
164
149
153
156
155
161
179
175
141
177
142
136
136
130
137
160
142
139
135
169
166
150
150
143
144
142
132
153
168
151
146
142
144
146
142
149
147
141
146
147
144
157
103
143
162
146
141
151
139
136
152
136
156
123
149
144
147
131
137
119
131
142
136
129
124
131
136
116
117
121
130
100
111
131
124
117
107
129
140
115
123
114
144
132
135
111
118
101
132
102
118
114
132
131
156
122
109
137
104
108
133
137
116
142
119
114
118
123
112
111
117
120
108
115
116
113
120
126
109
105
110
110
100
108
118
116
94
102
113
90
75
93
114
104
97
92
121
105
108
112
104
101
88
100
119
109
91
118
92
96
104
105
122
93
95
87
79
91
124
106
126
109
112
93
107
100
102
88
91
90
74
87
102
111
103
90
89
93
104
95
93
83
93
105
79
102
79
104
89
98
97
96
92
96
109
88
87
113
107
92
91
78
86
84
76
93
86
77
100
102
81
99
77
81
80
98
88
81
98
71
75
81
95
90
104
89
77
81
85
69
102
76
86
76
82
76
86
83
103
87
80
77
80
80
63
73
80
66
73
83
76
94
68
61
77
66
70
74
70
80
72
86
99
90
67
70
64
83
73
69
70
61
82
85
74
73
58
82
71
64
70
67
64
74
68
59
75
60
67
63
71
73
65
58
69
72
79
65
47
61
73
68
69
68
64
77
60
68
68
49
59
66
64
70
66
48
64
58
64
58
69
72
69
64
64
67
71
62
68
63
58
63
51
57
54
66
59
67
51
63
62
77
61
79
57
45
61
57
52
65
49
68
49
58
54
52
57
51
46
66
53
58
57
52
53
66
44
47
52
48
49
57
45
46
48
53
45
49
50
51
38
54
64
67
48
61
37
46
41
47
50
56
52
43
55
60
36
56
45
47
38
48
46
41
51
47
48
59
44
39
46
58
44
51
38
48
44
48
36
47
36
51
50
48
46
43
45
33
37
50
40
45
46
40
37
56
33
38
38
36
40
37
41
58
36
37
33
36
32
32
47
51
32
48
41
44
58
38
46
43
34
35
38
27
45
41
41
48
31
31
39
35
40
31
42
38
46
46
28
36
49
41
33
39
44
32
43
30
32
28
36
36
37
44
42
36
36
28
34
38
25
26
38
41
43
40
25
34
37
43
36
37
37
29
38
27
34
26
34
40
22
33
34
29
23
23
32
29
21
31
34
31
28
37
30
34
26
27
31
30
28
27
35
27
25
25
36
29
35
29
30
37
25
20
27
22
28
23
25
31
30
35
25
21
20
25
29
25
28
30
33
38
25
35
24
29
38
27
28
21
25
29
24
29
17
25
30
25
28
31
25
25
32
29
23
21
20
31
24
24
21
20
32
24
23
37
21
24
15
27
19
19
20
23
14
20
28
27
24
23
19
20
21
11
25
22
22
20
24
24
19
24
29
16
16
22
17
16
31
22
24
25
25
14
23
17
18
11
18
26
19
19
20
18
28
15
21
21
22
21
21
17
18
19
19
23
18
22
19
22
13
20
26
20
11
15
24
17
18
19
20
17
11
14
13
16
19
20
19
18
17
19
12
17
11
15
14
14
11
16
11
20
16
17
10
14
11
20
12
17
12
15
15
11
20
16
7
15
17
18
15
17
11
15
11
13
23
13
14
15
13
17
16
12
12
14
18
18
13
18
10
15
14
14
19
14
6
31
8
12
15
15
15
14
13
9
22
14
19
9
12
8
6
14
17
9
14
10
10
11
9
12
17
14
20
16
6
9
12
10
17
10
18
11
16
8
14
15
12
6
9
12
10
8
11
7
6
11
12
18
18
12
9
4
11
14
13
11
11
10
11
8
10
8
12
10
12
8
14
14
4
6
10
6
11
9
13
9
8
10
11
10
8
8
11
7
10
11
10
12
12
11
10
8
7
13
8
9
10
3
11
10
12
6
15
10
9
4
7
15
9
12
3
5
9
10
6
7
9
8
11
13
13
3
11
6
7
11
7
10
13
10
5
13
8
7
9
10
7
8
9
14
4
7
6
8
11
8
4
5
11
15
4
6
5
7
4
11
11
12
11
7
8
8
3
11
7
7
4
9
13
9
4
11
7
5
7
4
5
5
5
9
7
3
7
3
5
9
7
13
9
2
8
4
7
7
4
7
7
3
6
4
4
9
4
7
5
8
3
6
6
5
6
8
7
6
6
2
10
9
2
12
6
12
5
6
4
4
6
4
7
2
5
6
2
8
6
4
6
2
2
5
2
5
3
8
3
8
4
7
6
5
7
7
3
5
3
5
9
1
4
6
4
4
6
10
8
2
4
4
4
4
4
3
2
6
6
7
4
6
9
2
3
3
4
5
5
5
9
3
4
6
7
2
9
3
4
2
2
6
1
3
5
4
6
4
6
5
3
4
5
4
4
4
4
3
5
1
6
2
3
5
5
6
3
2
4
1
4
9
3
3
3
4
1
4
5
2
1
1
2
0
1
3
1
9
2
5
5
4
7
4
2
5
0
1
4
5
3
6
6
1
2
4
3
2
3
4
2
1
1
2
1
3
3
4
4
2
1
3
5
4
1
3
3
3
2
1
3
2
3
5
4
2
6
1
3
0
2
0
5
6
2
3
3
2
4
3
1
3
2
2
4
0
1
4
2
2
2
6
1
2
3
0
2
1
0
3
1
5
0
3
2
3
2
2
1
3
2
2
3
1
1
1
1
3
5
3
2
1
3
1
3
1
3
2
1
1
1
1
3
2
2
2
1
0
0
5
2
4
3
2
1
1
2
1
2
1
1
4
1
2
0
4
2
1
3
2
2
2
1
1
2
2
2
1
1
4
2
4
3
2
3
2
1
3
1
1
1
0
1
0
0
3
4
2
2
1
0
3
0
2
1
1
1
4
2
2
2
0
1
0
3
5
0
1
1
2
2
0
2
0
4
4
1
1
1
5
1
0
2
3
3
1
0
2
2
2
2
1
2
0
1
0
4
1
0
0
3
1
0
0
2
0
2
0
0
1
0
0
0
3
1
2
0
3
1
1
1
0
0
3
0
2
0
0
2
1
4
1
1
1
2
0
3
1
1
1
3
0
2
0
0
0
0
2
1
3
0
0
1
1
0
0
2
1
1
0
2
0
4
0
1
0
2
0
1
0
0
2
2
1
2
0
0
1
0
1
2
1
0
0
1
0
1
0
0
1
1
0
3
0
2
1
1
2
3
0
0
1
2
1
0
2
0
1
2
0
0
2
0
1
1
1
0
1
0
0
0
0
1
1
0
1
1
1
1
0
0
0
1
0
0
1
0
2
2
1
3
0
0
1
0
2
0
2
0
0
0
0
1
0
1
0
1
0
1
1
1
0
0
0
0
0
0
0
0
0
1
0
0
0
0
1
2
0
0
0
0
0
0
1
0
0
1
0
1
0
3
1
0
4
2
0
2
0
0
1
0
0
1
0
0
0
0
0
0
0
1
0
1
1
0
0
0
1
1
0
1
0
0
0
0
0
1
0
0
0
0
0
0
1
0
2
1
1
1
1
0
0
0
0
0
0
0
1
0
3
0
0
0
1
0
0
0
0
1
0
0
0
1
0
0
2
1
0
2
0
1
0
1
1
0
0
0
0
0
0
1
1
0
0
0
0
0
0
0
1
0
1
2
0
0
0
0
0
1
0
0
0
0
0
0
2
0
0
0
0
1
1
0
0
0
0
0
1
1
0
1
0
0
0
0
0
0
0
0
1
0
0
0
1
0
0
0
0
0
0
0
1
0
0
0
0
0
1
0
0
0
1
0
0
0
0
0
0
0
0
0
0
0
1
0
0
0
0
0
0
0
0
0
0
0
0
0
0
0
0
0
0
0
0
1
0
0
0
0
0
0
0
0
0
0
0
0
0
0
0
0
0
0
0
1
0
0
0
0
1
0
1
0
0
0
0
0
0
1
0
0
0
0
0
0
0
0
0
1
0
0
1
0
0
0
1
0
1
0
0
0
0
0
0
0
0
0
0
0
0
0
1
0
0
0
0
0
0
1
0
0
0
0
0
0
0
0
0
0
0
0
0
0
0
0
1
0
0
0
0
0
0
0
0
0
0
1
0
1
0
1
1
0
3
0
0
0
1
0
0
0
0
0
0
0
0
0
0
0
0
0
0
0
0
0
0
0
0
0
0
0
0
0
0
0
0
0
0
0
0
1
0
0
0
0
0
0
0
0
0
0
0
0
0
0
0
0
0
0
0
0
0
0
0
0
1
0
0
0
0
0
0
0
0
1
0
0
0
0
0
0
0
0
0
0
0
0
0
0
0
0
0
0
0
0
0
0
0
0
0
0
0
0
0
0
0
0
0
0
0
0
0
0
0
0
0
0
0
0
0
0
0
0
0
0
0
0
0
0
0
0
0
0
0
0
0
1
0
0
0
0
0
0
0
0
0
0
0
0
1
0
0
0
0
0
0
0
0
0
0
0
0
0
0
0
0
0
0
0
0
0
0
0
0
0
1
0
0
0
0
0
0
0
0
0
0
0
0
0
0
0
1
0
0
0
0
0
0
0
0
1
0
0
1
0
0
0
0
0
0
0
0
0
0
0
0
0
0
0
0
0
0
0
0
0
0
0
0
0
0
0
0
0
0
0
0
1
0
0
0
0
0
0
0
0
0
0
0
0
0
0
0
0
0
0
0
0
0
1
0
0
0
0
0
0
0
0
0
0
0
0
0
0
0
0
0
0
0
0
0
0
0
0
0
0
0
0
0
0
0
0
0
0
0
0
0
0
0
0
0
0
0
0
0
0
0
0
0
0
0
0
0
0
0
0
0
0
0
0
0
0
0
0
0
0
0
0
0
0
0
0
0
0
0
0
0
0
0
0
0
0
1
0
0
0
0
0
0
0
0
0
0
0
0
0
0
0
0
0
0
0
0
0
0
0
0
0
0
0
0
0
0
0
0
0
0
0
0
0
0
0
0
0
0
0
0
0
0
0
0
0
0
0
0
0
0
0
0
0
0
0
0
0
0
0
0
0
0
0
0
0
0
0
0
0
0
0
0
0
0
0
0
0
0
0
0
0
0
0
0
0
0
0
0
0
0
0
0
0
0
0
0
0
0
0
0
0
0
0
0
0
0
0
0
0
0
0
0
0
0
0
0
0
0
0
0
0
0
0
0
0
0
0
0
0
0
0
0
0
0
0
0
0
0
0
0
0
0
0
0
0
0
0
0
0
0
0
0
0
0
0
0
0
0
0
0
0
0
0
0
0
0
0
0
0
0
0
0
0
0
0
0
0
0
0
0
0
0
0
0
0
0
0
0
0
0
0
0
0
0
0
0
0
0
0
0
0
0
1
0
0
0
0
0
0
0
0
0
0
0
0
0
0
0
0
0
0
0
0
0
0
0
0
0
0
0
0
0
0
0
0
0
0
0
0
0
0
0
0
0
0
0
0
0
0
0
0
0
0
0
0
0
0
0
0
0
0
0
0
0
0
0
0
0
0
0
0
0
0
0
0
0
0
0
0
0
0
0
0
0
0
0
0
0
0
0
0
0
0
0
0
0
0
0
0
0
0
0
0
0
0
0
0
0
0
0
0
0
0
0
0
0
0
0
0
0
0
0
0
0
0
0
0
0
0
0
0
0
0
0
0
0
0
0
0
0
0
0
0
0
0
0
0
0
0
0
0
0
0
0
0
0
0
0
0
0
0
0
0
0
0
0
0
0
0
0
0
0
0
0
0
0
0
0
0
0
0
0
0
0
0
0
0
0
0
0
0
0
0
0
0
0
0
0
0
0
0
0
0
0
0
0
0
0
0
0
0
0
0
0
0
0
0
0
0
0
0
0
0
0
0
0
0
0
0
0
0
0
0
0
0
0
0
0
0
0
0
0
0
0
0
0
0
0
0
0
0
0
0
0
0
0
0
0
0
0
0
0
0
0
0
0
0
0
0
0
0
0
0
0
0
0
0
0
0
0
0
0
0
0
0
0
0
0
0
0
0
0
0
0
0
0
0
0
0
0
0
0
0
0
0
0
0
0
0
0
0
0
0
0
0
0
0
0
0
0
0
0
0
0
0
0
0
0
0
0
0
0
0
0
0
0
0
0
0
0
0
0
0
0
0
0
0
0
0
0
0
0
0
0
0
0
0
0
0
0
0
0
0
0
0
0
0
0
0
0
0
0
0
0
0
0
0
0
0
0
0
0
0
0
0
0
0
0
0
0
0
0
0
0
0
0
0
0
0
0
0
0
0
0
0
0
0
0
0
0
0
0
0
0
0
0
0
0
0
0
0
0
0
0
0
0
0
0
0
0
0
0
0
0
0
0
0
0
0
0
0
0
0
0
0
0
0
0
0
0
0
0
0
0
0
0
0
0
0
0
0
0
0
0
0
0
0
0
0
0
0
0
0
0
0
0
0
0
0
0
0
0
0
0
0
0
0
0
0
0
0
0
0
0
0
0
0
0
0
0
0
0
0
0
0
0
0
0
0
0
0
0
0
0
0
0
0
0
0
0
0
0
0
0
0
0
0
0
0
0
0
0
0
0
0
0
0
0
0
0
0
0
0
0
0
0
0
0
0
0
0
0
0
0
0
0
0
0
0
0
0
0
0
0
0
0
0
0
0
0
0
0
0
0
0
0
0
0
0
0
0
0
0
0
0
0
0
0
0
0
0
0
0
0
0
0
0
0
0
0
0
0
0
0
0
0
0
0
0
0
0
0
0
0
0
0
0
0
0
0
0
0
0
0
0
0
0
0
0
0
0
0
0
0
0
0
0
0
0
0
0
0
0
0
0
0
0
0
0
0
0
0
0
0
0
0
0
0
0
0
0
0
0
0
0
0
0
0
0
0
0
0
0
0
0
0
0
0
0
0
0
0
0
0
0
0
0
0
0
0
0
0
0
0
0
0
0
0
0
0
0
0
0
0
0
0
0
0
0
0
0
0
0
0
0
0
0
0
0
0
0
0
0
0
0
0
0
0
0
0
0
0
0
0
0
0
0
0
0
0
0
0
0
0
0
0
0
0
0
0
0
0
0
0
0
0
0
0
0
0
0
0
0
0
0
0
0
0
0
0
0
0
0
0
0
0
0
0
0
0
0
0
0
0
0
0
0
0
0
0
0
0
0
0
0
0
0
0
0
0
0
0
0
0
0
0
0
0
0
0
0
0
0
0
0
0
0
0
0
0
0
0
0
0
0
0
0
0
0
0
0
0
0
0
0
0
0
0
0
0
0
0
0
0
0
0
0
0
0
0
0
0
0
0
0
0
0
0
0
0
0
0
0
0
0
0
0
0
0
0
0
0
0
0
0
0
0
0
0
0
0
0
0
0
0
0
0
0
0
0
0
0
0
0
0
0
0
0
0
0
0
0
0
0
0
0
0
0
0
0
0
0
0
0
0
0
0
0
0
0
0
0
0
0
0
0
0
0
0
0
0
0
0
0
0
0
0
0
0
0
0
0
0
0
0
0
0
0
0
0
0
0
0
0
0
0
0
0
0
0
0
0
0
0
0
0
0
0
0
0
0
0
0
0
0
0
0
0
0
0
0
0
0
0
0
0
0
0
0
0
0
0
0
0
0
0
0
0
0
0
0
0
0
0
0
0
0
0
0
0
0
0
0
0
0
0
0
0
0
0
0
0
0
0
0
0
0
0
0
0
0
0
0
0
0
0
0
0
0
0
0
0
0
0
0
0
0
0
0
0
0
0
0
0
0
0
0
0
0
0
0
0
0
0
0
0
0
0
0
0
0
0
0
0
0
0
0
0
0
0
0
0
0
0
0
0
0
0
0
0
0
0
0
0
0
0
0
0
0
0
0
0
0
0
0
0
0
0
0
0
0
0
0
0
0
0
0
0
0
0
0
0
0
0
0
0
0
0
0
0
0
0
0
0
0
0
0
0
0
0
0
0
0
0
0
0
0
0
0
0
0
0
0
0
0
0
0
0
0
0
0
0
0
0
0
0
0
0
0
0
0
0
0
0
0
0
0
0
0
0
0
0
0
0
0
0
0
0
0
0
0
0
0
0
0
0
0
0
0
0
0
0
0
0
0
0
0
0
0
0
0
0
0
0
0
0
0
0
0
0
0
0
0
0
0
0
0
0
0
0
0
0
0
0
0
0
0
0
0
0
0
0
0
0
0
0
0
0
0
0
0
0
0
0
0
0
0
0
0
0
0
0
0
0
0
0
0
0
0
0
0
0
0
0
0
0
0
0
0
0
0
0
0
0
0
0
0
0
0
0
0
0
0
0
0
0
0
0
0
0
0
0
0
0
0
0
0
0
0
0
0
0
0
0
0
0
0
0
0
0
0
0
0
0
0
0
0
0
0
0
0
0
0
0
0
0
0
0
0
0
0
0
0
0
0
0
0
0
0
0
0
0
0
0
0
0
0
0
0
0
0
0
0
0
0
0
0
0
0
0
0
0
0
0
0
0
0
0
0
0
0
0
0
0
0
0
0
0
0
0
0
0
0
0
0
0
0
0
0
0
0
0
0
0
0
0
0
0
0
0
0
0
0
0
0
0
0
0
0
0
0
0
0
0
0
0
0
0
0
0
0
0
0
0
0
0
0
0
0
0
0
0
0
0
0
0
0
0
0
0
0
0
0
0
0
0
0
0
0
0
0
0
0
0
0
0
0
0
0
0
0
0
0
0
0
0
0
0
0
0
0
0
0
0
0
0
0
0
0
0
0
0
0
0
0
0
0
0
0
0
0
0
0
0
0
0
0
0
0
0
0
0
0
0
0
0
0
0
0
0
0
0
0
0
0
0
0
0
0
0
0
0
0
0
0
0
0
0
0
0
0
0
0
0
0
0
0
0
0
0
0
0
0
0
0
0
0
0
0
0
0
0
0
0
0
0
0
0
0
0
0
0
0
0
0
0
0
0
0
0
0
0
0
0
0
0
0
0
0
0
0
0
0
0
0
0
0
0
0
0
0
0
0
0
0
0
0
0
0
0
0
0
0
0
0
0
0
0
0
0
0
0
0
0
0
0
0
0
0
0
0
0
0
0
0
0
0
0
0
0
0
0
0
0
0
0
0
0
0
0
0
0
0
0
0
0
0
0
0
0
0
0
0
0
0
0
0
0
0
0
0
0
0
0
0
0
0
0
0
0
0
0
0
0
0
0
0
0
0
0
0
0
0
0
0
0
0
0
0
0
0
0
0
0
0
0
0
0
0
0
0
0
0
0
0
0
0
0
0
0
0
0
0
0
0
0
0
0
0
0
0
0
0
0
0
0
0
0
0
0
0
0
0
0
0
0
0
0
0
0
0
0
0
0
0
0
0
0
0
0
0
0
0
0
0
0
0
0
0
0
0
0
0
0
0
0
0
0
0
0
0
0
0
0
0
0
0
0
0
0
0
0
0
0
0
0
0
0
0
0
0
0
0
0
0
0
0
0
0
0
0
0
0
0
0
0
0
0
0
0
0
0
0
0
0
0
0
0
0
0
0
0
0
0
0
0
0
0
0
0
0
0
0
0
0
0
0
0
0
0
0
0
0
0
0
0
0
0
0
0
0
0
0
0
0
0
0
0
0
0
0
0
0
0
0
0
0
0
0
0
0
0
0
0
0
0
0
0
0
0
0
0
0
0
0
0
0
0
0
0
0
0
0
0
0
0
0
0
0
0
0
0
0
0
0
0
0
0
0
0
0
0
0
0
0
0
0
0
0
0
0
0
0
0
0
0
0
0
0
0
0
0
0
0
0
0
0
0
0
0
0
0
0
0
0
0
0
0
0
0
0
0
0
0
0
0
0
0
0
0
0
0
0
0
0
0
0
0
0
0
0
0
0
0
0
0
0
0
0
0
0
0
0
0
0
0
0
0
0
0
0
0
0
0
0
0
0
0
0
0
0
0
0
0
0
0
0
0
0
0
0
0
0
0
0
0
0
0
0
0
0
0
0
0
0
0
0
0
0
0
0
0
0
0
0
0
0
0
0
0
0
0
0
0
0
0
0
0
0
0
0
0
0
0
0
0
0
0
0
0
0
0
0
0
0
0
0
0
0
0
0
0
0
0
0
0
0
0
0
0
0
0
0
0
0
0
0
0
0
0
0
0
0
0
0
0
0
0
0
0
0
0
0
0
0
0
0
0
0
0
0
0
0
0
0
0
0
0
0
0
0
0
0
0
0
0
0
0
0
0
0
0
0
0
0
0
0
0
0
0
0
0
0
0
0
0
0
0
0
0
0
0
0
0
0
0
0
0
0
0
0
0
0
0
0
0
0
0
0
0
0
0
0
0
0
0
0
0
0
0
0
0
0
0
0
0
0
0
0
0
0
0
0
0
0
0
0
0
0
0
0
0
0
0
0
0
0
0
0
0
0
0
0
0
0
0
0
0
0
0
0
0
0
0
0
0
0
0
0
0
0
0
0
0
0
0
0
0
0
0
0
0
0
0
0
0
0
0
0
0
0
0
0
0
0
0
0
0
0
