0
0
0
0
0
0
0
0
0
0
0
0
0
0
0
0
0
0
0
0
0
0
0
0
0
0
0
0
0
0
0
0
0
0
0
0
0
0
0
0
0
0
0
0
0
0
0
0
0
0
0
0
1
0
1
0
0
0
0
0
0
0
0
0
0
0
0
0
0
0
0
0
0
0
0
0
0
0
0
0
0
0
0
0
0
0
0
0
0
0
0
0
0
0
0
0
0
0
0
0
0
0
0
0
0
0
0
0
0
0
0
0
0
0
0
0
0
0
0
0
0
0
0
0
0
0
0
0
0
1
0
0
0
0
0
0
0
0
0
0
0
0
0
0
0
0
0
0
0
0
0
0
0
0
0
0
0
0
0
0
0
0
0
0
0
0
0
0
0
1
0
0
0
0
0
0
0
0
0
0
0
0
0
0
0
0
0
0
0
0
0
0
0
0
0
0
0
0
0
0
0
0
0
0
0
0
0
0
0
0
0
0
0
0
0
1
0
0
0
0
0
0
0
0
1
0
0
0
1
0
0
0
0
0
0
0
0
0
0
0
0
0
1
0
0
0
0
0
0
0
0
0
0
0
0
0
0
1
0
0
0
0
0
0
0
0
0
0
0
0
0
0
0
0
0
0
1
0
0
0
1
0
0
1
0
0
0
0
0
0
1
0
0
0
1
1
0
0
3
1
0
0
0
0
1
0
0
0
0
0
1
0
0
0
0
0
0
0
0
0
0
0
1
0
0
1
3
0
0
2
0
0
0
0
0
0
0
1
0
0
0
0
1
0
0
0
0
0
1
0
0
0
0
0
0
0
0
1
1
0
0
0
0
1
0
1
0
0
0
0
0
0
0
1
0
0
0
0
1
1
0
1
0
0
0
0
0
0
0
0
0
0
0
0
0
0
1
0
0
1
1
1
0
0
0
0
2
0
0
0
0
0
0
0
1
0
0
1
2
0
0
1
0
0
0
0
0
0
0
0
2
0
0
0
1
0
2
0
1
1
1
0
0
0
0
0
0
0
0
0
1
2
0
1
0
0
2
1
0
3
0
1
0
1
1
1
1
1
2
2
1
1
0
0
0
2
0
2
1
0
1
0
2
0
1
2
3
1
2
0
0
0
0
0
1
0
1
1
0
1
0
0
0
1
0
2
1
0
1
1
0
0
0
0
0
4
1
2
0
0
1
1
1
0
2
4
2
3
1
0
1
0
1
1
0
0
0
0
1
2
3
2
1
4
1
2
0
2
0
1
0
1
3
1
0
0
0
0
0
2
2
1
0
2
1
2
0
1
2
2
2
0
1
3
2
3
1
0
0
3
0
1
0
3
0
2
3
1
2
0
2
3
1
0
1
2
2
2
3
1
0
1
2
2
0
1
2
4
1
2
3
0
2
0
1
1
0
0
2
3
3
1
3
1
4
3
0
2
1
4
0
3
4
2
0
2
2
2
1
1
1
5
3
0
1
4
1
2
3
0
2
0
4
0
3
3
3
2
1
2
3
1
0
1
0
2
3
1
1
1
6
3
4
3
1
3
3
1
2
2
3
2
2
2
5
1
2
1
2
4
2
2
3
1
2
3
4
3
4
3
1
4
1
2
2
1
5
0
2
0
3
2
5
1
4
2
4
2
1
3
5
1
1
5
5
4
6
5
1
3
4
1
2
3
3
3
3
3
3
5
3
3
1
2
5
1
1
3
1
5
1
6
1
4
2
2
4
2
7
4
6
3
6
2
3
2
2
1
4
4
1
2
3
4
8
5
6
3
5
5
3
8
7
4
6
4
8
3
2
6
7
3
4
4
9
4
4
3
6
5
5
3
3
6
1
9
5
3
5
7
4
2
1
6
5
1
5
6
5
4
4
4
7
4
4
10
7
7
6
3
6
9
3
6
6
10
6
7
7
9
5
6
3
8
7
2
8
7
9
7
3
7
11
9
13
3
8
8
12
5
4
7
9
7
7
6
8
9
4
9
7
9
3
6
7
6
11
12
5
14
6
10
6
10
10
9
7
9
6
13
9
8
12
10
11
6
8
13
13
11
12
6
8
11
11
8
12
9
2
12
6
6
3
13
11
5
16
11
19
8
18
17
10
11
12
11
6
11
11
4
13
3
13
10
10
11
12
13
12
16
15
12
6
14
12
15
19
10
8
10
13
11
13
11
9
10
11
9
9
13
14
13
10
6
14
10
12
14
10
13
9
13
10
14
13
15
14
13
15
19
12
15
16
18
13
11
8
11
14
10
11
16
18
10
10
10
16
17
13
14
12
12
10
14
18
13
20
14
17
16
16
12
18
12
19
8
29
7
14
10
11
11
20
24
22
17
14
14
16
15
14
18
23
21
11
16
23
18
13
15
16
22
18
21
19
15
16
15
15
13
25
13
14
24
23
12
17
17
24
11
25
13
15
15
19
31
20
23
20
19
17
24
24
17
16
26
18
21
21
18
15
20
22
22
23
22
17
14
20
27
26
20
22
24
13
23
19
24
19
26
28
18
33
27
37
16
23
26
25
19
17
37
23
22
26
31
31
17
18
25
21
23
31
27
26
27
19
29
34
39
28
18
26
17
26
25
27
26
26
43
21
22
36
31
30
29
24
26
31
26
22
27
24
25
29
32
22
29
26
34
29
30
22
40
33
22
33
31
37
29
30
27
43
27
28
44
31
30
24
21
29
42
33
27
28
31
38
40
37
32
33
39
33
34
31
25
42
35
32
27
28
31
45
36
38
30
34
42
47
27
41
39
28
32
39
37
40
31
41
50
37
36
35
50
31
42
36
46
48
31
36
39
32
27
41
38
31
35
49
41
49
35
30
35
38
26
43
47
43
51
37
48
34
33
39
52
41
56
41
37
38
48
47
52
42
37
42
44
57
45
42
39
36
44
50
53
55
60
42
42
54
45
44
55
48
57
43
43
47
49
54
47
42
44
47
47
64
46
45
43
32
47
43
46
51
43
42
44
40
45
61
60
54
63
53
47
55
70
59
60
54
43
56
51
70
46
49
57
55
58
48
55
43
63
48
50
42
60
62
46
68
66
52
52
57
58
55
71
59
74
42
52
50
51
70
67
52
63
80
62
51
62
47
55
68
57
65
74
59
74
60
72
61
59
73
62
66
66
60
70
83
66
75
66
64
69
67
44
88
77
87
76
72
74
69
64
55
76
62
80
67
68
65
79
73
77
72
82
75
74
71
80
69
78
70
74
66
66
79
52
67
75
68
68
91
77
72
77
81
87
88
76
76
83
60
82
83
74
88
87
88
82
71
87
82
84
90
78
80
75
66
82
88
86
63
91
90
79
69
82
81
91
99
95
99
107
77
73
87
92
81
110
106
98
88
99
89
105
102
82
110
91
70
91
109
105
78
101
89
91
98
81
98
100
86
106
108
90
80
97
105
78
106
91
107
91
107
97
108
112
90
99
106
103
106
84
110
103
97
108
114
91
101
110
123
99
104
105
105
122
108
108
112
115
103
133
109
118
98
113
117
105
106
108
99
108
121
102
121
91
105
114
117
147
137
126
107
125
112
129
132
117
129
84
132
107
129
121
127
120
123
130
105
140
129
117
134
116
105
106
131
109
121
135
139
124
142
126
132
150
112
127
138
130
110
113
137
139
141
141
145
125
114
114
118
125
119
116
141
131
114
143
138
136
134
158
155
149
148
165
157
162
129
145
122
129
156
127
147
145
141
136
145
127
129
138
125
130
144
151
142
140
151
145
146
154
143
131
167
149
154
150
150
152
144
178
144
153
163
149
156
140
144
151
139
135
157
139
160
147
178
168
167
173
164
141
156
177
184
177
154
155
148
187
167
164
149
162
173
199
164
154
158
170
152
181
170
156
176
179
179
185
196
182
175
169
154
178
184
171
176
185
168
185
164
182
188
173
168
175
188
162
215
203
199
194
182
224
174
193
201
207
167
192
180
177
202
173
168
182
177
194
197
211
230
232
181
204
166
185
202
199
219
183
192
205
180
199
208
209
203
189
197
202
188
188
202
211
194
219
212
189
185
203
195
242
220
213
221
209
213
205
192
221
199
198
234
238
243
211
245
225
235
191
240
214
208
235
217
245
211
228
194
208
255
231
221
228
241
196
203
214
199
226
223
227
218
189
234
200
218
237
226
229
216
224
239
251
251
198
223
221
222
227
235
210
236
244
240
253
253
219
244
219
241
244
242
233
234
239
255
259
262
270
247
261
242
253
264
246
246
261
255
257
254
240
241
262
246
234
274
238
225
241
258
262
264
245
255
254
262
276
262
258
271
274
261
257
281
276
250
280
278
283
267
256
267
261
229
241
266
278
269
247
246
258
265
259
271
287
273
259
272
289
291
288
281
321
267
307
247
270
279
277
288
287
298
283
292
268
281
276
272
264
285
296
281
295
286
301
277
282
272
238
283
310
300
231
293
332
290
315
311
296
300
308
326
293
292
307
332
292
266
310
319
309
340
315
303
327
298
332
292
306
334
316
315
324
327
323
305
294
319
334
308
280
341
328
319
321
333
300
358
323
304
318
321
337
333
325
327
318
314
303
327
317
351
323
341
323
346
355
355
342
351
327
336
343
339
352
370
316
312
324
346
344
320
311
358
312
322
352
362
318
333
341
319
346
335
351
342
373
374
357
344
362
346
335
356
359
334
355
348
339
376
360
378
350
338
377
361
332
353
369
374
386
318
374
362
359
361
395
365
375
386
291
380
370
369
379
382
385
344
367
338
367
389
412
408
377
349
356
365
402
383
387
365
357
385
376
375
384
400
376
385
370
396
371
361
402
395
432
385
390
408
401
386
406
375
439
413
383
355
425
396
395
425
376
363
394
398
440
420
439
365
394
411
414
413
390
426
409
389
404
432
391
421
410
427
392
408
428
436
391
410
353
412
443
434
387
409
423
437
417
377
448
422
380
400
434
402
429
387
442
442
434
443
443
427
443
412
425
424
460
445
420
394
461
470
448
450
420
444
413
408
457
414
419
395
424
437
405
422
326
404
390
427
464
436
422
450
435
431
448
450
459
440
427
453
418
454
449
449
476
465
479
475
451
469
475
449
494
449
414
440
507
460
475
443
484
497
431
461
508
477
446
478
462
477
450
448
460
479
481
476
463
470
448
494
508
511
472
441
475
467
464
463
491
482
442
490
531
494
483
470
502
482
476
429
479
452
440
468
459
503
522
481
528
490
453
483
500
463
497
505
519
459
502
488
459
495
495
525
464
517
474
498
462
509
485
503
451
488
515
497
456
493
477
458
480
518
530
490
482
489
484
494
530
505
529
476
465
527
545
509
518
519
521
490
530
518
503
495
545
473
500
482
554
492
539
556
500
534
510
492
510
482
521
507
522
518
545
521
557
516
521
570
516
556
499
523
539
461
491
511
528
526
517
506
526
531
546
490
560
517
488
514
520
509
553
542
545
567
558
514
517
552
506
574
555
519
535
528
534
573
531
528
586
531
529
460
446
511
516
568
554
531
524
516
582
516
528
546
594
597
553
507
583
527
542
585
573
550
573
529
554
577
523
543
595
538
536
609
535
575
571
585
584
584
556
562
535
584
541
548
579
546
601
538
452
571
554
513
570
543
563
550
563
569
521
568
629
599
620
568
550
557
557
599
652
559
532
571
603
583
604
574
567
543
580
543
572
605
615
541
575
573
592
554
564
530
565
581
603
607
618
546
600
589
542
610
670
563
509
588
593
619
592
556
581
596
638
602
596
587
568
541
631
576
567
546
640
545
584
604
570
593
669
483
570
563
584
583
561
606
588
629
605
598
618
584
584
581
598
570
606
608
652
586
606
605
673
603
608
619
641
604
628
622
629
582
634
596
566
580
587
643
590
567
625
614
610
611
621
620
564
627
482
656
596
623
597
597
612
592
675
616
570
602
599
618
578
586
587
608
607
587
653
628
621
585
634
598
643
610
631
652
604
592
582
609
627
574
643
631
631
636
620
627
617
592
591
623
623
519
581
628
609
584
631
636
622
652
624
640
619
609
610
614
671
645
614
624
640
607
604
611
624
680
646
650
663
651
622
648
633
555
558
610
651
684
635
657
637
590
594
629
620
618
586
589
585
633
626
633
607
630
675
588
611
625
631
633
601
616
622
618
666
591
644
624
651
660
653
619
652
626
621
652
608
667
621
576
584
585
534
618
636
607
675
608
626
619
588
640
600
610
664
635
627
646
618
637
674
607
673
671
618
623
658
613
610
611
620
656
608
637
660
615
649
597
623
632
675
644
603
681
648
605
599
668
631
553
658
724
635
633
636
619
631
654
644
640
640
661
666
662
630
645
645
615
634
649
707
660
627
588
658
606
634
651
663
645
599
579
576
631
617
665
652
623
593
649
595
604
639
618
690
670
610
614
642
681
609
636
631
638
611
630
629
597
634
654
679
632
644
591
580
638
585
640
621
663
650
651
692
690
590
600
654
637
653
670
537
628
648
645
657
609
594
675
662
600
680
608
622
673
615
574
645
685
617
688
668
652
644
627
609
653
656
614
639
608
612
606
695
650
649
646
621
670
617
573
649
621
587
667
642
620
613
632
611
657
621
625
663
618
599
642
621
636
669
673
628
626
634
649
649
627
614
612
619
628
584
641
580
645
629
629
684
642
595
579
554
634
623
650
670
605
651
652
661
626
632
621
638
626
648
592
665
624
610
638
650
624
671
604
664
583
621
601
642
612
622
609
624
641
595
594
676
611
603
603
603
588
574
642
626
599
654
596
532
588
600
653
621
646
658
586
602
617
614
635
600
600
587
629
595
594
625
592
641
689
572
612
605
653
593
578
596
586
628
599
623
622
572
610
644
609
605
604
591
601
625
579
611
647
620
586
659
650
626
608
657
618
601
619
584
575
571
571
592
589
576
630
585
609
611
562
607
645
605
571
542
608
613
594
626
620
557
559
575
560
627
579
642
575
618
609
608
584
597
594
654
588
629
595
642
591
609
603
591
585
596
607
622
557
560
610
611
623
575
577
589
600
610
600
605
630
574
574
574
556
552
594
570
560
569
578
476
567
579
591
547
629
587
557
582
577
564
565
570
619
611
533
529
571
565
551
638
561
557
541
550
578
602
584
568
586
617
546
545
569
552
591
618
616
550
600
588
527
554
602
538
567
568
535
547
582
548
615
592
583
538
557
529
609
563
531
553
551
572
538
572
574
622
560
613
592
576
565
591
584
498
551
608
604
541
535
550
523
612
577
558
508
572
537
576
578
545
521
561
561
530
579
567
543
545
567
579
511
539
578
590
567
524
511
518
541
531
553
558
578
500
519
546
585
515
493
572
554
545
501
540
533
573
572
446
554
497
574
578
519
544
487
532
505
509
541
520
552
483
485
475
538
538
529
563
565
524
500
519
548
529
508
544
582
543
542
525
524
511
527
545
541
509
470
523
556
547
520
530
512
505
463
510
514
519
524
553
508
518
551
546
543
505
507
514
503
503
522
497
522
482
512
508
503
518
531
532
529
499
504
562
518
524
433
467
479
518
491
498
514
509
500
518
490
490
516
529
512
483
487
497
516
478
487
466
532
465
490
487
486
511
519
479
494
497
447
493
516
483
495
518
498
485
448
513
489
470
472
474
510
482
479
395
522
454
498
509
519
461
467
482
497
447
468
484
426
468
444
485
502
426
457
485
472
493
437
501
482
479
438
487
456
471
492
466
472
454
498
491
470
446
437
502
433
482
472
455
489
497
416
445
485
416
462
442
440
453
445
483
491
429
460
484
461
468
492
438
434
486
504
465
442
426
440
453
419
452
422
455
469
430
393
409
440
414
480
433
479
421
453
461
415
423
462
449
469
430
425
442
469
470
436
431
453
435
398
451
402
469
410
435
407
404
421
442
401
412
428
417
455
394
391
428
423
410
423
400
417
414
423
323
416
401
392
414
453
400
371
432
382
422
408
441
444
428
398
412
422
394
445
414
407
430
395
448
407
420
381
412
392
431
404
410
407
406
398
418
406
395
398
392
387
364
351
415
419
405
337
395
370
385
397
383
388
404
432
377
418
405
399
393
360
377
379
373
395
372
398
396
361
352
364
361
387
348
404
406
362
377
324
356
389
361
411
441
399
389
391
417
351
388
380
393
382
402
326
408
392
369
369
412
346
385
339
373
365
350
393
374
391
312
347
372
359
360
428
365
366
390
363
366
375
374
364
360
346
357
350
313
394
352
345
361
376
382
358
372
367
350
343
335
327
348
378
319
365
355
352
383
357
357
314
350
337
342
356
344
340
377
361
332
336
345
331
376
333
350
331
355
331
339
324
319
314
319
280
325
324
332
329
340
327
313
323
360
340
297
324
335
316
320
299
309
342
348
324
341
291
282
347
340
332
291
334
318
341
309
302
305
321
301
301
335
313
304
333
341
295
326
314
297
329
311
320
321
311
260
319
319
314
327
283
324
290
296
308
307
314
313
315
319
317
338
308
289
283
333
285
282
306
326
309
297
295
300
270
249
277
267
295
326
288
273
300
278
313
272
296
284
281
291
280
280
274
306
302
285
287
287
274
278
279
296
246
288
285
286
268
272
289
301
276
298
271
291
272
259
262
270
252
295
279
295
280
290
263
259
313
308
258
247
281
290
266
256
255
304
275
265
289
247
247
267
271
294
269
266
235
250
235
253
246
266
289
252
254
246
245
248
249
278
262
240
237
249
265
227
255
243
240
246
246
283
235
250
250
258
220
260
251
241
275
240
241
231
229
246
240
238
228
249
236
268
242
227
253
238
247
275
232
248
283
262
218
179
251
210
259
238
217
235
200
262
222
207
228
218
223
216
229
209
213
251
242
224
209
223
234
256
223
211
234
235
222
218
215
216
219
210
235
234
225
205
241
252
237
228
204
230
258
180
211
225
235
218
208
196
201
233
228
205
222
214
224
195
225
208
216
229
195
191
204
215
189
213
179
220
187
186
224
195
236
169
188
191
190
195
210
184
219
210
165
214
207
238
204
198
224
181
200
223
220
196
210
235
187
198
183
211
183
207
195
182
220
213
169
205
209
207
176
212
191
180
193
205
199
195
186
181
186
209
173
164
181
222
185
191
169
199
184
187
192
176
169
188
165
197
159
153
201
152
184
215
177
163
193
213
179
182
150
178
179
198
207
174
207
180
158
188
172
170
173
176
148
188
158
176
149
157
195
184
193
181
179
182
169
163
166
168
155
180
139
164
149
164
135
165
148
144
149
173
163
160
150
175
154
182
141
169
166
149
136
120
188
173
166
145
153
146
162
150
159
166
179
157
174
157
167
157
167
165
150
162
150
147
165
153
158
141
158
147
183
137
149
154
146
131
150
145
151
152
168
150
146
156
142
143
134
129
139
100
153
149
123
139
135
136
118
163
125
160
136
147
142
138
124
142
153
150
117
155
125
163
149
141
138
106
134
151
145
147
127
146
141
146
124
142
125
133
150
118
125
130
120
126
144
128
140
127
131
124
118
130
147
120
119
134
115
148
123
128
132
126
113
133
133
107
120
127
114
134
116
118
119
143
115
122
125
125
119
115
113
107
112
120
130
98
107
121
113
130
111
122
141
129
117
96
136
108
119
105
112
100
105
111
117
117
94
102
109
112
118
126
115
125
107
111
116
81
121
105
102
86
106
100
111
118
94
86
111
107
98
109
108
107
73
100
112
96
105
96
114
115
88
95
106
86
111
115
87
96
96
97
100
99
109
95
106
95
96
109
106
105
113
88
99
103
78
108
110
89
108
90
103
103
120
100
97
86
87
105
95
104
88
116
110
115
105
88
93
91
77
90
91
94
99
100
91
111
103
129
97
112
102
84
87
99
78
71
97
98
91
95
74
102
81
85
80
89
91
91
107
95
98
100
93
87
82
99
96
85
90
90
97
84
108
107
90
75
71
82
92
77
89
94
99
81
83
94
69
89
85
67
85
96
80
69
72
66
94
89
87
69
98
91
64
86
78
71
88
76
69
74
70
68
78
72
70
74
62
84
67
70
76
60
79
79
62
48
63
69
78
62
91
81
76
66
71
79
60
87
73
70
53
68
63
68
69
74
77
76
76
75
52
75
66
66
78
85
82
82
71
63
82
59
73
75
62
70
76
62
60
53
54
72
77
71
48
70
64
73
84
58
74
52
47
69
58
75
63
57
69
54
55
49
56
65
61
71
67
53
61
66
67
70
50
60
62
50
71
54
65
69
65
52
55
74
60
67
52
59
50
59
56
48
76
81
50
54
64
42
62
55
64
44
49
60
50
56
56
61
49
62
47
43
50
66
45
41
64
61
58
54
63
64
57
59
60
56
46
45
52
42
48
42
48
37
46
47
40
55
48
50
54
53
45
57
57
53
41
49
45
40
51
51
43
43
50
50
47
46
50
50
61
53
37
54
55
57
40
47
45
46
30
54
49
56
42
48
53
38
41
54
44
51
39
50
43
45
42
40
45
51
31
56
43
47
42
41
49
44
51
36
59
51
50
30
54
35
49
47
44
32
35
41
34
44
39
38
36
45
41
28
43
38
41
53
33
36
39
49
42
57
35
35
41
43
32
44
35
46
39
39
36
36
43
33
40
43
37
37
42
30
40
29
41
38
28
37
34
45
30
33
26
37
46
44
31
28
28
43
42
34
34
37
35
38
39
29
42
40
42
23
38
23
32
36
37
43
40
26
27
38
29
36
32
31
34
35
37
35
27
34
34
36
33
30
44
24
38
33
35
35
31
27
24
30
36
26
30
33
23
36
30
28
30
27
36
37
43
27
41
34
39
29
34
27
36
31
35
26
27
34
29
44
30
30
38
27
29
24
33
41
24
34
27
20
21
26
25
22
34
23
23
25
14
21
22
23
26
21
32
30
36
29
16
22
20
34
23
29
30
30
23
22
21
35
21
25
24
36
20
23
24
24
16
27
25
27
30
27
33
21
28
25
33
19
21
30
30
21
18
25
17
22
18
33
19
24
21
17
17
18
19
23
27
20
19
17
13
24
23
22
20
22
24
24
26
27
24
23
23
23
31
27
26
24
22
18
20
33
20
13
14
19
24
22
22
16
16
21
16
18
24
20
22
23
21
19
23
18
21
23
12
23
19
23
19
16
16
29
23
14
23
23
16
23
13
25
24
15
12
26
16
12
19
18
12
15
15
14
21
20
22
13
22
11
20
14
21
13
20
19
21
24
18
19
16
21
29
19
17
22
22
18
12
20
17
16
25
14
18
21
14
12
16
22
14
19
19
18
15
19
16
15
22
12
19
14
15
21
17
24
8
16
12
12
15
14
15
16
10
19
16
15
15
18
7
19
12
17
13
16
9
13
12
19
11
22
15
7
17
10
17
19
14
11
10
15
10
20
10
10
18
14
12
11
13
15
11
12
15
17
22
11
12
9
12
12
9
5
11
13
7
9
12
9
14
10
15
14
9
15
16
13
14
9
9
16
11
10
10
12
16
14
13
10
15
15
9
9
17
13
19
8
17
7
16
7
12
15
12
10
8
16
12
7
20
11
8
9
15
11
9
13
11
12
13
8
10
11
8
17
2
8
14
9
11
12
3
9
11
13
9
7
10
5
12
8
11
12
9
9
17
15
7
10
9
7
12
1
5
7
5
8
9
14
13
12
7
13
15
10
6
10
10
10
12
8
6
8
7
13
8
7
11
7
12
9
9
15
15
8
10
9
12
6
10
9
13
10
10
7
4
9
10
8
7
11
7
9
8
7
6
12
8
7
9
5
6
11
11
9
6
10
9
8
6
10
11
7
10
7
9
6
3
4
8
4
7
4
3
8
6
5
9
7
10
5
5
4
8
6
7
3
9
6
8
8
5
3
10
6
5
9
6
8
7
8
9
6
3
13
14
6
5
5
5
5
5
8
10
8
7
8
6
10
9
3
4
3
5
5
4
4
4
5
3
6
7
2
3
8
11
7
3
8
9
7
6
7
7
5
6
8
7
4
5
6
8
3
7
7
3
4
5
5
8
7
7
7
13
7
8
2
10
16
5
5
3
4
2
2
8
5
4
4
5
1
6
5
4
6
7
5
7
4
6
4
1
7
3
3
5
4
3
5
3
7
2
6
4
2
7
7
5
1
4
0
3
7
2
4
5
6
5
3
7
4
5
3
3
3
2
6
4
1
6
1
5
7
2
6
5
5
1
2
3
4
3
2
2
2
1
3
2
9
2
2
2
8
4
1
3
7
5
5
2
7
2
5
4
5
1
1
2
3
6
2
4
6
2
3
6
6
2
0
3
3
4
4
2
5
4
3
2
6
6
3
1
3
4
2
5
2
6
2
3
3
5
2
2
6
2
0
6
0
3
0
4
1
3
3
4
1
2
6
2
1
2
1
0
1
3
4
4
4
6
3
1
1
4
2
3
1
3
1
0
4
2
1
4
5
4
0
1
2
1
6
0
3
3
5
2
2
2
2
5
4
3
1
2
3
2
3
5
4
3
1
0
1
6
1
5
5
2
0
2
3
0
2
4
4
1
4
2
0
2
4
0
2
1
3
1
2
0
1
1
4
2
4
3
0
2
1
3
1
5
3
2
1
4
2
3
0
1
0
1
0
0
4
3
4
5
3
7
0
2
1
1
0
1
1
3
3
4
1
3
1
1
0
0
0
0
2
2
2
4
2
2
1
4
0
1
0
0
1
2
4
1
3
2
1
3
1
0
2
0
1
1
2
1
2
1
1
1
3
0
1
2
1
2
2
2
2
2
4
0
0
4
1
2
1
2
0
1
2
0
4
5
1
4
2
3
2
2
1
0
3
2
1
3
2
1
2
1
0
2
1
1
1
4
1
3
2
0
1
4
1
2
1
0
0
1
1
0
3
3
1
2
2
0
1
2
0
1
2
1
0
0
0
1
1
0
1
2
3
1
1
2
3
0
1
1
1
0
2
1
2
1
1
1
2
2
2
1
3
0
0
1
1
1
1
1
0
1
0
1
0
1
0
1
3
0
1
1
0
0
1
1
2
0
2
3
0
0
0
0
0
1
3
0
1
1
2
0
1
0
1
0
0
0
0
1
1
1
0
0
0
0
0
1
1
0
0
0
0
0
0
2
0
1
3
0
0
2
0
0
0
0
2
1
0
1
0
3
2
0
0
0
1
1
3
1
0
1
0
2
3
0
2
2
0
0
1
0
1
0
1
0
1
1
0
1
5
1
1
0
1
1
0
1
1
1
0
0
0
1
0
1
0
2
0
0
0
0
2
0
0
0
0
0
1
0
0
1
0
0
1
0
0
0
0
0
3
0
0
0
0
0
0
0
1
0
0
0
0
0
1
1
1
0
0
0
1
0
0
0
0
0
0
1
0
0
0
1
1
0
0
1
1
0
0
1
0
0
0
0
1
1
0
0
1
0
1
0
1
0
0
2
0
0
0
1
0
0
0
1
0
0
0
0
0
0
1
0
0
0
1
2
0
0
1
0
0
0
2
1
1
1
0
0
0
0
1
1
2
0
1
0
1
1
0
0
0
1
0
0
0
0
0
0
0
0
0
1
0
0
1
0
0
0
1
0
0
0
0
0
0
3
1
0
0
0
0
0
0
1
1
0
0
0
0
0
0
0
0
0
0
0
1
1
0
1
2
1
0
0
0
1
1
1
1
1
1
0
0
0
2
0
0
3
0
3
2
0
1
0
0
0
0
1
0
0
0
0
0
0
1
0
2
0
0
0
0
1
2
1
0
0
0
1
0
0
0
0
0
0
0
1
1
0
0
0
1
0
1
1
0
0
1
0
0
0
0
0
0
0
0
1
0
0
0
0
0
0
2
1
0
0
2
0
1
0
0
0
0
1
0
1
0
0
0
1
0
1
0
0
0
1
1
0
0
0
0
0
0
0
1
0
0
0
0
0
0
0
0
0
0
0
0
1
0
0
0
2
0
0
0
0
0
0
0
0
0
0
0
0
0
0
0
0
0
0
0
0
1
0
0
0
0
0
0
1
0
0
0
0
1
0
0
0
0
1
2
1
0
0
1
1
0
0
0
0
0
0
1
0
1
0
1
0
0
0
0
0
0
0
0
0
1
0
1
0
0
0
0
0
0
0
0
2
0
0
1
0
0
0
1
0
0
0
0
0
0
0
0
0
0
1
0
1
0
0
0
0
0
0
0
0
0
0
0
0
0
0
0
0
0
0
0
1
1
0
0
0
0
0
0
0
0
0
0
0
0
0
0
0
0
0
0
0
0
0
0
0
0
0
0
0
0
0
0
1
0
0
0
0
0
0
0
0
0
0
0
0
1
0
0
0
0
0
0
0
0
0
0
0
0
0
0
0
0
0
0
1
0
0
0
0
0
0
0
0
0
0
0
0
0
0
0
0
0
0
0
0
0
0
0
0
0
0
0
0
0
0
0
0
0
0
0
0
0
0
0
1
0
0
0
0
0
0
0
0
1
0
0
0
0
0
0
0
0
0
0
0
0
0
0
0
0
0
0
0
0
0
0
0
0
0
0
0
0
0
0
0
0
0
0
0
0
0
0
0
0
0
0
0
0
1
0
0
0
0
0
0
0
0
0
0
0
0
0
0
0
0
0
0
0
1
0
0
0
1
0
1
0
0
0
0
0
0
0
0
0
0
0
0
0
1
0
0
0
0
0
0
0
0
1
0
0
0
0
0
0
0
0
0
0
0
1
0
0
0
0
0
0
0
0
0
0
0
0
0
0
0
0
0
0
0
0
0
0
0
0
0
0
0
0
0
0
0
0
0
0
0
0
0
0
0
0
0
1
0
0
0
0
0
0
0
0
0
0
0
0
0
0
0
0
0
0
0
0
0
0
0
0
0
0
0
0
0
0
0
0
0
0
0
0
0
0
0
0
0
0
0
0
0
0
0
0
0
0
1
0
0
0
0
0
0
0
0
0
0
0
0
0
0
0
0
0
0
0
0
0
0
0
0
0
0
0
0
0
0
0
0
0
0
0
0
0
0
0
0
0
0
0
0
0
0
0
0
0
1
0
0
0
0
0
0
0
0
0
1
0
0
0
0
0
0
0
0
0
0
0
0
0
0
0
0
0
0
0
0
0
0
0
0
0
0
0
0
0
0
0
0
0
0
0
0
0
0
0
1
0
0
0
0
0
0
0
0
0
0
0
0
0
0
0
0
0
0
0
0
0
0
0
0
0
0
0
0
0
0
0
0
0
0
0
0
0
0
0
0
0
0
0
0
0
0
0
0
0
0
0
0
0
0
0
0
0
0
0
0
0
0
0
0
0
0
0
0
0
0
0
0
0
0
0
0
0
0
0
0
0
0
0
0
0
0
0
0
0
0
0
0
0
0
0
0
0
0
0
0
0
0
0
0
0
0
0
0
0
0
0
0
0
0
0
0
0
0
0
0
0
0
0
0
0
0
0
0
0
0
0
0
0
0
0
0
0
0
0
0
0
0
0
0
0
0
0
0
0
0
0
0
0
0
0
0
0
0
0
0
0
0
0
0
0
0
0
0
0
0
0
0
0
0
0
0
0
0
0
0
0
0
0
0
0
0
0
0
0
0
0
0
0
0
0
0
0
0
0
0
0
0
0
0
0
0
0
0
0
0
0
0
0
0
0
0
0
0
0
0
0
0
0
0
0
0
0
0
0
0
0
0
0
0
0
0
0
0
0
0
0
0
0
0
0
0
0
0
0
0
0
0
0
0
0
0
0
0
0
0
0
0
0
0
0
0
0
0
0
0
0
0
0
0
0
0
0
0
1
0
0
0
0
0
0
0
0
0
0
0
0
0
0
0
0
0
0
0
0
0
0
0
0
0
0
0
0
0
0
0
0
0
0
0
0
0
0
0
0
0
0
0
0
0
0
0
0
1
0
0
0
0
0
0
0
0
0
0
0
0
0
0
0
0
0
0
0
0
0
0
0
0
0
0
0
0
0
0
0
0
0
0
0
0
0
0
0
0
0
0
0
0
0
0
0
0
0
0
0
0
0
0
0
0
0
0
0
0
0
0
0
0
0
0
0
0
0
0
0
0
0
0
0
0
0
0
0
0
0
0
0
0
0
0
0
0
0
0
0
0
0
0
0
0
0
0
0
0
0
0
0
0
0
0
0
0
0
0
0
0
0
0
0
0
0
0
0
0
0
0
0
0
0
0
0
0
0
0
0
0
0
0
0
0
0
0
0
0
0
0
0
0
0
0
0
0
0
0
0
0
0
0
0
0
0
0
0
0
0
0
0
0
0
0
0
0
0
0
0
0
0
0
0
0
0
0
0
0
0
0
0
0
0
0
0
0
0
0
0
0
0
0
0
0
0
0
0
0
0
0
0
0
0
0
0
0
0
0
0
0
0
0
0
0
0
0
0
0
0
0
0
0
0
0
0
0
0
0
0
0
0
0
0
0
0
0
0
0
0
0
0
0
0
0
0
0
0
0
0
0
0
0
0
0
0
0
0
0
0
0
0
0
0
0
0
0
0
0
0
0
0
0
0
0
0
0
0
0
0
0
0
0
0
0
0
0
0
0
0
0
0
0
0
0
0
0
0
1
0
0
0
0
0
0
0
0
0
0
0
0
0
0
0
0
0
0
0
0
0
0
0
0
0
0
0
0
0
0
0
0
0
0
0
0
0
0
0
0
0
0
0
0
0
0
0
0
0
0
0
0
0
0
0
0
0
0
0
0
0
0
0
0
0
0
0
0
0
0
0
0
0
0
0
0
0
0
0
0
0
0
0
0
0
0
0
0
0
0
0
0
0
0
0
0
0
0
0
0
0
0
0
0
0
0
0
0
0
0
0
0
0
0
0
0
0
0
0
0
0
0
0
0
0
0
0
0
0
0
0
0
0
0
0
0
0
0
0
0
0
0
0
0
0
0
0
0
0
0
0
0
0
0
0
0
0
0
0
0
0
0
0
0
0
0
0
0
0
0
0
0
0
0
0
0
0
0
0
0
0
0
0
0
0
0
0
0
0
0
0
0
0
0
0
0
0
0
0
0
0
0
0
0
0
0
0
0
0
0
0
0
0
0
0
0
0
0
0
0
0
0
0
0
0
0
0
0
0
0
0
0
0
0
0
0
0
0
0
0
0
0
0
0
0
0
0
0
0
0
0
0
0
0
0
0
0
0
0
0
0
0
0
0
0
0
0
0
0
0
0
0
0
0
0
0
0
0
0
0
0
0
0
0
0
0
0
0
0
0
0
0
0
0
0
0
0
0
0
0
0
0
0
0
0
0
0
0
0
0
0
0
0
0
0
0
0
0
0
0
0
0
0
0
0
0
0
0
0
0
0
0
0
0
0
0
0
0
0
0
0
0
0
0
0
0
0
0
0
0
0
0
0
0
0
0
0
0
0
0
0
0
0
0
0
0
0
0
0
0
0
0
0
0
0
0
0
0
0
0
0
0
0
0
0
0
0
0
0
0
0
0
0
0
0
0
0
0
0
0
0
0
0
0
0
0
0
0
0
0
0
0
0
0
0
0
0
0
0
0
0
0
0
0
0
0
0
0
0
0
0
0
0
0
0
0
0
0
0
0
0
0
0
0
0
0
0
0
0
0
0
0
0
0
0
0
0
0
0
0
0
0
0
0
0
0
0
0
0
0
0
0
0
0
0
0
0
0
0
0
0
0
0
0
0
0
0
0
0
0
0
0
0
0
0
0
0
0
0
0
0
0
0
0
0
0
0
0
0
0
0
0
0
0
0
0
0
0
0
0
0
0
0
0
0
0
0
0
0
0
0
0
0
0
0
0
0
0
0
0
0
0
0
0
0
0
0
0
0
0
0
0
0
0
0
0
0
0
0
0
0
0
0
0
0
0
0
0
0
0
0
0
0
0
0
0
0
0
0
0
0
0
0
0
0
0
0
0
0
0
0
0
0
0
0
0
0
0
0
0
0
0
0
0
0
0
0
0
0
0
0
0
0
0
0
0
0
0
0
0
0
0
0
0
0
0
0
0
0
0
0
0
0
0
0
0
0
0
0
0
0
0
0
0
0
0
0
0
0
0
0
0
0
0
0
0
0
0
0
0
0
0
0
0
0
0
0
0
0
0
0
0
0
0
0
0
0
0
0
0
0
0
0
0
0
0
0
0
0
0
0
0
0
0
0
0
0
0
0
0
0
0
0
0
0
0
0
0
0
0
0
0
0
0
0
0
0
0
0
0
0
0
0
0
0
0
0
0
0
0
0
0
0
0
0
0
0
0
0
0
0
0
0
0
0
0
0
0
0
0
0
0
0
0
0
0
0
0
0
0
0
0
0
0
0
0
0
0
0
0
0
0
0
0
0
0
0
0
0
0
0
0
0
0
0
0
0
0
0
0
0
0
0
0
0
0
0
0
0
0
0
0
0
0
0
0
0
0
0
0
0
0
0
0
0
0
0
0
0
0
0
0
0
0
0
0
0
0
0
0
0
0
0
0
0
0
0
0
0
0
0
0
0
0
0
0
0
0
0
0
0
0
0
0
0
0
0
0
0
0
0
0
0
0
0
0
0
0
0
0
0
0
0
0
0
0
0
0
0
0
0
0
0
0
0
0
0
0
0
0
0
0
0
0
0
0
0
0
0
0
0
0
0
0
0
0
0
