0
0
0
0
0
0
0
0
0
0
0
0
0
0
0
0
0
0
0
0
0
0
0
0
0
0
0
0
0
0
0
0
0
0
0
0
0
0
0
0
0
0
0
0
0
0
0
0
0
0
0
0
0
0
0
0
0
0
0
0
0
0
0
0
0
0
0
0
0
0
0
0
0
0
0
0
0
0
0
0
0
0
0
0
0
0
0
0
0
0
0
0
0
0
0
0
0
0
0
0
0
0
0
0
0
0
0
0
0
0
0
0
0
0
0
0
0
0
0
0
0
0
0
0
0
0
0
0
0
0
0
0
0
0
0
0
0
0
0
0
0
0
0
0
0
0
0
0
0
0
0
0
0
0
0
0
0
0
0
0
0
0
0
0
0
0
0
0
0
0
0
0
0
0
0
0
0
0
0
0
0
0
0
0
0
0
0
0
0
0
0
0
0
1
0
0
0
0
0
0
0
0
0
0
0
0
0
0
0
0
0
0
0
0
0
0
0
0
0
0
0
0
0
0
0
0
0
0
0
0
0
0
0
0
0
0
0
0
0
0
1
0
0
0
0
0
0
0
0
0
0
0
0
0
0
0
0
0
0
0
0
0
0
0
0
0
0
0
0
0
0
0
0
0
0
0
0
0
0
0
0
0
0
0
0
0
0
0
0
0
0
0
0
0
0
0
0
0
0
0
0
0
0
0
0
0
0
0
0
0
0
0
0
0
0
0
0
0
0
0
0
0
0
1
0
0
0
0
0
0
0
0
0
0
0
0
0
0
0
0
0
0
0
0
0
0
0
0
0
0
0
0
0
0
0
0
0
0
0
0
0
0
0
0
0
0
0
0
0
0
0
0
0
0
0
0
0
0
0
0
0
0
0
0
2
0
0
0
0
0
0
0
0
0
0
0
0
0
0
0
0
0
0
1
0
0
0
0
0
0
0
0
0
0
0
0
0
0
0
0
0
0
0
0
0
0
0
0
0
0
0
0
0
0
0
0
0
0
0
0
0
0
0
0
0
0
0
0
0
0
0
0
0
0
0
0
0
0
0
0
0
0
0
0
0
0
0
0
0
0
0
0
0
0
0
0
0
0
0
0
0
0
0
0
0
0
0
0
0
0
0
0
0
0
0
0
0
0
0
0
0
0
0
0
0
0
0
0
0
0
0
0
0
0
0
0
0
0
0
0
0
0
0
0
0
1
0
0
0
0
0
0
0
0
0
0
0
1
0
0
0
0
0
0
0
0
0
0
0
0
0
0
0
0
0
0
1
0
0
1
0
0
0
0
0
0
0
0
0
0
1
0
0
0
0
0
0
1
0
0
0
0
0
0
0
0
0
1
0
0
0
0
0
0
0
0
0
0
0
0
0
1
0
0
0
0
0
0
0
1
0
0
0
0
0
0
0
0
0
0
0
0
0
0
0
1
0
0
0
0
0
0
1
0
0
0
0
0
0
0
0
1
0
0
0
1
0
0
0
0
0
0
1
0
1
0
0
0
1
0
0
0
0
0
0
0
0
0
0
0
0
0
0
0
0
0
0
0
0
0
0
0
0
0
0
0
0
0
0
1
0
0
0
0
0
0
1
1
0
1
0
0
1
2
0
0
0
0
0
0
0
0
0
0
0
0
1
0
1
0
0
0
0
0
0
0
0
0
0
0
0
0
0
0
0
1
0
0
0
1
0
1
0
0
0
0
0
0
1
1
1
0
1
0
0
0
0
0
1
0
0
0
1
0
0
2
1
0
0
0
0
0
1
0
0
0
0
0
0
2
0
0
1
0
0
0
0
1
0
1
0
1
0
0
0
1
2
0
0
1
0
1
2
1
1
0
0
0
1
1
0
1
1
0
1
1
0
2
1
0
2
0
0
1
0
0
2
0
1
1
0
0
1
0
1
1
1
0
1
0
2
1
0
1
0
0
2
1
0
2
0
2
0
0
0
1
0
1
1
0
1
0
3
1
1
1
0
1
0
0
0
0
2
0
1
0
1
1
0
0
0
0
0
4
2
2
0
1
0
1
1
0
1
1
2
3
0
0
2
0
1
0
1
0
0
0
0
1
0
2
1
0
1
1
0
0
2
2
0
0
2
0
0
3
1
1
1
0
0
2
1
2
1
3
0
0
3
3
0
0
1
2
0
0
0
0
0
2
1
2
0
1
2
0
2
2
0
2
0
3
0
1
3
1
1
1
1
1
0
2
1
2
0
0
2
3
2
2
0
1
2
0
1
1
0
2
1
0
1
6
1
0
3
4
4
2
2
2
1
0
3
1
4
2
1
2
1
2
0
1
0
1
1
3
1
3
1
0
1
3
2
2
3
1
1
1
0
1
2
3
3
0
3
3
2
0
3
3
1
1
0
2
2
3
1
3
1
1
2
1
3
2
0
1
2
4
3
1
2
0
4
2
2
0
2
1
3
4
4
2
0
1
0
1
1
4
1
2
2
6
2
1
0
2
0
1
3
5
1
1
4
3
1
2
3
2
4
4
0
4
2
2
1
0
1
2
3
2
3
3
4
3
2
4
3
2
4
3
2
4
1
4
2
1
2
3
4
7
3
4
3
0
2
6
6
5
1
5
3
3
1
3
6
4
3
4
4
4
0
4
2
6
2
1
4
5
2
3
1
9
2
5
3
7
2
6
8
1
2
1
2
2
3
2
4
5
4
5
6
1
3
2
1
3
6
5
6
1
4
5
4
4
3
6
3
3
4
7
5
7
6
3
1
2
9
8
3
1
10
7
6
6
3
4
4
7
3
2
5
10
5
5
2
6
6
4
4
2
3
4
6
4
6
2
4
4
3
5
5
4
9
3
4
8
4
8
9
8
7
6
7
4
5
4
2
5
5
6
6
8
7
10
7
6
4
4
4
8
11
8
6
7
5
8
5
5
2
7
3
4
10
6
9
10
7
8
6
5
9
7
9
6
1
8
10
9
3
9
9
7
9
7
6
6
7
6
7
4
9
10
4
11
7
11
11
13
7
8
4
9
13
10
5
10
5
8
7
8
12
6
11
10
10
8
10
13
6
7
8
15
6
10
8
13
7
6
4
6
10
8
7
10
9
15
14
9
7
16
9
5
13
8
14
10
8
10
8
15
11
13
11
7
13
9
5
13
10
9
8
5
10
12
9
13
11
17
10
6
10
12
9
6
9
5
10
20
6
7
13
10
11
3
8
9
12
11
10
14
11
7
12
4
12
4
10
16
5
10
9
10
16
11
13
11
11
16
13
14
15
9
7
15
15
15
10
4
17
15
14
17
10
11
14
19
12
12
19
13
14
13
14
13
15
14
16
17
13
15
17
12
7
20
20
24
15
12
9
19
15
13
15
17
20
16
19
16
20
16
9
25
11
15
13
18
22
10
26
18
20
11
17
20
17
13
16
17
16
12
21
18
21
23
21
14
14
22
19
15
14
18
11
25
17
23
16
18
13
23
20
13
17
25
19
15
18
18
16
27
19
24
19
29
15
23
16
22
21
20
24
22
21
25
16
16
14
23
15
19
16
20
23
27
23
30
20
21
15
19
21
21
27
21
16
16
25
21
20
27
17
24
19
24
16
25
25
27
29
20
25
19
28
21
22
22
25
28
32
27
26
23
35
23
21
19
28
25
24
28
27
20
26
33
38
28
17
28
19
26
24
22
27
31
34
30
32
26
23
33
24
32
29
25
28
31
26
31
28
32
22
34
29
17
32
32
19
36
23
29
28
27
29
28
19
23
30
37
32
30
28
34
31
38
26
34
38
32
35
30
27
26
38
37
33
32
29
40
28
41
29
36
30
23
36
42
33
40
38
28
32
37
26
31
25
34
32
30
35
50
40
44
38
32
37
33
44
29
42
35
45
39
34
37
39
35
35
33
41
28
46
34
31
26
40
44
41
41
47
34
36
42
39
37
32
42
41
45
38
38
40
41
51
31
40
32
60
37
39
54
37
42
50
44
46
27
39
47
46
44
60
32
45
45
39
33
38
58
49
44
44
45
37
47
48
46
42
41
52
63
59
36
54
42
47
39
53
55
58
56
39
56
47
53
60
56
48
47
54
48
50
52
51
60
49
52
51
45
60
50
59
64
48
48
48
44
57
59
53
52
46
47
63
49
47
66
43
57
56
57
45
46
45
59
46
56
56
39
53
57
51
56
49
59
61
59
51
69
47
66
66
68
67
49
61
60
67
55
54
62
57
42
66
50
52
62
70
75
65
58
54
62
67
60
57
51
59
80
66
52
45
56
59
62
76
58
66
61
57
64
69
66
64
64
59
71
48
76
61
63
68
66
70
82
69
57
65
76
64
57
58
66
87
83
66
64
64
85
61
62
67
49
67
69
67
90
63
64
86
87
77
82
83
72
74
59
78
76
88
84
101
75
69
67
86
82
73
85
84
81
61
71
92
98
89
68
83
72
64
69
87
94
82
80
79
91
75
85
87
83
78
77
86
82
81
92
88
73
82
100
104
107
85
71
96
89
92
90
85
79
77
91
78
82
82
88
90
82
76
92
100
108
106
90
93
102
99
78
102
93
74
84
93
94
97
103
94
100
101
89
100
98
103
111
88
113
101
110
92
98
109
94
102
102
102
115
104
84
90
93
94
105
106
107
102
114
88
110
92
100
109
107
94
96
103
98
119
117
100
101
115
99
114
120
111
101
95
125
107
112
133
99
128
100
113
135
106
95
111
124
122
123
108
116
136
92
109
82
104
127
153
109
116
106
109
145
123
94
120
117
122
116
110
124
110
123
118
116
119
125
125
122
117
119
122
139
127
108
113
107
146
131
114
133
133
111
109
140
139
159
105
126
128
139
115
126
128
125
130
133
126
138
119
140
127
134
158
129
117
141
120
156
139
133
142
136
132
128
146
145
134
146
134
149
139
123
124
122
156
150
153
143
148
137
129
162
151
147
156
143
134
157
143
169
145
139
162
155
154
150
145
168
172
157
150
138
173
163
135
157
157
175
169
164
146
147
137
185
139
162
156
163
187
168
143
139
156
165
164
184
159
172
158
176
148
169
166
165
178
151
153
182
158
171
170
157
141
136
155
165
159
185
153
158
188
173
172
177
169
157
164
170
179
154
173
152
179
196
175
185
162
168
147
188
174
187
170
172
181
168
188
172
163
182
157
192
191
164
180
168
196
175
149
194
158
170
179
196
170
171
174
198
201
185
164
175
193
171
179
206
189
196
179
186
179
199
201
201
165
207
160
209
181
197
202
224
218
198
189
206
220
218
195
198
179
195
197
196
223
203
193
202
200
173
230
206
194
194
217
209
196
219
188
179
193
214
205
206
212
197
203
219
214
214
201
216
211
212
211
200
205
188
203
204
223
192
213
205
220
256
201
234
217
232
231
237
244
191
220
249
196
224
227
220
239
237
223
233
257
243
201
239
225
225
233
255
230
217
232
252
221
219
227
246
234
200
215
254
249
254
261
253
219
239
268
251
262
226
266
224
251
256
210
236
256
237
263
265
256
231
248
255
250
237
237
242
242
230
250
248
224
258
266
269
259
267
265
252
246
235
261
252
258
234
273
237
249
238
253
248
273
236
249
233
239
251
264
274
244
298
293
218
290
252
268
257
245
247
258
261
285
247
265
281
278
232
266
261
285
242
272
281
252
261
286
286
287
255
276
300
301
271
267
297
272
277
262
288
258
286
278
288
293
272
292
290
270
267
251
288
300
275
283
296
285
272
304
331
296
265
307
284
279
316
294
276
307
295
313
303
305
296
293
287
310
314
288
318
294
283
253
262
316
272
298
322
285
311
281
298
335
313
302
332
292
303
324
332
351
298
287
310
304
310
307
289
331
324
293
341
322
289
311
318
322
339
295
318
353
323
304
324
330
325
328
331
318
338
298
297
339
346
326
354
376
326
337
319
348
305
360
338
333
347
293
326
345
322
326
360
348
341
339
331
353
338
353
334
384
343
304
352
358
347
348
369
321
346
327
339
335
358
312
296
352
342
303
355
323
330
343
369
320
336
338
356
350
384
382
347
336
382
385
373
377
347
375
365
366
317
352
381
374
386
373
331
341
327
327
335
357
354
327
351
375
344
345
360
394
371
350
377
364
335
355
401
342
345
364
373
358
402
382
378
396
316
376
356
393
358
389
404
368
370
374
397
409
399
400
399
361
385
377
390
382
384
361
348
391
352
414
454
366
375
390
408
370
398
404
373
409
397
389
348
377
392
362
386
367
396
399
382
373
409
354
391
390
419
378
431
435
379
395
427
400
366
406
418
415
393
391
377
422
362
393
408
421
403
403
424
425
406
421
426
438
403
366
467
362
422
423
419
433
437
396
438
414
454
366
430
454
427
453
385
405
422
381
380
456
427
457
438
440
387
428
412
425
411
421
408
430
439
457
441
424
430
443
429
454
473
409
446
409
443
417
436
467
457
397
432
421
433
465
459
454
422
435
456
430
449
414
461
413
459
446
390
441
423
400
439
468
439
444
466
421
433
412
442
468
478
429
444
436
445
447
479
436
463
426
476
424
428
455
480
447
443
452
461
451
463
473
490
474
457
474
469
470
468
453
476
436
475
392
455
504
483
447
471
423
509
432
490
431
458
445
470
456
487
436
495
461
473
414
421
449
467
440
502
460
418
452
478
481
529
439
425
460
469
453
466
470
467
525
479
534
500
495
555
484
488
489
491
525
502
482
441
481
453
475
484
480
501
477
450
472
489
469
538
486
484
487
530
498
541
472
462
457
500
497
504
523
516
452
405
495
483
539
504
502
471
491
462
518
499
487
527
470
472
516
506
556
524
504
488
439
512
511
523
515
498
535
524
481
524
472
522
487
519
500
514
536
509
482
511
481
508
502
518
525
511
485
473
522
491
533
476
472
479
463
499
506
478
495
527
484
487
501
523
495
498
595
497
501
513
513
520
545
538
527
542
528
506
467
439
550
523
505
551
522
511
517
529
546
549
513
563
524
505
515
521
548
534
544
585
543
548
557
577
550
522
545
537
536
520
493
515
569
499
521
546
515
532
543
574
560
513
500
540
542
539
505
486
516
509
552
516
520
564
501
504
526
569
536
576
584
525
529
524
567
541
514
545
515
537
548
522
527
567
506
544
582
547
528
595
538
530
572
537
549
553
509
557
609
512
593
552
540
525
501
548
543
567
537
584
563
543
549
572
619
552
561
563
483
546
538
552
547
546
568
579
553
566
533
553
561
539
552
593
596
522
477
536
574
544
603
564
554
589
536
521
562
574
534
599
548
580
566
585
532
561
514
558
595
517
544
575
579
590
518
566
557
556
582
568
577
571
559
595
610
587
546
529
555
567
548
560
553
564
571
472
590
593
562
584
565
578
527
569
559
577
567
574
574
611
527
571
542
558
576
605
582
545
555
582
547
559
555
584
551
589
553
556
553
580
567
572
604
545
584
608
550
568
528
569
563
536
572
555
566
560
543
659
613
583
538
602
537
552
558
566
615
576
567
573
539
608
583
611
570
539
571
586
569
536
569
600
540
572
512
531
607
568
563
591
583
592
546
561
578
597
551
560
576
590
548
609
570
588
565
557
541
559
558
610
584
592
591
548
595
574
587
576
640
595
598
597
594
626
585
619
561
560
581
607
636
574
573
477
560
577
598
582
592
583
578
565
555
566
572
655
580
557
587
492
597
566
614
639
543
562
547
594
577
576
584
576
579
587
532
607
633
593
601
576
549
575
571
545
619
533
580
595
548
587
515
569
614
561
576
589
582
562
560
589
554
555
511
572
620
584
623
559
559
573
563
579
599
532
572
622
566
568
592
583
605
491
491
550
556
584
553
611
545
611
584
536
605
611
529
579
562
576
570
588
608
578
611
588
574
579
592
598
609
564
592
590
593
600
567
570
596
552
560
557
560
552
570
588
585
610
590
622
541
595
587
448
581
543
572
591
589
581
586
583
556
586
558
577
525
582
494
570
577
542
588
580
577
554
570
543
577
582
559
593
545
603
572
602
549
556
610
613
595
572
508
596
562
560
512
610
565
624
506
570
603
582
557
566
572
547
548
605
581
601
569
561
582
636
547
563
605
621
566
590
587
514
552
526
588
521
537
575
577
569
491
511
592
591
564
601
614
549
548
619
554
575
608
571
552
542
569
585
589
538
594
597
593
578
550
581
617
597
535
558
513
588
551
551
569
545
611
555
523
525
542
548
573
558
562
581
590
608
615
469
613
500
565
616
534
564
550
571
583
554
550
549
531
588
520
547
572
550
574
579
558
555
545
556
589
547
538
541
562
542
535
601
551
539
568
594
561
534
553
581
559
537
559
542
550
515
521
530
558
538
561
545
553
574
539
581
530
560
519
570
556
560
522
560
532
573
546
584
522
540
532
558
568
568
524
527
547
530
480
488
547
543
560
523
596
523
563
530
566
565
533
549
562
585
547
550
560
490
566
521
600
522
504
575
553
542
555
530
531
572
544
541
543
545
540
572
496
513
522
558
558
538
541
545
508
544
534
440
576
530
542
555
525
516
506
525
568
522
508
545
541
557
519
468
586
535
561
565
513
531
515
509
506
530
504
528
510
499
492
521
536
552
533
545
526
524
523
518
521
545
455
577
522
512
482
512
508
504
518
565
542
544
528
482
499
543
478
550
597
543
474
540
527
533
542
540
537
530
527
540
539
539
533
513
537
482
447
476
491
527
501
566
535
493
494
534
524
490
524
517
498
473
534
505
530
509
541
533
506
498
506
480
509
529
508
541
490
490
498
493
475
472
480
525
480
495
483
512
523
449
463
488
522
469
495
437
441
518
486
479
477
476
502
482
525
523
487
509
474
459
521
445
488
477
508
531
486
527
492
472
532
485
453
517
510
491
469
501
446
486
502
496
506
497
469
480
476
455
449
497
497
463
434
463
490
509
446
529
484
470
501
456
461
482
455
446
457
464
439
476
447
445
443
530
501
456
455
493
462
452
443
439
430
480
417
416
484
465
477
450
480
442
435
487
445
457
503
454
464
480
468
467
492
462
475
458
458
454
444
513
484
476
442
414
472
466
484
449
438
458
482
460
462
441
431
437
453
439
394
438
454
436
438
344
451
437
459
481
443
404
390
453
454
450
436
411
459
440
428
419
462
466
438
470
464
407
407
432
456
485
430
448
452
430
423
462
468
432
408
420
445
430
416
422
460
421
399
429
458
444
403
448
451
403
439
464
414
444
423
445
438
435
432
412
441
440
396
445
426
440
460
438
417
399
410
449
423
425
417
397
404
405
390
356
388
443
398
448
435
392
404
425
416
424
380
427
403
432
395
437
424
416
442
420
438
411
430
402
384
408
414
377
369
426
386
433
411
393
405
453
449
420
413
394
408
392
417
449
449
371
367
323
420
387
381
416
384
420
374
403
410
408
380
389
404
383
366
408
427
352
436
395
398
392
401
381
400
412
363
383
353
410
401
372
395
372
399
373
355
370
363
431
345
360
369
396
376
387
369
378
436
361
423
422
353
362
362
381
388
370
356
387
399
371
350
364
371
396
335
370
344
365
362
419
372
379
335
357
336
383
338
331
383
373
360
373
336
368
388
405
332
358
343
375
379
357
380
362
367
376
354
338
333
354
349
381
378
367
339
358
368
362
324
363
345
346
350
336
337
357
328
370
353
352
351
386
351
355
356
285
359
360
341
342
372
360
380
325
350
362
330
343
316
330
325
374
346
307
343
336
344
318
361
342
356
323
321
349
313
318
325
310
343
305
319
327
342
325
288
335
334
358
302
338
319
334
289
293
334
317
333
339
334
316
301
347
299
310
310
322
343
326
320
327
331
351
295
339
281
331
309
302
287
338
321
293
320
305
241
279
325
301
310
348
331
302
316
303
319
275
296
305
320
316
296
284
327
298
275
323
307
322
304
340
334
303
258
321
282
305
292
281
304
304
294
282
309
309
303
312
318
303
298
287
295
291
289
239
290
276
266
303
279
297
262
311
275
267
294
322
269
276
270
267
309
283
269
286
261
306
261
289
302
259
277
295
293
298
250
282
280
269
258
267
288
284
292
300
286
286
271
285
266
269
262
296
269
277
270
265
266
286
256
289
252
268
267
264
282
274
244
298
278
243
249
265
271
238
246
280
303
283
229
268
281
229
245
248
276
263
248
253
242
287
277
240
278
248
255
248
257
262
267
226
266
272
255
271
269
246
242
241
245
207
266
266
269
226
253
248
253
248
234
243
248
257
231
268
261
243
233
251
233
234
246
196
248
267
218
302
233
258
218
229
224
266
222
252
237
248
214
242
221
259
215
225
221
211
245
224
241
230
209
242
216
234
234
245
237
241
218
265
257
208
235
209
235
233
239
231
228
271
203
229
212
227
246
200
223
232
220
231
204
185
225
223
216
190
235
210
199
241
211
243
220
224
205
230
214
204
207
204
238
224
182
177
235
204
216
206
217
217
209
211
214
221
192
197
193
188
225
209
225
207
219
202
222
185
191
211
204
183
210
226
201
198
201
195
191
210
179
224
210
217
184
209
184
191
212
190
207
186
197
155
216
186
188
202
198
198
213
231
210
180
183
183
203
180
162
177
191
204
203
192
159
194
177
193
176
174
183
212
194
180
191
179
171
178
188
184
196
187
150
180
179
188
185
168
170
174
173
177
183
222
202
200
163
173
167
168
173
172
153
197
172
178
163
207
165
174
169
166
180
167
169
173
181
179
209
155
164
180
170
143
182
180
176
174
183
176
197
166
160
187
180
148
154
191
162
159
175
163
175
157
194
180
159
172
169
156
158
177
179
173
167
174
167
155
154
188
183
157
162
184
155
153
140
164
156
166
170
156
151
160
164
170
147
178
155
175
165
158
154
165
173
166
158
157
149
150
141
153
153
142
155
156
159
145
165
153
139
143
137
153
171
151
143
162
158
147
145
144
153
144
160
158
135
133
132
147
151
150
165
142
142
143
136
155
126
144
127
130
151
142
141
136
135
148
134
132
139
156
132
149
128
161
138
129
132
128
118
129
147
137
128
122
144
120
140
129
126
160
127
138
127
155
148
142
132
139
139
137
148
127
137
129
136
136
131
134
122
130
103
131
135
130
132
132
118
118
116
121
138
109
133
162
125
140
146
95
119
138
157
118
120
134
124
114
130
140
114
115
131
131
107
125
127
107
135
106
138
127
126
133
138
105
129
124
121
115
121
145
136
127
143
132
119
137
109
105
113
115
105
125
120
104
97
112
103
102
107
116
113
104
104
119
119
114
115
120
92
108
99
122
120
111
119
104
133
116
90
101
120
91
121
105
107
95
80
97
114
120
125
106
93
114
114
112
96
101
105
109
99
113
89
117
104
106
93
113
107
98
108
83
79
111
93
101
97
103
93
91
118
108
103
106
110
101
95
108
120
101
86
107
111
121
90
87
88
94
82
96
77
100
81
98
100
74
84
101
78
88
96
90
99
84
81
89
106
85
110
98
103
90
102
81
115
94
85
86
77
92
86
90
103
91
82
84
77
87
85
82
83
88
80
72
100
84
84
97
78
88
72
89
103
100
80
96
83
80
77
86
84
75
95
92
82
75
86
84
86
78
83
71
85
60
80
86
81
73
94
75
90
79
84
96
72
70
80
80
71
89
73
77
75
85
78
81
79
77
75
82
75
78
72
61
67
67
82
85
76
75
82
55
85
63
80
71
70
89
66
72
82
82
79
63
87
76
82
66
55
65
71
52
63
66
81
76
65
67
74
77
72
59
78
76
66
59
60
83
68
69
68
51
66
75
65
72
54
78
65
73
74
70
61
82
63
64
64
67
73
52
66
71
67
62
77
54
68
58
67
74
58
68
58
48
60
75
73
58
47
70
58
77
75
61
46
54
55
67
45
68
60
53
60
62
70
58
62
56
68
59
67
77
58
67
60
59
55
59
58
45
54
42
60
56
55
55
54
63
65
61
48
53
40
58
65
50
62
51
60
68
60
66
49
57
43
44
61
57
69
60
65
43
47
48
53
63
54
52
53
60
70
54
38
47
53
55
66
48
50
57
42
53
55
66
53
43
52
52
40
47
45
44
54
52
58
56
44
49
44
52
53
65
48
49
43
49
62
48
40
48
40
61
45
49
40
37
60
49
54
44
57
49
38
36
36
48
47
42
51
50
41
35
34
50
35
48
46
49
39
45
38
43
50
58
40
50
50
52
50
49
41
40
48
37
40
45
40
31
39
50
32
47
56
44
40
46
39
36
52
45
46
37
50
39
46
40
39
48
38
43
39
59
35
38
35
49
36
37
35
31
45
37
47
37
37
45
22
58
40
49
39
38
39
47
37
33
44
40
32
39
42
52
24
39
54
35
37
52
44
38
33
36
35
37
38
42
38
33
45
39
37
26
36
32
46
27
24
46
30
39
31
41
41
36
35
44
29
41
48
26
27
32
33
35
24
24
34
31
26
38
15
38
45
45
40
34
31
38
28
23
30
32
34
25
39
25
34
36
24
30
36
40
35
25
50
22
24
41
27
25
29
32
27
28
25
28
22
36
28
22
26
27
24
30
33
34
35
22
36
35
25
27
31
26
28
27
35
27
29
31
23
30
29
24
24
29
26
30
29
30
35
20
26
22
35
28
30
22
27
20
17
28
35
18
35
22
29
17
23
28
25
24
39
25
24
21
27
26
21
24
26
20
22
20
27
24
27
30
23
32
34
22
26
25
23
24
18
28
23
24
20
24
18
23
22
21
24
26
24
21
24
28
17
31
23
19
29
14
19
26
28
20
23
17
23
19
37
25
27
31
24
20
30
21
16
28
22
15
30
25
26
27
30
19
14
9
15
20
15
18
24
12
17
28
16
20
21
15
23
17
23
23
14
19
16
19
18
23
18
28
16
21
15
20
22
24
17
23
20
17
25
20
16
16
14
16
13
17
17
19
17
22
19
20
17
20
21
20
23
25
16
13
17
27
9
17
16
22
14
18
24
18
21
14
21
15
19
14
20
21
19
16
15
20
15
20
14
15
21
20
15
19
15
19
18
17
17
14
16
20
17
16
18
6
19
11
18
19
20
17
19
17
18
13
19
23
22
17
15
19
15
18
21
20
12
12
19
16
16
10
15
20
16
8
8
14
20
17
17
12
13
13
12
11
21
16
17
15
13
11
18
11
11
10
11
23
16
18
10
18
13
22
9
13
11
13
17
18
9
24
6
8
16
8
10
10
12
12
18
13
12
13
10
13
13
13
15
13
13
23
6
10
10
12
14
9
8
14
15
16
10
17
10
13
9
10
13
12
14
11
16
14
12
9
17
10
8
13
19
10
7
10
12
15
11
15
7
13
11
11
10
12
14
13
7
12
11
11
21
9
13
13
14
13
12
12
8
5
10
18
14
12
12
13
9
14
15
11
18
5
11
8
7
9
11
6
8
9
14
5
10
17
6
9
9
18
9
5
7
10
11
11
8
10
7
10
6
8
9
9
13
10
10
16
12
13
6
15
11
10
7
7
11
9
9
6
15
8
10
7
14
9
10
9
11
8
10
10
6
11
6
10
10
10
11
9
4
12
9
6
6
7
3
11
11
7
10
7
6
5
12
6
7
8
4
9
5
11
13
9
7
6
8
17
5
9
7
6
7
9
8
7
12
9
5
8
6
9
9
9
6
6
11
8
7
7
6
2
2
8
8
5
6
9
7
3
11
7
5
10
3
8
10
7
8
7
9
9
7
3
4
9
13
9
7
5
5
2
4
5
3
7
9
8
6
1
7
6
4
5
5
3
7
6
4
7
3
6
7
4
10
3
6
4
5
6
5
6
6
4
5
7
3
8
5
5
4
6
11
5
7
3
3
7
3
6
3
4
7
4
5
5
5
2
3
9
8
8
6
3
5
6
6
5
6
4
5
7
6
5
8
9
4
4
3
4
5
8
4
4
9
5
2
2
5
4
4
4
6
3
5
4
4
7
6
7
3
4
6
3
4
4
1
5
5
4
1
7
2
2
0
6
6
5
5
2
7
3
10
6
4
2
1
3
7
5
9
3
4
7
8
2
3
5
7
2
4
1
3
2
3
3
3
2
4
3
0
0
3
5
4
4
5
5
6
7
3
2
4
8
1
3
5
4
5
4
1
2
3
3
0
3
3
3
1
1
9
2
2
1
2
1
3
7
7
5
3
3
3
3
1
4
5
3
9
5
3
4
2
4
5
3
5
2
2
6
4
4
5
2
2
0
4
4
4
1
2
4
2
5
1
2
2
4
6
4
3
2
1
5
7
1
2
4
2
2
7
3
1
1
1
5
4
2
5
1
4
5
3
4
3
2
2
1
0
3
2
1
2
4
6
3
2
2
6
3
3
1
3
1
5
3
1
4
3
2
3
6
1
4
1
5
3
3
6
2
1
3
3
3
2
4
2
1
4
1
3
6
3
8
2
2
5
1
4
6
2
5
3
1
2
2
2
2
0
0
2
3
2
3
1
5
2
3
1
2
3
1
2
2
2
2
2
4
2
5
1
0
2
3
1
2
1
2
5
4
3
1
1
3
4
3
1
3
1
3
4
1
0
3
0
4
3
2
1
0
3
0
2
4
4
3
0
1
1
1
2
2
1
3
0
1
2
1
2
2
2
0
3
3
0
1
1
4
1
2
3
2
2
0
3
2
2
1
0
1
1
0
1
2
2
1
3
4
2
2
1
2
3
3
2
0
0
2
1
0
0
1
2
2
1
1
3
1
2
1
2
2
2
1
1
1
0
1
1
0
5
2
1
1
1
3
1
1
1
0
2
1
0
1
1
3
0
0
1
0
2
2
1
3
3
2
2
3
0
0
0
3
2
1
0
1
0
1
1
2
1
1
0
0
2
0
1
3
1
1
3
2
2
1
0
1
0
0
2
0
0
0
2
0
0
1
1
1
0
0
2
0
1
1
3
1
1
2
0
2
2
0
1
2
0
0
1
2
2
3
0
2
2
1
0
2
0
1
0
1
1
5
5
0
0
2
0
1
0
0
0
1
1
0
2
0
1
3
0
1
0
2
0
3
0
3
3
0
1
0
0
1
0
0
0
1
2
0
1
1
1
0
1
1
0
1
2
3
1
1
0
1
0
0
2
0
0
0
1
1
0
1
1
0
2
1
1
3
2
1
0
2
0
1
0
3
0
0
1
0
1
0
0
0
1
2
1
0
1
2
1
1
0
1
0
0
0
1
0
2
0
0
0
1
0
0
0
0
0
0
1
4
0
0
0
0
1
1
1
0
0
1
1
1
2
0
0
1
0
0
3
1
0
0
2
2
0
1
0
0
0
0
1
0
1
0
3
0
0
0
0
1
0
0
0
0
0
0
0
1
1
0
0
0
1
0
0
0
0
1
0
0
1
1
1
0
0
0
0
0
1
1
1
0
0
1
0
0
0
0
0
0
0
0
0
0
0
0
0
0
0
1
1
0
0
0
1
1
1
0
0
0
2
1
0
0
1
0
0
0
3
0
1
2
0
0
1
1
0
0
2
1
0
0
0
0
0
0
1
1
0
0
0
0
0
1
0
0
0
3
0
0
0
1
1
0
0
0
0
0
0
0
0
1
0
0
0
0
1
0
2
0
0
0
1
0
0
0
1
0
0
0
0
0
0
1
0
1
0
0
1
0
0
0
0
0
0
1
0
0
0
0
1
1
0
1
0
0
0
1
1
0
0
0
0
0
0
0
0
0
1
0
0
1
0
0
0
0
0
0
0
0
1
0
0
0
0
0
1
1
2
0
0
0
0
1
0
0
1
0
0
0
0
3
0
0
0
0
0
0
0
0
0
0
0
1
0
1
0
0
0
0
0
0
1
0
0
0
0
1
0
0
0
0
0
2
0
0
1
0
0
0
0
0
2
0
0
1
0
0
0
0
0
0
0
0
0
0
0
0
0
0
1
0
0
0
0
0
3
1
0
1
0
0
0
0
0
0
0
0
0
2
0
1
0
0
1
0
0
0
0
0
1
0
0
1
0
0
0
0
0
0
0
0
0
0
1
0
1
0
0
0
0
0
0
2
0
1
0
0
1
0
1
0
0
0
0
0
0
0
0
1
0
0
0
0
0
0
0
0
0
0
0
1
0
1
0
0
0
0
0
0
0
0
0
0
0
0
0
0
1
4
0
0
0
0
2
0
0
0
0
0
0
0
0
0
0
0
0
1
1
0
0
0
0
0
0
0
0
0
0
0
0
0
0
0
0
0
0
1
1
0
0
0
0
0
0
0
0
0
0
0
0
0
0
0
0
0
0
1
0
0
0
0
2
0
0
0
0
0
0
0
0
0
0
0
0
0
0
0
1
0
0
0
0
0
0
0
0
0
0
0
0
0
0
0
0
0
0
1
0
0
2
0
0
0
0
0
0
0
0
0
0
0
0
0
0
0
0
0
0
0
0
0
0
0
0
0
0
0
0
0
0
1
0
0
0
0
0
0
0
0
0
0
0
0
0
0
0
0
0
0
0
0
0
0
0
0
0
0
0
0
0
0
0
0
0
1
1
0
0
0
0
0
0
0
0
0
0
0
0
0
0
0
0
0
0
0
0
0
0
0
0
0
0
0
0
0
0
0
0
0
0
0
0
0
0
1
0
0
0
0
0
0
0
0
0
0
0
0
0
0
0
0
0
1
0
0
0
0
0
0
0
0
0
0
0
2
0
0
0
0
0
0
0
0
0
0
0
0
0
0
0
0
0
0
0
0
0
0
0
0
0
0
0
0
0
0
0
1
0
0
0
0
0
0
0
0
0
0
0
0
0
0
0
0
0
0
0
0
0
0
0
0
0
0
0
0
0
0
0
0
0
0
0
0
0
0
0
0
0
0
0
0
0
0
0
0
0
0
0
0
0
0
0
0
0
0
0
0
0
0
0
0
0
0
0
0
0
0
0
0
0
0
0
0
0
0
0
0
0
0
0
0
0
0
0
1
0
0
0
0
0
0
0
1
0
0
0
0
0
0
0
0
0
0
0
0
0
0
0
0
0
0
0
0
1
0
0
0
0
0
0
0
0
0
0
0
0
0
0
0
0
0
0
0
0
0
0
0
0
0
0
0
0
0
0
0
0
0
0
0
0
0
0
0
0
0
0
0
0
0
0
0
0
0
0
0
0
0
0
0
0
0
0
0
0
0
0
1
0
0
0
0
0
0
0
0
0
0
0
0
0
0
0
0
0
0
0
0
0
0
0
0
0
0
0
0
0
0
0
0
0
0
0
0
0
0
0
0
0
0
0
0
0
0
0
0
0
0
1
0
0
0
0
0
0
0
0
0
0
0
0
0
0
0
0
1
0
0
0
0
0
0
0
0
0
0
0
0
0
0
0
0
0
0
0
0
0
0
0
0
0
0
0
0
0
0
0
0
0
0
0
0
0
0
0
0
0
0
0
0
0
0
0
0
0
0
0
0
0
0
0
0
0
0
0
0
0
0
0
1
0
0
0
0
0
0
0
0
0
0
0
0
0
0
0
0
0
0
0
0
0
0
0
0
0
0
0
0
0
0
0
0
0
0
0
0
0
0
0
0
0
0
0
0
0
0
0
0
0
0
0
0
0
0
0
0
0
0
0
0
0
0
0
0
0
0
0
0
0
0
0
0
0
0
0
0
0
0
0
0
0
0
0
0
0
0
0
0
0
0
0
0
0
0
0
0
0
0
0
0
0
0
0
0
0
0
0
0
0
0
0
0
0
0
0
0
0
0
0
0
0
0
0
0
0
0
0
0
0
0
0
0
0
0
0
0
0
0
0
0
0
0
0
0
0
0
0
0
0
0
0
0
0
0
0
0
0
0
0
0
0
0
0
0
0
0
0
0
0
0
0
0
0
0
0
0
0
0
0
0
0
0
0
0
0
0
0
0
0
0
0
0
0
0
0
0
0
0
0
0
0
0
0
0
0
0
0
0
0
0
0
0
0
0
0
0
0
0
0
0
0
0
0
0
0
0
0
0
0
0
0
0
0
0
0
0
0
0
0
0
0
0
0
0
0
0
0
0
0
0
0
0
0
0
0
0
0
0
0
0
0
0
0
0
0
0
0
0
0
0
0
0
0
0
0
0
0
0
0
0
0
0
0
0
0
0
0
0
0
0
0
0
0
0
0
0
0
0
0
0
0
0
0
0
0
0
0
0
0
0
0
0
0
0
0
0
0
0
0
0
0
0
0
0
0
0
0
0
0
0
0
0
0
0
0
0
0
0
0
0
0
0
0
0
0
0
0
0
0
0
0
0
0
0
0
0
0
0
0
0
0
0
0
0
0
0
0
0
0
0
0
0
0
0
0
0
0
0
0
0
0
0
0
0
0
0
0
0
0
0
0
0
0
0
0
0
0
0
0
0
0
0
0
0
0
0
0
0
0
0
0
0
0
0
0
0
0
0
0
0
0
0
0
0
0
0
0
0
0
0
0
0
0
0
0
0
0
0
0
1
0
0
0
0
0
0
0
0
0
0
0
0
0
0
0
0
0
0
0
0
0
0
0
0
0
0
0
0
0
0
0
0
0
0
0
0
0
0
0
0
0
0
0
0
0
0
0
0
0
0
0
0
0
0
0
0
0
0
0
0
0
0
0
0
0
0
0
0
0
0
