0
0
0
0
0
0
0
0
0
0
0
0
0
0
0
0
0
0
0
0
0
0
0
0
0
0
0
1
0
0
0
0
0
0
0
0
0
0
0
0
0
0
0
0
0
0
0
0
0
0
0
0
0
0
0
0
0
0
0
0
0
0
0
0
0
0
0
0
2
0
0
0
0
0
0
0
0
0
0
0
0
0
0
0
0
0
0
0
0
0
0
0
0
0
0
0
0
0
0
0
0
0
0
0
0
0
0
0
0
0
0
0
0
0
0
0
0
0
0
0
0
0
0
0
0
0
0
0
0
0
0
0
0
0
1
0
0
0
0
0
0
0
0
0
0
0
1
0
0
1
0
0
0
0
0
0
0
1
0
0
0
0
0
0
0
0
0
0
0
0
0
0
0
0
0
0
1
0
0
0
0
0
0
0
0
0
0
0
0
0
0
0
0
0
0
0
0
0
0
0
0
0
0
0
0
1
0
1
0
1
0
1
0
0
0
0
0
0
0
0
0
0
0
0
0
0
0
0
0
0
0
0
0
0
0
0
0
0
0
0
0
2
0
0
0
0
0
0
0
0
0
0
1
0
0
0
0
0
0
0
0
1
0
1
0
0
1
0
0
0
0
0
0
0
0
0
0
0
0
0
0
0
0
0
0
0
0
0
0
0
1
0
0
0
0
0
1
1
1
0
0
0
0
0
0
0
1
0
0
1
0
0
0
0
0
3
0
0
0
2
0
0
0
0
0
1
0
2
0
0
0
0
1
0
0
0
0
1
0
1
0
0
0
0
0
0
2
1
0
0
0
0
0
0
1
0
0
0
0
0
2
1
0
0
1
1
1
2
0
0
1
0
0
1
1
0
1
0
0
1
0
0
0
3
0
1
1
1
0
0
3
0
0
1
1
0
1
0
1
2
1
2
1
0
0
1
0
0
0
2
0
2
3
1
0
1
2
0
0
0
1
3
0
0
0
2
1
1
1
0
0
2
1
0
0
1
1
2
0
1
0
1
0
1
1
1
1
1
1
0
2
1
1
0
0
1
1
2
1
1
1
0
1
2
1
1
0
0
0
0
0
1
1
0
0
0
0
3
2
1
0
1
1
2
0
3
1
3
0
0
1
2
6
0
1
1
2
4
0
4
3
3
3
0
1
0
3
2
0
0
0
2
2
2
3
1
1
2
4
2
1
5
0
2
4
2
1
4
1
3
3
2
3
1
3
0
2
1
2
1
1
4
1
1
3
2
0
2
1
0
0
3
4
3
4
2
1
3
3
2
1
4
3
2
3
1
3
3
1
2
4
0
3
2
1
4
4
2
1
3
1
1
1
1
0
0
4
0
4
1
3
7
7
3
4
2
2
5
3
5
5
2
2
4
9
3
3
3
4
1
2
2
2
4
5
5
0
6
3
3
4
1
4
2
7
3
3
6
6
4
3
3
2
4
3
5
0
2
3
2
4
3
5
1
4
5
1
2
6
6
1
4
5
1
4
4
4
7
2
8
4
5
6
12
1
8
2
3
6
9
4
2
3
5
3
8
2
5
3
7
2
6
1
4
9
4
5
6
4
6
8
0
6
3
7
5
4
5
7
3
7
2
2
5
12
6
3
9
10
6
6
11
8
11
7
5
6
6
9
6
7
2
6
6
5
6
5
8
7
8
4
4
9
8
7
12
7
6
4
8
8
8
5
8
7
8
3
7
4
5
4
5
8
12
10
7
7
7
7
7
11
12
5
6
13
8
10
12
5
9
10
12
6
7
6
9
2
6
4
4
3
9
10
15
11
7
13
14
13
12
5
15
9
9
8
8
7
10
11
9
6
11
8
5
13
11
13
11
10
12
9
8
7
13
11
13
18
16
12
15
12
9
8
14
8
13
8
11
11
17
13
7
13
10
13
13
9
14
10
13
11
11
15
13
9
11
15
15
15
12
14
13
13
11
18
18
11
11
20
11
11
18
9
17
11
19
18
16
22
7
9
15
18
11
22
6
15
27
18
8
16
17
14
15
17
22
17
23
10
16
19
12
18
11
15
16
12
15
18
20
18
17
21
17
16
19
18
12
18
16
12
17
14
28
25
17
15
13
19
27
24
18
23
8
18
17
16
20
18
16
17
20
27
24
19
25
11
21
28
12
20
16
20
21
21
19
26
27
29
21
23
23
22
32
20
23
22
15
30
25
21
31
21
28
24
29
18
28
29
29
24
18
32
26
30
19
26
24
31
29
28
17
24
20
31
21
24
28
25
21
34
27
30
29
19
21
34
19
30
34
26
22
33
25
36
24
20
29
33
26
32
28
21
24
32
36
19
37
19
30
32
27
34
30
29
35
33
37
35
34
31
23
30
33
41
35
31
37
35
39
27
37
26
40
33
39
30
38
36
28
38
24
36
40
40
39
37
34
33
48
45
38
30
41
35
40
52
41
45
35
37
37
35
39
35
32
46
34
35
44
39
45
41
34
33
36
38
44
45
55
46
40
46
51
40
41
48
34
40
41
41
44
39
41
37
44
38
36
35
35
51
56
48
41
43
57
51
43
39
49
54
49
48
52
50
46
43
53
48
73
40
43
41
48
46
52
42
46
30
53
55
46
46
46
57
49
45
47
47
42
54
67
52
47
43
68
56
54
55
62
51
50
52
57
66
62
49
53
76
59
55
51
72
52
55
58
67
63
72
54
51
58
70
67
59
69
62
60
65
56
69
57
63
69
69
68
76
60
68
70
67
67
71
61
60
59
54
64
81
68
59
75
59
61
72
77
68
74
63
80
58
75
73
75
73
55
57
74
73
71
63
65
74
77
93
78
61
76
79
79
90
65
71
58
73
65
81
88
75
63
76
78
76
90
73
76
78
73
89
78
69
85
96
94
86
85
97
71
79
73
92
81
99
95
86
74
86
84
84
98
97
79
106
88
75
106
93
96
103
74
82
93
91
101
82
100
100
89
98
111
96
95
85
116
88
100
95
88
99
97
89
91
103
95
103
102
98
102
92
85
110
112
88
99
121
117
92
102
86
115
115
100
108
104
100
106
101
112
120
113
125
92
104
108
113
119
112
130
108
116
118
126
115
110
113
115
109
100
126
118
121
143
116
124
125
118
123
133
138
138
135
111
119
127
115
121
139
113
125
126
113
129
128
132
136
122
113
114
133
89
144
143
147
115
130
138
119
149
127
131
130
129
121
117
111
140
124
121
152
149
131
151
134
132
146
117
139
137
129
151
151
152
129
160
150
135
142
127
145
142
129
150
168
121
133
110
138
117
143
159
130
123
132
133
136
143
160
164
155
152
152
136
171
166
173
165
171
146
170
185
148
147
190
146
166
162
155
163
166
155
172
170
151
171
171
164
160
165
157
186
168
180
159
157
166
167
184
169
176
166
183
177
195
203
168
174
192
181
168
187
180
170
180
190
175
196
173
183
176
169
195
193
191
201
159
180
175
176
180
173
184
199
192
192
182
209
207
197
201
203
187
219
225
191
186
206
196
207
196
189
200
185
199
212
209
186
226
202
209
227
186
210
230
235
209
199
211
194
200
206
185
223
194
178
213
224
226
213
175
208
236
233
220
218
219
214
201
211
226
200
201
217
223
207
217
227
235
270
210
237
222
257
219
218
209
222
267
213
212
254
213
217
217
219
236
231
245
224
255
236
211
260
250
256
238
233
246
233
232
263
221
272
237
259
250
238
237
237
254
245
243
241
245
246
287
285
234
242
257
288
250
263
214
221
252
260
268
285
258
238
249
274
265
298
268
294
254
262
272
280
286
272
254
306
252
280
264
279
261
272
272
282
252
269
294
260
286
252
301
261
299
334
259
269
281
265
273
258
280
266
273
228
302
269
283
302
295
310
262
293
321
272
266
297
302
304
292
304
283
310
329
337
265
291
324
291
315
333
293
307
306
295
297
304
290
297
318
303
328
326
302
314
313
342
327
339
307
366
314
331
313
313
329
298
350
319
350
318
289
306
326
339
302
315
334
365
383
360
340
388
363
355
348
374
349
296
335
341
309
336
310
328
348
313
330
351
361
341
344
383
348
359
354
351
346
355
327
383
303
353
354
355
338
298
322
359
360
359
335
362
382
356
302
353
355
387
379
359
348
349
370
365
384
387
365
401
357
348
398
313
372
393
398
426
350
372
356
372
389
368
390
430
365
364
354
392
382
372
356
387
371
405
370
366
380
386
355
396
409
347
377
397
400
394
394
401
451
378
400
398
422
403
415
414
408
397
399
440
450
377
382
399
410
432
400
361
415
392
410
433
423
413
409
410
438
393
412
413
421
401
428
408
370
392
405
422
405
442
405
412
467
410
461
456
444
454
449
441
426
405
418
468
442
423
413
455
432
424
426
435
451
442
419
428
486
450
446
461
449
483
419
473
450
464
470
455
467
433
455
487
432
427
456
443
446
473
400
381
451
484
521
480
461
455
468
481
484
452
456
451
467
464
482
463
487
511
498
457
484
482
506
459
497
480
458
528
505
501
506
508
501
490
440
484
520
462
479
518
491
518
460
506
472
480
501
512
513
443
532
469
513
503
480
503
509
510
519
493
490
551
498
515
478
504
485
507
525
541
522
560
497
506
494
528
529
504
436
449
539
530
523
543
535
526
506
573
478
512
516
541
524
481
493
526
525
480
532
521
553
487
498
511
540
520
526
536
526
524
488
536
526
522
505
563
535
588
537
470
540
578
554
562
508
524
557
459
585
548
561
526
541
554
529
520
523
624
575
547
548
550
512
523
554
565
568
547
547
578
584
570
535
553
528
580
598
549
583
570
573
550
579
548
569
588
524
584
591
576
600
559
564
609
512
576
608
562
614
612
618
635
573
624
599
573
598
565
597
596
556
617
594
621
580
615
553
588
602
625
579
609
584
579
606
605
545
529
602
576
639
575
587
597
567
615
586
533
585
612
590
618
593
597
624
614
581
646
635
609
592
632
636
609
592
646
617
603
631
626
619
608
634
631
604
648
603
634
660
610
629
629
609
625
651
542
576
597
608
667
646
603
634
645
665
618
609
588
648
640
633
627
623
618
637
660
617
643
596
621
594
623
650
623
615
614
653
645
590
624
634
633
661
589
638
607
635
650
564
664
641
648
567
611
665
660
568
650
640
631
637
665
638
667
650
655
695
658
620
655
648
714
643
663
663
628
671
641
674
624
633
692
633
657
560
523
627
625
651
645
668
692
631
661
687
621
619
655
672
660
686
647
658
666
663
730
680
667
713
680
687
693
655
710
615
679
628
669
636
656
691
672
667
655
702
690
720
664
700
694
667
662
671
544
676
692
671
704
565
663
642
663
659
637
682
679
704
702
623
710
655
677
632
671
659
704
663
704
642
705
657
696
655
668
665
667
708
671
676
734
694
647
663
693
715
704
644
658
641
698
655
673
697
661
718
709
714
645
657
706
746
641
688
682
677
631
673
675
698
660
728
701
676
657
707
747
677
702
699
672
653
668
585
611
663
675
713
719
700
716
694
747
720
732
701
739
691
703
676
659
714
668
708
699
708
661
709
718
683
670
690
729
655
726
682
690
719
663
696
756
707
688
670
712
700
711
706
723
668
699
679
564
717
678
714
738
723
710
725
696
709
693
689
729
747
757
692
678
686
693
729
683
698
729
715
702
746
723
697
709
675
708
685
710
727
658
676
751
715
682
704
738
684
710
665
675
710
663
607
672
749
717
727
742
713
684
694
746
690
679
688
700
694
729
704
729
706
695
718
715
699
727
717
729
713
678
680
705
717
713
587
605
710
691
672
715
725
720
677
718
688
697
716
656
724
704
735
746
684
706
699
743
719
673
690
731
694
702
710
711
661
706
673
660
690
714
753
746
687
699
711
722
724
638
690
733
683
686
682
573
744
672
699
739
711
691
732
742
684
680
697
721
698
685
665
686
679
769
704
750
678
735
676
720
700
695
698
687
715
706
672
638
705
722
704
781
682
647
680
718
727
679
653
712
657
668
593
688
703
702
726
696
713
678
729
759
665
642
681
709
732
674
683
675
670
666
692
721
718
670
664
663
643
682
682
680
668
648
655
636
663
646
690
738
711
698
621
687
718
674
682
703
682
694
675
718
706
695
658
700
681
685
683
700
723
657
669
687
678
669
651
659
673
668
677
708
655
662
624
670
635
672
624
756
660
726
691
602
697
649
647
694
677
626
635
649
692
681
622
659
675
627
633
636
616
700
683
669
660
661
658
621
655
658
657
673
614
652
652
690
676
657
640
645
664
648
688
682
680
680
640
667
700
649
627
647
660
644
639
663
666
640
669
665
674
617
664
672
687
645
664
621
634
628
665
624
672
612
606
660
640
654
636
663
682
657
576
593
689
686
609
662
630
626
654
612
676
664
600
641
630
705
653
670
606
649
617
678
649
613
663
607
589
639
616
652
634
656
609
639
627
621
659
634
629
618
580
657
645
602
605
620
585
632
614
498
662
603
618
630
618
606
626
639
656
593
618
643
642
630
625
589
594
595
643
572
615
603
593
646
608
624
622
625
586
632
654
626
607
590
611
626
634
578
620
632
606
622
622
613
638
621
536
653
644
535
611
603
611
599
591
627
621
599
559
594
576
566
589
571
642
585
610
636
557
612
604
568
633
631
592
582
593
578
523
565
622
576
578
632
582
588
574
610
587
561
512
591
588
575
584
593
578
559
555
570
596
589
551
611
588
563
563
564
600
583
578
558
579
608
537
587
577
569
544
541
574
601
587
531
576
565
537
483
580
579
595
546
517
542
532
598
542
552
525
550
566
531
525
492
569
575
573
603
538
572
537
495
550
545
507
530
527
543
565
617
546
578
547
575
543
570
527
565
536
549
520
523
545
500
447
526
517
502
536
554
516
577
500
533
519
503
527
491
510
553
515
542
521
512
513
520
495
526
518
547
539
529
505
533
559
475
453
485
501
504
532
502
502
514
478
515
509
533
505
544
496
541
514
476
503
509
514
516
492
480
481
537
485
481
455
528
489
506
496
537
509
516
518
488
509
504
465
481
466
501
493
524
468
506
463
385
556
486
486
531
499
503
459
478
468
485
500
507
459
492
473
459
482
472
461
517
493
425
488
475
488
456
467
491
498
448
450
468
510
457
477
507
503
463
478
456
485
446
470
455
459
449
412
483
480
451
462
501
449
426
452
483
464
427
468
465
468
451
451
448
471
464
433
482
415
419
445
430
444
446
450
458
434
418
383
430
458
466
452
424
407
434
452
446
445
440
435
487
428
424
421
401
434
432
427
446
397
384
458
437
440
443
423
419
442
427
411
389
422
440
416
479
424
445
395
424
388
399
434
439
413
425
398
341
413
433
420
396
430
434
405
450
428
376
388
414
453
402
350
383
367
436
409
479
371
393
374
401
427
389
388
404
405
371
364
399
373
394
372
405
409
389
384
386
355
361
419
401
371
397
337
402
372
387
387
394
358
364
318
378
428
373
341
390
397
356
374
353
392
375
372
393
358
373
366
372
351
357
340
371
364
370
343
302
380
357
347
368
357
380
367
378
376
317
332
359
346
344
326
357
376
367
357
376
334
353
374
338
368
349
358
345
369
333
294
358
354
360
334
351
364
337
324
328
350
334
330
321
349
310
341
333
315
329
332
319
337
323
336
332
345
285
319
310
295
296
307
294
323
319
323
331
306
309
329
329
331
332
321
326
331
316
312
325
308
315
328
299
323
318
327
355
293
318
341
303
324
284
285
289
331
330
293
316
319
254
320
337
312
308
306
298
299
300
288
346
292
268
294
277
282
249
280
312
269
283
276
278
299
306
239
258
269
272
299
288
267
282
248
286
295
310
288
285
285
262
298
285
274
266
265
287
280
278
276
300
305
264
314
266
296
274
279
301
247
269
260
251
288
271
254
273
281
275
265
273
245
285
289
205
287
264
269
240
280
271
277
284
279
254
241
282
250
286
231
241
215
261
254
267
252
235
257
261
241
268
246
270
246
236
232
278
254
259
263
247
242
258
234
254
262
241
258
218
239
219
211
235
234
239
244
251
250
232
219
221
263
215
232
218
232
254
237
226
242
249
226
253
229
212
236
242
237
207
231
222
240
216
209
218
219
233
267
237
206
236
224
223
225
238
228
234
232
243
217
213
224
197
201
213
251
220
207
202
216
216
214
229
211
257
203
226
227
211
223
218
227
219
220
194
229
191
196
208
195
195
213
171
229
223
197
199
217
209
213
171
245
188
215
187
200
208
171
190
214
205
182
179
207
178
192
195
176
192
176
199
197
183
186
210
165
205
197
173
188
179
166
213
183
203
183
208
163
159
168
176
180
180
170
200
172
152
159
163
185
185
167
186
179
175
167
196
188
181
150
182
182
160
164
176
159
159
152
165
187
182
145
145
191
170
170
163
187
146
177
162
154
173
155
170
173
168
185
171
179
152
169
153
156
153
159
145
183
163
151
143
166
179
151
179
165
165
133
163
152
141
137
136
179
146
138
152
142
132
142
113
146
126
163
144
149
155
153
147
155
165
146
146
155
140
131
128
132
147
169
147
140
153
145
136
151
135
139
150
140
147
124
157
143
147
159
141
140
131
129
144
143
134
130
143
135
131
132
140
151
127
135
144
149
126
130
126
153
142
138
140
116
116
108
121
128
143
134
139
154
136
129
130
124
136
131
135
117
130
96
112
131
136
103
143
127
103
113
144
143
124
119
127
123
126
103
115
124
122
126
118
104
118
108
122
108
126
92
133
128
122
98
129
122
126
122
120
103
105
103
102
103
132
108
107
114
122
110
84
117
105
96
108
90
92
108
105
91
86
112
110
116
102
104
107
102
105
117
106
105
130
116
113
95
110
97
118
110
103
82
104
94
103
96
95
100
94
106
94
110
112
90
94
119
104
86
99
90
86
94
107
104
79
91
101
84
84
119
83
92
95
94
98
89
101
88
102
105
99
88
100
104
95
87
80
109
77
81
78
97
87
97
86
88
85
96
91
94
85
85
74
96
82
96
82
98
105
85
86
90
100
88
79
73
74
78
93
74
73
63
86
90
98
73
90
67
84
75
76
73
70
83
92
94
72
74
62
77
71
71
80
67
84
83
72
89
87
79
71
80
80
67
76
77
65
69
86
65
70
72
71
86
78
64
79
78
80
69
69
74
72
71
73
77
73
70
73
62
74
66
76
80
72
70
59
77
69
61
96
67
74
58
72
74
69
85
70
66
62
78
70
67
66
69
69
68
54
60
60
59
49
72
67
62
68
48
57
66
67
49
75
61
79
58
54
50
60
52
60
65
65
63
77
58
80
57
62
60
56
68
50
60
59
64
61
59
68
45
63
52
64
61
55
67
56
55
59
52
62
55
55
54
51
61
47
52
53
44
66
45
40
46
57
41
56
46
60
52
58
48
47
48
49
49
60
54
50
57
52
52
59
55
53
50
58
55
47
51
46
46
63
53
55
48
51
62
32
50
50
60
51
37
52
40
45
49
50
33
37
43
41
44
43
40
45
36
41
44
50
37
44
43
44
44
48
47
37
48
45
39
38
38
53
32
45
50
43
37
56
43
35
45
43
44
41
38
35
33
39
40
32
34
43
43
43
34
38
44
40
29
35
41
44
50
32
29
39
36
47
34
36
34
42
28
41
38
33
33
34
35
41
36
25
29
30
41
40
38
47
41
44
27
32
34
46
29
28
22
34
32
30
43
43
45
32
25
39
26
35
39
33
32
31
33
33
39
36
29
24
39
31
41
31
33
28
35
33
28
26
29
34
32
32
25
35
32
33
36
30
28
34
33
31
36
28
23
35
28
27
41
30
31
37
20
25
23
27
31
30
24
33
28
21
32
28
20
23
35
30
27
22
30
28
28
22
30
22
23
27
34
28
28
39
35
25
16
27
24
18
22
38
23
29
22
20
20
22
32
33
27
27
23
28
24
24
25
22
30
20
17
18
29
27
32
28
23
17
16
25
22
13
25
29
25
23
18
20
25
28
22
19
16
16
15
30
23
14
29
30
25
18
18
20
33
20
17
21
20
19
17
25
22
29
22
26
13
19
20
21
16
27
19
16
22
24
21
25
22
21
23
29
14
18
11
23
16
16
15
28
24
18
18
15
23
25
16
20
24
22
18
19
15
15
19
21
19
17
20
16
15
16
16
21
17
15
20
21
14
13
18
19
14
13
17
20
19
17
13
14
14
17
12
12
20
16
18
22
6
15
14
15
22
17
17
13
22
15
12
11
12
16
17
24
10
18
12
14
12
12
12
13
18
13
16
12
21
14
18
10
11
12
10
16
12
16
9
19
15
10
7
14
12
12
14
11
12
4
13
10
12
11
9
15
11
14
14
17
18
19
13
8
10
9
13
11
12
9
6
6
18
12
13
15
10
13
9
14
8
8
12
15
10
10
11
14
8
12
11
13
12
7
16
16
10
8
8
12
12
13
9
4
8
13
9
9
8
12
9
16
11
15
9
10
6
8
5
8
16
10
10
7
12
7
17
7
9
7
7
9
5
5
9
11
12
9
7
3
11
16
9
5
12
9
8
11
11
5
10
10
6
15
5
9
10
11
8
6
9
7
13
9
12
13
6
11
7
10
7
7
7
10
11
5
7
7
7
8
8
6
7
12
6
4
15
4
8
5
7
11
8
8
10
8
6
6
10
11
10
9
8
6
6
8
9
5
6
10
10
4
6
4
1
9
4
6
4
6
8
11
5
3
4
5
6
9
7
8
5
7
5
5
6
6
9
4
8
8
10
2
2
6
6
6
3
4
5
7
4
5
7
4
13
6
9
8
5
8
5
9
10
3
11
4
7
5
8
8
6
5
5
3
7
4
4
3
8
4
8
5
5
4
5
8
8
5
3
3
5
8
9
7
8
5
8
5
6
5
7
7
8
8
2
3
1
4
3
3
3
3
5
5
6
4
4
5
5
2
6
7
7
3
5
7
1
8
5
6
1
3
5
5
10
7
8
4
2
4
8
8
5
2
10
6
3
1
10
2
3
4
2
5
1
3
1
5
5
4
3
4
3
8
3
3
7
7
6
6
7
4
1
5
3
6
4
3
5
6
2
5
3
4
2
4
5
5
6
6
1
4
4
4
3
1
7
7
3
4
5
2
3
1
2
1
3
3
2
5
4
2
1
2
4
3
0
1
1
3
6
2
1
7
4
2
4
4
0
5
1
5
4
3
4
6
4
3
0
2
6
2
2
6
2
2
4
5
1
2
2
4
2
2
4
1
3
2
1
5
1
1
3
4
3
3
3
4
4
3
6
2
2
1
2
2
3
2
4
0
2
3
3
5
1
3
1
4
0
3
2
2
3
1
2
3
3
2
1
3
0
4
3
1
5
0
4
2
2
1
2
1
1
3
2
4
0
2
1
8
2
1
2
4
0
3
2
2
2
1
3
3
1
3
3
4
0
1
1
1
2
0
1
2
4
3
3
1
2
4
3
3
3
2
2
1
2
3
3
0
6
1
1
1
2
3
1
1
4
0
1
0
4
4
2
2
2
2
1
2
2
1
0
3
3
1
1
1
3
1
2
1
2
1
4
0
0
4
1
0
2
3
3
0
1
2
1
1
2
1
0
3
1
3
0
0
1
2
1
2
2
0
0
1
1
0
2
1
1
2
2
1
3
4
2
1
2
3
2
3
3
1
1
0
0
1
1
0
0
0
0
0
2
0
1
1
1
0
0
1
1
5
2
1
2
1
2
1
2
1
0
0
4
0
0
1
1
0
1
2
2
1
0
2
0
0
0
3
1
1
1
1
1
1
2
1
0
0
1
0
0
3
0
1
0
2
2
0
0
2
0
0
3
1
1
0
1
1
1
1
2
1
0
0
0
1
0
1
0
0
1
1
0
0
0
1
1
0
0
1
0
1
2
1
1
0
1
0
0
1
1
2
0
0
1
1
1
1
1
0
0
2
1
1
1
0
0
2
0
1
1
1
2
1
0
1
0
0
1
0
1
2
0
1
0
0
1
0
0
1
0
1
2
1
0
0
1
2
0
2
1
1
3
0
2
0
1
0
0
0
1
1
0
1
0
0
0
1
2
0
0
0
2
1
0
0
0
0
1
1
0
1
0
0
0
1
0
0
1
2
1
2
0
1
1
0
1
0
2
0
1
0
0
0
1
0
0
0
0
1
2
0
1
1
1
0
0
0
0
0
1
0
0
2
1
0
0
1
0
0
0
0
0
0
0
0
2
1
0
1
0
0
0
1
0
1
1
0
0
0
0
2
0
1
1
0
0
0
0
0
1
0
0
2
0
0
1
0
2
0
0
1
1
0
0
0
0
0
0
0
1
1
0
0
1
0
0
0
1
1
1
0
1
0
0
1
1
0
0
0
0
0
0
1
0
0
0
0
0
0
0
0
0
1
1
0
0
0
1
0
0
1
1
2
0
0
2
0
1
0
0
0
0
1
0
1
0
0
1
1
0
0
0
0
0
1
0
0
0
1
0
0
0
0
1
0
1
0
0
0
0
0
0
2
0
0
0
1
0
0
0
1
0
0
1
0
1
0
0
0
0
1
2
0
0
0
0
0
0
0
0
1
0
0
0
0
0
0
0
0
1
0
0
0
1
0
0
0
0
0
0
0
0
0
0
0
0
0
0
0
0
0
0
0
0
1
0
0
0
0
0
0
1
0
0
0
1
0
0
0
0
0
0
1
0
0
1
2
0
0
0
0
1
0
1
1
0
0
1
0
0
1
0
0
0
0
2
0
0
0
0
0
0
0
0
0
0
0
0
0
0
0
0
0
0
0
0
0
0
0
0
0
0
0
0
0
0
0
0
0
0
0
0
0
0
0
0
0
0
0
0
0
0
0
0
0
0
0
0
0
0
0
0
0
0
0
0
0
0
0
0
0
0
0
0
0
0
0
0
0
0
0
0
0
1
0
0
0
0
0
0
0
0
0
0
1
0
0
1
0
0
0
0
0
0
0
0
0
0
0
0
1
0
1
0
0
0
0
0
0
0
0
0
0
0
0
0
0
0
0
0
0
0
0
0
0
0
1
0
0
0
0
0
0
0
0
0
0
0
0
0
0
0
0
1
0
0
0
0
0
0
0
0
0
0
0
0
0
0
0
0
0
0
0
0
1
0
0
0
0
2
0
0
0
0
1
0
1
0
0
0
0
0
0
0
0
0
0
0
0
0
0
0
0
0
0
0
1
0
0
0
0
0
0
0
1
0
0
0
0
0
0
0
1
0
0
0
0
0
0
0
0
0
0
1
0
0
0
0
0
0
0
0
0
0
0
0
0
0
0
0
0
0
0
1
0
0
0
0
0
0
0
0
0
0
1
0
0
0
0
0
0
0
0
0
0
0
0
0
0
0
0
0
0
0
0
0
0
0
0
0
0
0
0
0
0
0
0
0
0
0
0
0
0
0
0
0
0
0
0
0
0
0
0
0
0
0
0
0
0
0
0
0
0
0
0
0
0
0
0
0
1
0
0
0
0
0
0
0
0
0
0
0
0
0
0
0
0
0
0
0
0
0
0
0
0
0
0
1
0
0
0
0
0
0
0
0
0
0
0
1
0
0
0
0
0
0
0
0
0
0
0
0
1
0
0
0
0
0
0
0
0
0
0
0
0
0
0
0
0
0
0
0
0
0
0
0
0
0
0
0
0
0
0
0
0
0
0
0
0
0
0
0
0
0
0
0
0
0
0
0
0
0
0
0
0
0
0
0
0
0
0
0
0
0
0
0
0
0
0
0
0
0
0
0
0
0
0
0
0
0
0
0
0
0
0
0
1
0
0
0
0
0
0
0
0
0
0
0
0
0
0
0
0
0
0
0
0
0
0
0
0
0
0
0
0
0
0
0
0
1
0
0
0
0
0
0
0
0
0
0
0
0
0
0
0
0
0
0
0
0
0
0
0
0
0
0
0
0
0
0
0
1
0
0
0
0
0
0
0
0
0
0
0
0
0
0
0
0
0
0
0
0
0
0
0
0
0
0
0
0
0
0
0
0
0
0
0
0
0
0
0
0
0
0
0
0
0
0
0
0
0
0
0
0
0
0
0
0
0
0
0
0
0
0
0
0
0
0
0
0
0
0
0
0
0
0
0
0
0
0
0
0
0
0
0
0
0
0
1
0
0
0
0
0
0
0
0
0
0
0
0
0
0
0
0
0
0
0
0
0
0
0
0
0
0
0
0
0
0
0
0
0
0
0
0
0
0
0
0
0
0
0
0
0
0
0
0
0
0
0
0
0
0
0
0
0
0
0
0
0
0
0
0
0
0
0
0
0
0
0
0
0
0
0
0
0
0
0
0
0
0
0
0
0
0
0
0
0
0
0
0
0
0
0
0
0
0
0
0
0
0
0
0
0
0
0
0
0
0
0
0
0
0
0
0
0
0
0
0
0
0
0
0
0
0
0
0
0
0
0
0
0
0
0
0
0
0
0
0
0
1
0
0
0
0
0
0
0
0
0
0
0
0
0
0
0
0
0
0
0
0
0
0
0
0
0
0
0
0
0
0
0
0
0
0
0
0
0
0
0
0
0
0
0
0
0
0
0
0
0
0
0
0
0
0
0
0
0
0
0
0
0
0
0
0
0
0
0
0
0
0
0
0
0
0
0
0
0
0
0
0
0
0
0
0
0
0
0
0
0
0
0
0
0
0
0
0
0
0
0
0
0
0
0
0
0
0
0
0
0
0
0
0
0
0
0
0
0
0
0
0
0
0
0
0
0
0
0
0
0
0
0
0
0
0
0
0
0
0
0
0
0
0
0
0
0
0
0
0
0
0
0
0
0
0
0
0
0
0
0
0
0
0
0
0
0
0
0
0
0
0
0
0
0
0
0
0
0
0
0
0
0
0
0
0
0
0
0
0
0
0
0
0
0
0
0
0
0
0
0
0
0
0
0
0
0
0
0
0
0
0
0
0
0
0
0
0
0
0
0
0
0
0
0
0
0
0
0
0
0
0
0
0
0
0
0
0
0
0
0
0
0
0
0
0
0
0
0
0
0
0
0
0
0
0
0
0
0
0
0
0
0
0
0
0
0
0
0
0
0
0
0
0
0
0
0
0
0
0
0
0
0
0
0
0
0
0
0
0
0
0
0
0
0
0
0
0
0
0
0
0
0
0
0
0
0
0
0
0
0
0
0
0
0
0
0
0
0
0
0
0
0
0
0
0
0
0
0
0
0
0
0
0
0
0
0
0
0
0
0
0
0
0
0
0
0
0
0
0
0
0
0
0
0
0
0
0
0
0
0
0
0
0
0
0
0
0
0
0
0
0
0
0
0
0
0
0
0
0
0
0
0
0
0
0
0
0
0
0
0
0
0
0
0
0
0
0
0
0
0
0
0
0
0
0
0
0
0
0
0
0
0
0
0
0
0
0
0
0
0
0
0
0
0
0
0
0
0
0
0
0
0
0
0
0
0
0
0
0
0
0
0
0
0
0
0
0
0
0
0
0
0
0
0
0
0
0
0
0
0
0
0
0
0
0
0
0
0
0
0
0
0
0
0
0
0
0
0
0
0
0
0
0
0
0
0
0
0
0
0
0
0
0
0
0
0
0
0
0
1
0
0
0
0
0
0
0
0
0
0
0
0
0
0
0
0
0
0
0
0
0
0
0
0
0
0
0
0
0
0
0
0
0
0
0
0
0
0
0
0
0
0
0
0
0
0
0
0
0
0
0
0
0
0
0
0
1
0
0
0
0
0
0
0
0
0
0
0
0
0
0
0
0
0
0
0
0
0
0
0
0
0
0
0
0
0
0
0
0
0
0
0
0
0
0
0
0
0
0
0
0
0
0
0
0
0
0
0
0
0
0
0
0
0
0
0
0
0
0
0
0
0
0
0
0
0
0
0
0
0
0
0
0
0
0
0
0
0
0
0
0
0
0
0
0
0
0
0
0
0
0
0
0
0
0
0
0
0
0
0
0
0
0
0
0
0
0
0
0
0
0
0
0
0
0
0
0
0
0
0
0
0
0
0
0
0
0
0
0
0
0
0
0
0
0
0
0
0
0
0
0
0
0
0
0
0
0
0
0
0
0
0
0
0
0
0
0
0
0
0
0
0
0
0
0
0
0
0
0
0
0
0
0
0
0
0
0
0
0
0
0
0
0
0
0
0
0
0
0
0
0
0
0
0
0
0
0
0
0
0
0
0
0
0
0
0
0
0
0
0
0
0
0
0
0
0
0
0
0
0
0
0
0
0
0
0
0
0
0
0
0
0
0
0
0
0
0
0
0
0
0
0
0
0
0
0
0
0
0
0
0
0
0
0
0
0
0
0
0
0
0
0
0
0
0
0
0
0
0
0
0
0
0
0
0
0
0
0
0
0
0
0
0
0
0
0
0
0
0
0
0
0
0
0
0
0
0
0
0
0
0
0
0
0
0
0
0
0
0
0
0
0
0
0
0
0
0
0
0
0
0
0
0
0
0
0
0
0
0
0
0
0
0
0
0
0
0
0
0
0
0
0
0
0
0
0
0
0
0
0
0
0
0
0
0
0
0
0
0
0
0
0
0
0
0
0
0
0
0
0
0
0
0
0
0
0
0
0
0
0
0
0
0
0
0
0
0
0
0
0
0
0
0
0
0
0
0
0
0
0
0
0
0
0
0
0
0
0
0
0
0
0
0
0
0
0
0
0
0
0
0
0
0
0
0
0
0
0
0
0
0
0
0
0
0
0
0
0
0
0
0
0
0
0
0
0
0
0
0
0
0
0
0
0
0
0
0
0
0
0
0
0
0
0
0
0
0
0
0
0
0
0
0
0
0
0
0
0
0
0
0
0
0
0
0
0
0
0
0
0
0
0
0
0
0
0
0
0
0
0
0
0
0
0
0
0
0
0
0
0
0
0
0
0
0
0
0
0
0
0
0
0
0
0
0
0
0
0
0
0
0
0
0
0
0
0
0
0
0
0
0
0
0
0
0
0
0
0
0
0
0
0
0
0
0
0
0
0
0
0
0
0
0
0
0
0
0
0
0
0
0
0
0
0
0
0
0
0
0
0
0
0
0
0
0
0
0
0
0
0
0
0
0
0
0
0
0
0
0
0
0
0
0
0
0
0
0
0
0
0
0
0
0
0
0
0
0
0
0
0
0
0
0
0
0
0
0
0
0
0
0
0
0
0
0
0
0
0
0
0
0
0
0
0
0
0
0
0
0
0
0
0
0
0
0
0
0
0
0
0
0
0
0
0
0
0
0
0
0
0
0
0
0
0
0
0
0
0
0
0
0
0
0
0
0
0
0
0
0
0
0
0
0
0
0
0
0
0
0
0
0
0
0
0
0
0
0
0
0
0
0
0
0
0
0
0
0
0
0
0
0
0
0
0
0
0
0
0
0
0
0
0
0
0
0
0
0
0
0
0
0
0
0
0
0
0
0
0
0
0
0
0
0
0
0
0
0
0
0
0
0
0
0
0
0
0
0
0
0
0
0
0
0
0
0
0
0
0
0
0
0
0
0
0
0
0
0
0
0
0
0
0
0
0
0
0
0
0
0
0
0
0
0
0
0
0
0
0
0
0
0
0
0
0
0
0
0
0
0
0
0
0
0
0
0
0
0
0
0
0
0
0
0
0
0
0
0
0
0
0
0
0
0
0
0
0
0
0
0
0
0
0
0
0
0
0
0
0
0
0
0
0
0
0
0
0
0
0
0
0
0
0
0
0
0
0
0
0
0
0
0
0
0
0
0
0
0
0
0
0
0
0
0
0
0
0
0
0
0
0
0
0
0
0
0
0
0
0
0
0
0
0
0
0
0
0
0
0
0
0
0
0
0
0
0
0
0
0
0
0
0
0
0
0
0
0
0
0
0
0
0
0
0
0
0
0
0
0
0
0
0
0
0
0
0
0
0
0
0
0
0
0
0
0
0
0
0
0
0
0
0
0
0
0
0
0
0
0
0
0
0
0
0
0
0
0
0
0
0
0
0
0
0
0
0
0
0
0
0
0
0
0
0
0
0
0
0
0
0
0
0
0
0
0
0
0
0
0
0
0
0
0
0
0
0
0
0
0
0
0
0
0
0
0
0
0
0
0
0
0
0
0
0
0
0
0
0
0
0
0
0
0
0
0
0
0
0
0
0
0
0
0
0
0
0
0
0
0
0
0
0
0
0
0
0
0
0
0
0
0
0
0
0
0
0
0
0
0
0
0
0
0
0
0
0
0
0
0
0
0
0
0
0
0
0
0
0
0
0
0
0
0
0
0
0
0
0
0
0
0
0
0
0
0
0
0
0
0
0
0
0
0
0
0
0
0
0
0
0
0
0
0
0
0
0
0
0
0
0
0
0
0
0
0
0
0
0
0
0
0
0
0
0
0
0
0
0
0
0
0
0
0
0
0
0
0
0
0
0
0
0
0
0
0
0
0
0
0
0
0
0
0
0
0
0
0
0
0
0
0
0
0
0
0
0
0
0
0
0
0
0
0
0
0
0
0
0
0
0
0
0
0
0
0
0
0
0
0
0
0
0
0
0
0
0
0
0
0
0
0
0
0
0
0
0
0
0
0
0
0
0
0
0
0
0
0
0
0
0
0
0
0
0
0
0
