0
0
0
0
0
0
0
0
0
0
0
0
0
0
0
0
0
0
0
0
0
0
0
0
0
0
0
0
0
0
0
0
0
0
0
0
0
0
0
0
0
0
0
0
0
0
0
0
0
0
0
0
0
0
0
0
0
0
0
0
0
0
0
0
0
0
0
0
0
0
0
0
0
0
0
0
0
0
0
0
0
0
0
0
0
0
0
0
0
0
0
0
0
0
0
0
0
0
0
0
0
0
0
0
0
0
0
0
0
0
0
1
0
0
0
0
0
0
0
0
0
1
0
0
0
0
0
0
0
0
0
0
0
0
0
0
0
0
0
0
0
0
0
0
0
0
0
0
0
0
0
0
0
0
0
0
0
0
0
0
0
0
0
0
0
0
0
0
0
0
0
0
0
0
0
0
0
0
0
0
0
0
0
0
0
0
0
0
0
0
0
0
0
0
0
0
0
0
1
0
0
0
0
0
0
0
0
0
0
0
0
0
0
0
0
0
0
0
0
0
0
1
0
0
0
0
0
0
0
0
0
0
0
0
0
0
0
0
1
0
0
0
0
0
0
0
0
0
0
0
0
0
0
0
0
0
0
0
0
0
1
0
0
0
0
0
0
1
0
0
0
0
0
0
0
0
0
0
0
0
0
0
0
0
0
1
0
0
0
0
0
0
0
0
0
1
0
0
0
0
0
0
0
0
0
0
0
0
0
0
0
2
0
1
0
0
0
0
1
1
0
0
0
0
0
0
0
0
0
0
0
1
0
0
0
0
0
0
1
0
1
0
0
0
0
0
0
0
0
0
0
1
0
0
1
0
0
0
0
0
0
0
0
0
0
0
0
0
0
0
0
1
0
0
0
0
0
1
0
0
0
0
1
0
0
1
0
0
1
0
0
1
0
0
0
0
0
0
0
1
0
0
0
1
0
0
0
0
0
0
1
0
0
0
0
0
0
1
0
0
2
0
0
0
1
0
2
0
1
0
0
1
0
2
0
0
1
1
0
0
0
0
0
1
0
1
1
0
1
1
0
1
0
0
0
0
0
0
0
3
1
1
2
2
1
1
0
1
3
1
2
0
1
0
1
3
2
1
0
0
0
1
0
2
1
1
1
1
3
1
0
0
0
0
0
0
0
0
1
0
2
0
0
0
2
0
1
0
1
0
0
0
0
0
3
0
1
0
1
0
1
0
0
2
1
0
2
1
0
2
1
0
1
0
0
1
1
1
1
0
1
0
1
1
0
2
0
1
0
1
1
1
0
0
0
0
1
0
2
1
1
0
5
2
3
1
0
0
0
1
0
1
2
0
2
1
2
0
1
0
1
0
2
1
1
1
0
1
2
3
1
2
2
3
3
0
1
2
0
0
1
1
3
1
1
1
1
2
1
1
0
1
1
0
2
1
3
0
1
3
1
1
2
2
4
1
5
4
2
3
0
1
2
2
3
2
2
0
0
3
3
0
1
3
1
0
3
0
1
2
2
2
1
3
1
2
5
2
0
0
2
4
2
2
1
3
4
4
1
0
5
1
3
4
0
3
0
2
1
0
4
0
3
6
1
2
3
5
4
0
1
4
7
2
1
2
1
2
1
4
2
3
3
2
2
1
1
1
1
2
3
1
1
1
2
4
3
2
5
1
2
3
4
3
2
3
0
3
2
2
4
4
4
5
3
1
10
6
5
1
3
3
4
4
6
10
2
2
1
3
4
0
2
5
4
7
7
2
7
5
7
6
5
7
2
3
7
2
5
2
4
5
5
3
5
4
2
1
4
4
5
4
3
6
5
6
6
2
1
6
6
4
8
3
3
2
6
8
4
3
5
3
5
4
8
6
7
6
6
7
4
4
9
10
9
4
2
4
6
3
9
3
6
7
4
6
9
6
4
5
10
4
6
10
9
4
5
6
5
0
1
4
6
6
6
8
4
4
6
6
9
9
11
6
3
4
5
11
8
6
8
9
7
4
9
5
3
13
9
11
8
7
5
6
6
3
7
6
9
8
6
5
10
7
13
11
6
8
3
8
4
9
10
6
5
9
8
5
13
10
5
8
7
8
8
8
9
11
10
6
6
5
8
11
17
9
14
9
5
6
13
11
8
6
6
8
8
11
8
6
8
12
7
10
11
9
13
7
9
8
6
9
7
14
12
9
11
15
7
7
12
21
12
6
8
9
4
8
9
9
8
15
10
8
14
14
11
17
10
11
10
9
11
18
13
11
11
17
12
11
14
10
8
10
11
14
15
14
20
15
8
15
12
11
18
22
14
15
7
9
13
15
17
13
22
18
17
24
11
18
20
12
9
15
15
18
14
24
20
14
10
10
20
22
15
12
14
10
13
11
16
9
21
15
15
10
17
15
23
17
14
14
15
20
15
25
18
28
26
14
11
14
17
16
20
24
11
18
14
21
18
17
26
15
18
15
16
15
17
18
17
27
22
19
18
14
20
21
29
22
25
14
17
32
16
23
16
18
24
26
13
27
28
26
18
18
22
18
17
25
27
26
20
23
18
23
26
26
18
10
10
18
21
17
24
23
13
32
24
19
18
24
33
25
28
23
27
19
30
24
30
21
27
22
25
24
28
34
29
32
22
40
32
26
22
24
25
25
27
36
30
23
25
23
23
21
27
38
33
37
27
32
37
26
33
33
37
33
22
24
32
35
41
34
30
27
35
37
28
23
36
22
23
30
32
28
36
26
33
33
29
37
37
26
34
26
36
39
29
36
29
33
32
29
44
36
50
34
36
33
37
33
38
35
35
41
37
36
40
46
32
38
34
37
44
46
36
44
38
36
38
43
35
26
34
34
35
49
35
53
38
36
51
46
53
39
41
39
49
36
44
41
45
53
34
47
49
41
41
40
40
43
38
53
48
47
49
50
53
50
42
43
50
52
43
49
61
41
56
52
45
44
40
43
43
43
45
47
69
46
55
39
48
45
58
54
45
50
58
49
44
34
42
55
52
57
42
48
53
50
50
52
45
47
56
54
49
64
55
69
68
46
56
53
47
58
43
60
49
52
51
50
59
62
61
63
52
56
50
57
55
72
58
61
68
53
59
61
60
66
61
60
68
50
60
62
66
61
66
60
64
62
66
65
74
57
70
74
53
62
74
60
59
78
61
79
67
68
57
70
91
60
84
73
61
79
77
66
77
81
64
78
71
73
73
90
79
65
56
93
68
69
74
82
79
72
75
78
63
80
83
78
63
73
88
85
91
76
89
73
83
72
83
87
78
80
92
88
79
77
92
77
84
85
81
63
74
81
93
81
84
66
91
81
69
84
87
80
93
69
79
69
72
103
84
117
82
86
83
91
80
76
80
98
91
73
92
72
71
105
100
99
94
96
80
87
99
90
76
111
84
82
92
122
100
112
103
111
92
97
100
93
88
109
94
97
95
115
99
106
113
100
123
118
117
110
116
88
105
111
112
112
98
101
81
101
118
113
106
95
113
135
125
111
123
92
107
96
112
101
130
107
112
138
109
117
121
130
116
132
120
111
117
96
123
116
103
128
128
114
118
148
126
127
128
103
125
110
109
128
99
116
116
108
125
112
120
138
126
116
110
124
120
115
149
129
144
146
122
110
130
122
136
127
138
109
121
124
119
132
122
124
141
144
132
138
146
128
120
133
133
120
126
133
124
115
127
127
144
128
116
141
134
138
136
148
167
146
133
143
138
146
154
143
144
136
150
166
165
173
143
159
150
135
144
163
141
170
143
152
139
155
125
158
159
149
137
154
189
165
144
180
145
168
163
161
178
146
166
173
163
160
140
167
125
165
162
176
185
163
170
185
165
189
180
188
159
180
179
183
174
160
168
159
153
183
171
147
196
198
167
133
185
181
155
178
202
192
162
172
176
165
196
199
179
192
208
164
180
184
187
190
177
176
188
200
167
196
180
202
184
192
182
195
177
182
207
218
212
234
202
188
201
200
211
189
174
205
189
186
224
187
202
196
184
217
188
189
226
189
225
181
215
201
193
217
203
195
205
221
218
219
199
184
227
203
199
203
234
213
199
193
227
214
252
219
221
205
190
218
218
209
216
252
260
233
236
215
206
222
229
239
217
202
223
224
228
239
223
222
228
239
220
215
225
232
230
239
239
217
221
259
233
246
215
234
245
213
232
178
259
239
226
255
238
265
230
244
256
259
250
242
227
237
232
258
246
265
289
241
257
279
249
255
295
271
269
259
239
272
243
266
278
296
267
284
271
253
280
263
261
270
248
282
221
299
242
235
242
263
261
264
251
279
257
300
286
240
263
274
271
282
241
288
263
282
291
292
277
291
290
318
266
253
265
259
259
281
246
250
276
318
286
297
280
292
312
317
287
273
299
308
287
271
298
306
292
292
298
328
316
350
301
284
306
310
299
308
299
324
279
306
317
266
298
303
284
333
327
278
279
303
299
299
288
297
294
251
290
325
302
294
308
300
309
336
322
345
282
306
335
326
293
288
352
338
296
306
309
305
343
328
310
307
314
355
317
324
349
352
326
309
310
329
315
347
360
300
348
354
351
337
319
353
300
353
362
330
344
350
373
311
337
340
340
318
343
404
325
332
300
337
359
340
324
332
341
344
347
333
331
342
318
365
363
359
320
320
333
364
382
376
360
365
374
410
362
358
360
385
405
379
330
337
352
361
384
373
424
392
361
347
364
312
362
383
380
394
355
371
402
349
392
394
417
328
361
438
389
398
371
390
378
387
364
311
382
388
407
378
429
394
362
384
395
388
385
403
405
379
348
370
422
388
386
388
395
381
410
398
412
417
382
409
426
422
437
403
392
413
407
403
418
421
365
422
423
405
396
409
420
415
429
415
440
431
405
409
444
412
430
443
411
432
451
386
477
425
415
431
411
408
384
468
424
416
418
416
436
381
392
409
403
449
410
388
448
444
419
398
456
432
443
427
463
434
448
403
424
456
421
443
456
425
446
441
458
423
413
413
459
452
438
450
473
466
437
423
480
417
464
470
462
426
442
448
435
459
435
484
449
443
434
408
452
483
471
468
491
478
441
460
441
455
430
489
495
459
478
464
479
478
452
487
470
463
473
482
454
491
505
450
506
462
498
472
504
494
456
488
483
477
452
511
544
480
482
448
538
484
419
512
509
479
489
506
447
512
500
508
493
448
494
554
491
494
477
506
530
505
498
498
542
511
515
527
522
525
503
495
503
537
448
447
496
528
506
547
494
491
481
527
502
520
537
568
508
517
481
521
521
493
505
538
519
521
492
527
514
583
508
525
506
529
482
527
499
535
491
513
524
538
495
553
534
512
506
510
538
551
486
463
564
528
558
569
547
550
521
537
544
552
491
551
551
549
512
538
544
512
519
561
539
528
531
529
580
548
535
597
522
519
541
555
546
540
523
577
571
531
536
571
524
537
531
585
572
559
544
533
570
536
597
590
551
540
539
540
545
578
542
578
587
577
538
556
550
550
566
591
597
546
540
592
618
570
567
591
600
592
491
527
551
560
561
591
576
529
574
583
546
592
538
597
625
586
560
557
599
570
598
624
555
612
590
551
584
536
538
537
593
568
569
580
602
569
567
625
571
554
579
574
547
567
562
561
601
590
593
487
641
602
578
620
566
601
604
552
634
557
565
639
588
591
583
587
620
635
610
605
585
630
618
630
595
629
610
630
611
601
637
621
580
628
609
610
624
589
593
611
608
614
550
618
594
603
576
612
617
583
592
652
619
610
598
622
631
563
609
619
626
588
611
586
626
584
620
590
643
640
615
661
605
641
575
627
610
629
558
565
633
615
664
661
576
631
607
654
676
582
613
623
653
636
665
622
620
556
614
633
628
622
674
637
615
644
594
609
668
617
564
604
629
608
598
632
570
567
655
638
589
594
627
654
650
605
567
534
666
603
662
673
628
618
648
621
613
623
601
636
626
630
591
618
660
639
656
654
629
626
640
642
677
616
623
613
650
658
646
650
624
645
675
707
637
646
611
602
612
602
616
663
655
631
543
676
686
617
645
621
671
626
617
611
682
614
600
735
608
684
637
640
665
633
651
665
659
675
646
671
633
643
600
654
669
622
557
616
672
620
652
660
611
678
614
691
677
634
599
678
652
639
686
660
677
646
654
634
631
695
641
652
673
623
628
651
621
639
594
603
668
616
644
674
661
645
639
677
661
611
641
664
670
636
639
545
619
685
651
713
636
640
641
634
694
618
632
648
650
634
598
654
669
661
649
733
712
649
624
706
678
635
620
631
657
681
617
604
680
643
644
639
666
651
644
674
624
684
693
644
681
624
619
669
629
643
624
677
608
670
616
679
650
637
670
640
664
659
637
638
673
619
643
652
708
573
632
663
663
615
630
644
626
651
587
579
639
599
596
699
667
679
605
646
659
630
632
613
656
627
629
643
681
668
631
664
625
637
668
663
661
664
638
647
665
663
631
685
646
696
641
647
671
643
648
642
642
636
628
667
642
635
588
621
678
683
656
676
655
684
614
657
660
672
643
650
695
648
632
631
633
621
656
696
648
646
676
651
628
632
619
641
690
595
622
651
632
691
618
666
615
585
623
653
675
649
620
686
659
606
571
687
646
608
687
626
633
601
634
632
613
642
600
666
631
595
581
634
632
635
635
678
641
652
610
618
647
670
620
595
640
656
554
578
658
621
612
617
655
668
623
607
674
636
677
635
627
595
601
628
642
619
620
608
606
648
605
658
643
630
611
654
629
621
607
636
630
658
654
648
683
638
615
642
637
667
580
619
603
636
650
472
605
622
606
673
640
636
617
635
684
596
664
617
587
620
574
583
641
579
631
668
597
656
611
647
631
628
585
669
602
648
625
604
640
610
625
595
610
644
609
647
601
645
604
626
624
591
531
613
619
659
610
634
583
594
591
577
606
600
599
583
592
609
574
645
583
584
661
580
637
594
599
619
599
615
620
612
637
581
526
514
627
568
590
622
603
641
636
593
581
568
589
582
572
595
613
606
558
603
576
627
583
613
566
618
605
609
587
599
600
595
597
523
576
575
627
622
535
579
559
626
605
577
548
629
600
560
617
515
596
566
580
631
579
622
552
583
552
623
597
559
572
580
533
602
615
611
549
619
577
580
577
622
584
551
533
579
559
589
589
566
610
538
575
587
577
588
568
595
548
561
583
589
547
569
517
599
614
546
570
602
557
556
557
597
583
580
554
532
577
577
580
556
608
555
581
558
565
540
556
567
514
554
542
560
540
534
490
517
568
528
566
549
544
535
557
558
581
574
574
565
555
595
543
574
548
516
530
547
530
535
572
574
532
542
557
534
526
567
496
547
524
561
505
569
535
505
510
538
513
493
546
583
540
555
509
425
540
525
538
553
530
561
520
528
530
518
533
578
562
545
542
479
558
564
510
549
547
556
558
536
507
513
513
512
480
534
508
514
531
512
507
525
504
504
518
515
508
545
471
522
471
498
469
527
474
509
511
538
493
527
498
563
491
498
488
518
482
487
528
482
531
523
499
542
490
501
485
516
492
498
490
483
522
461
474
445
493
510
519
521
559
464
469
501
552
491
491
467
502
516
473
451
500
478
484
508
491
523
446
434
483
476
487
462
508
480
504
456
481
458
491
464
463
456
443
504
470
475
503
442
440
447
470
393
504
456
496
554
495
469
432
512
441
461
479
445
464
469
449
454
474
428
480
427
462
434
462
455
466
469
454
462
431
447
471
472
430
445
472
485
452
443
442
425
416
409
455
457
442
469
421
446
484
470
416
459
431
429
468
435
390
429
446
462
442
447
420
462
451
481
425
475
453
406
420
443
430
453
400
473
438
452
358
412
451
458
443
441
420
422
405
402
407
392
442
422
427
434
419
424
430
398
399
432
418
390
417
405
426
388
429
425
430
417
424
435
412
418
423
421
392
391
416
432
414
417
404
414
410
430
354
342
410
397
406
402
380
369
359
402
434
370
428
404
387
422
422
376
377
383
382
415
386
424
386
393
386
444
399
391
378
382
371
427
350
392
423
393
414
401
356
377
381
369
351
397
417
361
346
390
337
369
394
379
349
373
340
407
368
394
372
384
356
356
358
392
340
368
344
402
367
349
373
382
364
338
410
393
367
358
308
329
366
371
383
411
338
380
379
324
346
372
375
353
327
344
319
374
332
361
344
387
342
354
357
369
372
308
332
365
311
318
351
366
349
325
391
345
374
332
345
353
343
331
337
358
312
322
329
260
319
341
368
330
324
327
346
320
346
323
328
301
353
295
302
287
329
317
350
350
344
325
326
310
304
365
294
330
326
319
294
333
359
325
327
320
312
323
275
315
296
286
298
324
320
309
304
311
352
338
316
295
341
319
331
345
292
317
302
322
305
336
276
295
314
287
312
285
293
273
307
326
298
311
299
292
303
336
245
277
283
287
297
318
309
282
281
308
325
278
276
304
281
320
295
305
287
265
301
299
293
299
307
302
296
286
284
277
307
324
287
273
275
260
295
263
262
305
269
252
276
279
285
287
300
237
268
217
268
246
275
287
261
267
269
307
276
264
280
298
271
248
253
289
262
248
259
286
288
235
254
274
266
240
251
271
230
256
271
263
257
248
256
288
252
258
247
270
269
238
264
254
273
250
244
261
242
231
262
268
248
267
228
245
257
232
243
284
284
230
230
241
249
236
267
262
255
238
251
234
230
238
253
259
220
239
205
212
238
228
224
238
236
235
212
213
245
225
233
254
240
228
232
219
238
218
229
243
224
224
252
236
220
236
197
237
190
228
208
214
221
190
209
234
237
213
216
233
203
203
193
240
233
239
215
179
204
221
221
226
201
210
230
225
228
199
205
194
208
192
196
191
204
195
201
211
197
205
202
205
215
225
222
234
235
229
228
221
201
223
207
221
209
199
219
198
207
206
189
225
219
193
228
197
203
205
173
193
189
194
208
218
190
198
186
185
206
191
191
183
201
201
178
196
206
193
183
209
206
198
202
219
187
190
173
140
190
169
182
181
187
190
188
170
200
165
171
181
184
197
172
203
184
200
201
199
191
174
170
175
206
165
175
184
166
203
172
161
153
168
134
160
186
169
162
170
181
187
173
178
176
158
202
151
175
174
143
193
154
213
156
155
167
190
158
161
161
160
172
147
157
165
175
194
158
184
177
174
161
159
169
159
160
162
146
147
168
143
159
169
155
141
152
151
156
124
147
148
169
170
138
148
140
152
156
162
157
152
167
167
158
138
138
154
147
140
162
161
147
154
149
157
138
165
154
130
136
148
145
148
139
132
138
126
144
149
138
163
151
122
129
127
139
130
126
160
141
138
150
135
124
139
143
141
139
137
119
141
135
134
145
141
146
123
123
141
138
126
129
118
143
125
140
129
134
145
125
132
124
110
151
92
143
109
129
145
109
122
112
121
117
116
104
119
125
114
127
127
127
124
111
116
129
104
116
120
127
119
109
156
115
122
108
130
133
125
117
123
146
116
113
132
114
113
109
116
105
120
98
116
121
113
125
113
114
118
120
125
121
107
115
132
122
111
104
112
109
113
111
125
94
121
101
112
114
92
133
127
87
101
101
106
110
93
122
93
115
104
92
100
115
99
105
110
96
101
83
119
89
72
97
113
93
103
97
105
103
107
82
104
92
78
97
91
104
94
94
84
96
90
83
101
94
82
99
100
84
89
107
68
108
105
81
108
100
88
92
95
102
98
95
94
83
83
78
91
93
90
76
89
104
97
81
112
70
95
96
83
101
85
78
100
88
85
93
99
91
87
88
115
75
86
96
83
80
107
65
75
87
90
101
75
97
76
95
114
65
76
74
77
75
99
88
106
78
67
83
82
73
60
86
76
69
91
92
84
66
83
68
72
69
94
72
76
70
61
62
96
63
83
67
80
70
62
89
88
80
83
76
82
82
75
75
66
71
75
64
94
64
75
64
80
71
78
66
77
63
75
76
94
84
64
72
59
46
67
71
60
72
67
78
78
64
62
51
61
75
58
81
79
73
62
47
58
62
74
53
87
67
58
61
84
65
56
70
67
71
58
54
67
62
66
60
65
70
72
48
78
62
67
65
54
56
67
58
67
79
47
46
57
59
67
53
80
61
51
53
49
66
49
70
56
57
62
64
64
60
43
61
63
57
53
55
54
53
60
59
52
58
66
62
54
51
62
56
63
55
61
50
64
57
58
53
57
46
56
70
50
52
47
53
46
45
55
51
61
58
50
52
54
42
56
48
47
60
51
61
40
56
48
41
49
56
46
54
47
57
47
52
56
49
49
44
49
57
43
44
49
39
47
52
43
48
55
43
54
49
51
60
60
49
49
48
30
40
42
51
38
44
50
38
48
31
49
38
41
46
50
52
38
44
37
41
42
34
31
43
42
51
50
41
40
35
56
40
45
43
38
43
34
40
45
40
50
47
36
30
47
36
45
43
41
43
35
31
30
30
35
35
28
32
28
32
38
39
43
33
35
39
37
42
49
41
36
49
44
46
37
28
57
26
38
43
43
32
38
35
47
39
41
35
42
32
36
30
24
31
30
22
31
30
35
32
30
35
43
37
37
29
34
33
29
36
40
27
30
31
49
27
30
36
38
26
35
23
37
32
31
31
24
32
24
33
33
29
25
36
21
38
29
36
28
44
28
40
25
26
24
31
26
26
21
32
27
22
33
29
33
38
36
28
32
23
35
33
31
26
29
22
33
35
26
30
18
24
25
22
23
26
22
23
30
34
34
28
26
27
23
26
33
15
23
30
36
14
30
27
27
23
30
23
29
25
21
36
27
22
22
30
33
23
31
23
29
21
23
26
23
27
26
23
20
31
17
30
25
16
27
22
21
23
16
18
31
31
23
20
25
20
24
11
16
17
29
23
28
23
21
25
20
22
20
21
25
19
21
24
29
18
10
12
19
24
24
28
22
17
28
24
16
20
21
15
13
22
20
20
20
18
22
21
17
23
13
21
16
18
16
14
25
20
24
22
16
16
25
23
19
14
21
22
17
21
15
22
21
25
21
20
23
20
10
20
17
25
15
21
15
23
18
20
19
17
15
18
12
25
15
15
18
12
22
16
18
19
24
16
26
12
16
18
19
18
12
18
19
20
17
17
19
20
17
18
16
24
18
10
13
17
10
12
11
22
19
14
10
11
16
19
15
18
9
12
15
16
6
16
13
12
22
10
13
14
17
16
9
14
12
18
12
14
18
17
10
8
17
15
24
11
13
12
8
17
18
18
12
10
9
17
8
9
13
23
17
13
12
14
7
13
10
15
15
12
13
11
16
15
8
10
6
17
12
11
10
14
4
14
10
11
8
10
14
11
16
16
12
12
10
9
18
5
12
6
11
15
14
11
7
16
8
12
11
10
12
13
16
11
15
11
1
14
15
8
9
10
12
12
9
9
9
16
10
9
11
16
11
7
9
8
9
11
6
10
13
8
16
11
8
8
9
9
10
6
11
18
10
13
14
7
11
6
17
10
13
11
7
13
8
7
11
7
11
7
10
8
11
7
8
12
7
8
13
13
11
7
8
13
5
4
4
14
9
10
6
7
4
9
6
8
9
5
6
6
9
6
14
11
5
6
10
8
6
9
4
8
8
8
7
8
6
8
6
6
5
9
7
6
3
5
10
6
9
9
8
6
9
8
5
5
7
1
5
5
6
6
6
7
13
5
6
7
9
10
5
8
7
8
5
16
7
5
6
6
9
6
4
8
7
7
11
9
3
5
7
4
8
7
5
9
8
9
6
1
6
7
4
6
5
7
5
7
5
3
2
6
4
7
6
4
6
2
4
4
7
8
4
3
3
5
3
8
4
4
1
5
4
1
6
6
11
7
6
4
6
3
6
5
2
6
6
7
13
10
4
6
6
3
4
7
4
3
7
2
6
4
4
3
3
3
3
2
4
6
7
3
4
11
6
2
6
5
5
8
11
5
3
4
8
1
3
6
2
6
4
8
3
10
3
3
5
3
7
3
3
5
7
4
2
3
4
4
3
6
5
3
5
4
7
8
3
7
2
4
3
3
3
4
5
3
2
2
4
9
6
5
4
4
3
0
4
4
5
1
7
2
3
3
0
6
4
4
2
2
5
5
3
2
6
3
5
3
2
4
6
3
3
1
2
4
4
2
4
3
2
7
1
3
3
2
7
2
4
4
5
2
1
5
4
2
2
2
3
5
1
5
3
6
0
5
6
1
4
3
4
2
3
3
2
4
2
2
1
2
4
2
2
5
6
3
1
6
2
3
5
7
1
3
3
7
5
3
7
4
2
3
4
3
4
2
1
4
0
2
5
3
2
1
1
2
6
3
3
4
2
5
2
0
3
1
0
2
2
1
0
3
2
1
1
0
4
2
1
1
0
3
4
1
1
2
1
1
4
4
6
0
4
2
1
1
1
1
0
2
5
1
1
1
1
2
1
4
1
3
2
4
2
1
1
2
1
3
2
3
1
2
5
2
2
1
1
0
2
4
0
1
1
2
2
0
3
1
0
2
3
2
3
2
3
1
2
1
1
1
2
0
1
1
2
2
3
0
3
1
2
0
4
1
1
2
3
1
1
0
3
3
3
1
2
1
2
1
1
1
1
2
2
2
0
2
0
1
2
1
1
3
2
1
2
2
1
1
0
2
4
1
2
1
0
1
1
0
3
1
4
2
1
1
3
1
3
2
2
2
1
0
0
2
2
2
2
1
1
3
1
2
1
2
3
1
2
1
2
1
1
0
3
0
4
1
0
0
2
0
2
1
1
0
1
0
1
0
1
1
1
0
3
0
1
0
0
2
1
1
1
4
0
3
2
0
1
1
5
1
1
1
0
2
1
0
1
1
0
1
0
1
0
0
0
0
1
1
0
2
0
2
1
1
2
0
0
1
0
1
0
0
2
3
2
1
3
1
1
1
0
2
2
0
0
1
0
0
0
0
0
1
0
1
2
2
0
0
2
0
0
0
1
0
0
2
1
1
1
0
1
1
0
0
1
0
0
1
1
0
1
0
0
2
1
1
0
0
2
1
2
0
2
2
0
1
0
1
0
0
2
1
1
0
0
1
0
0
1
0
1
0
0
1
1
4
0
0
1
1
0
0
1
0
0
0
0
2
0
0
1
1
0
2
1
1
1
2
1
1
2
1
0
1
0
0
1
0
0
0
0
0
2
0
1
0
1
1
1
2
0
0
0
0
0
1
0
1
0
0
0
2
0
1
0
0
0
0
0
0
0
1
0
0
1
0
0
0
1
2
1
0
1
1
0
3
1
0
0
2
1
0
1
1
1
0
0
0
0
1
0
0
0
1
1
2
0
1
0
1
0
1
0
0
0
1
0
1
0
1
0
0
0
0
0
0
0
0
0
0
0
0
1
0
0
0
0
1
0
0
0
0
0
1
0
0
1
1
0
0
0
0
0
1
0
0
0
0
0
0
2
0
0
0
0
0
0
0
1
0
0
2
0
0
0
0
1
1
1
0
0
0
0
0
0
0
1
0
1
0
0
0
0
1
0
1
1
0
0
0
1
0
1
2
0
0
1
0
0
0
0
0
0
1
0
0
0
0
0
1
0
0
1
0
0
0
0
1
0
1
0
0
1
0
0
0
0
0
1
0
0
0
1
0
0
0
0
1
0
0
0
0
1
0
0
1
0
0
0
0
0
0
0
0
0
2
0
0
0
0
0
0
0
0
0
0
2
0
0
1
0
0
0
0
1
0
0
0
0
0
0
0
0
0
0
0
0
0
0
0
0
0
0
0
0
0
1
0
0
0
0
1
0
2
0
0
1
0
0
0
0
0
0
0
0
1
1
0
0
1
0
0
0
0
0
1
0
0
0
0
2
0
0
0
0
0
0
0
0
0
0
0
1
1
0
0
0
1
0
0
0
0
0
0
0
0
0
0
0
0
0
0
0
0
0
0
0
0
0
0
1
0
0
0
0
0
0
0
1
0
0
1
0
0
0
0
0
0
1
0
0
0
0
0
0
0
0
0
0
0
0
0
0
0
1
0
0
0
0
0
0
0
0
2
1
0
0
0
0
0
0
0
0
0
0
0
0
0
1
0
0
0
1
0
0
0
0
0
0
1
0
0
0
0
0
0
0
0
0
0
0
0
0
0
1
0
0
1
0
0
0
0
0
0
0
0
0
1
0
0
0
0
0
0
0
0
0
0
0
0
0
0
1
0
0
0
0
0
0
0
0
0
0
1
0
0
0
0
0
0
0
0
0
0
0
0
0
0
1
0
0
0
0
0
0
0
0
1
0
0
0
0
0
0
0
0
0
0
0
0
0
0
0
0
0
0
0
0
0
0
0
0
0
0
0
0
0
0
0
0
0
0
0
0
0
0
0
0
0
0
0
0
0
0
0
0
0
0
0
0
0
0
0
0
0
0
0
0
0
0
0
0
0
0
0
0
0
0
0
0
0
0
0
0
0
0
0
0
0
0
0
0
0
0
0
0
0
0
0
0
0
0
0
0
0
0
1
0
0
0
0
0
0
0
0
0
0
0
0
0
0
0
0
1
0
0
0
0
0
0
0
0
1
0
0
0
0
0
0
0
0
0
0
0
0
0
0
0
0
0
0
0
0
0
0
0
0
0
0
0
0
0
0
0
0
0
0
0
0
0
0
0
0
0
0
0
0
0
0
0
0
0
0
0
0
0
0
0
0
0
0
0
0
0
0
0
0
0
0
0
0
0
0
0
0
0
0
0
0
0
0
0
1
0
0
0
0
0
0
0
0
0
0
0
0
0
0
0
0
0
0
0
0
0
0
0
0
0
0
0
0
0
0
0
0
0
0
0
0
0
0
0
0
0
0
0
0
0
0
0
0
0
0
1
0
0
0
0
0
0
0
0
0
0
0
0
0
0
0
0
0
0
0
0
0
0
0
0
0
0
0
0
0
0
0
0
0
0
0
0
0
0
0
0
0
0
0
0
0
0
0
0
0
0
0
0
0
0
0
0
0
0
0
0
0
0
0
0
0
0
0
0
0
0
0
0
0
0
0
0
0
0
0
0
0
0
1
0
0
0
0
0
0
0
0
0
0
0
0
0
0
0
0
0
1
0
0
0
0
0
0
0
0
0
0
0
0
0
0
0
0
0
0
0
0
0
0
0
0
0
0
0
0
0
0
0
0
0
0
0
0
0
0
0
0
0
0
0
0
0
0
0
0
0
0
0
0
0
0
0
0
0
0
0
0
0
0
0
0
0
0
0
0
0
0
0
0
0
0
0
0
0
0
0
0
0
0
0
0
0
0
0
0
0
0
0
0
0
0
0
0
0
0
0
0
0
1
0
0
0
0
0
0
0
0
0
0
0
0
0
0
0
0
0
0
0
0
0
0
0
0
0
0
0
0
0
0
0
0
0
0
0
0
0
0
0
0
0
0
0
0
0
0
0
0
0
0
0
0
0
0
0
0
0
0
0
0
0
0
0
0
0
0
0
0
0
0
0
0
0
0
0
0
0
0
0
0
0
0
0
0
0
0
0
0
0
0
0
0
1
0
0
0
0
0
0
0
0
0
0
0
0
0
0
0
0
0
0
0
0
0
0
0
0
0
0
0
0
0
0
0
1
0
0
0
0
0
1
0
0
0
0
0
0
0
0
0
0
0
0
0
0
0
0
0
0
0
0
0
0
0
0
0
0
0
0
0
0
0
0
0
0
0
0
0
0
0
0
0
0
0
0
0
0
0
0
0
0
0
0
0
0
0
0
0
0
0
0
0
0
0
0
0
0
0
0
0
0
0
0
0
0
0
0
0
0
0
0
0
0
0
0
0
0
0
0
0
0
0
0
0
0
0
0
0
0
0
0
0
0
0
0
0
0
0
0
0
0
0
0
0
0
0
0
0
0
0
0
0
0
0
0
0
0
0
0
0
0
0
0
0
0
0
0
0
0
0
0
0
0
0
0
0
0
0
0
0
0
0
0
0
0
0
0
0
0
0
0
0
0
0
0
0
0
0
0
0
0
0
0
0
0
0
0
0
0
0
0
0
0
0
0
0
0
0
0
0
0
0
0
0
0
0
0
0
0
0
0
0
0
0
0
0
0
0
0
0
0
0
0
0
0
0
0
0
0
0
0
0
0
0
0
0
0
0
0
0
0
0
0
0
0
0
0
0
0
0
0
0
0
0
0
0
0
0
0
0
0
0
0
0
0
0
0
0
0
0
0
0
0
0
0
0
0
0
0
0
0
0
0
0
0
0
0
0
0
0
0
0
0
0
0
0
0
0
0
0
0
0
0
0
0
0
0
0
0
0
0
0
0
0
0
0
0
0
0
0
0
0
0
0
0
0
0
0
0
0
0
0
0
0
0
0
0
0
0
0
0
0
0
0
0
0
0
0
0
0
0
0
0
0
0
0
0
0
0
0
0
0
0
0
0
0
0
0
0
0
0
0
0
0
0
0
0
0
0
0
0
0
0
0
0
0
0
0
0
0
0
0
0
0
0
0
0
0
0
0
0
0
0
0
0
0
0
0
0
0
0
0
0
0
0
0
0
0
0
0
0
0
0
0
0
0
0
0
0
0
0
0
0
0
0
0
0
0
0
0
0
0
0
0
0
0
0
0
0
0
0
0
0
0
0
0
0
0
0
0
0
0
0
0
0
0
0
0
0
0
0
0
0
0
0
0
0
0
0
0
0
0
0
0
0
0
0
0
0
0
0
0
0
0
0
0
0
0
0
0
0
0
0
0
0
0
0
0
0
0
0
0
0
0
0
0
0
0
0
0
0
0
0
0
0
0
0
0
0
0
0
0
0
0
0
0
0
0
0
0
0
0
0
0
0
0
0
0
0
0
0
0
0
0
0
0
0
0
0
0
0
0
0
0
0
0
0
0
0
0
0
0
0
0
0
0
0
0
0
0
0
0
0
0
0
0
0
0
0
0
0
0
0
0
0
0
0
0
0
0
0
0
0
0
0
0
0
0
0
0
0
0
0
0
0
0
0
0
0
0
0
0
0
0
0
0
0
0
0
0
0
0
0
0
0
0
0
0
0
0
0
0
0
0
0
0
0
0
0
0
0
0
0
0
0
0
0
0
0
0
0
0
0
0
0
0
0
0
0
0
0
0
0
0
0
0
0
0
0
0
0
0
0
0
0
0
0
0
0
0
0
0
0
0
0
0
0
0
0
0
0
0
0
0
0
0
0
0
0
0
0
0
0
0
0
0
0
0
0
0
0
0
0
0
0
0
0
0
0
0
0
0
0
0
0
0
0
0
0
0
0
0
0
0
0
0
0
0
0
0
0
0
0
0
0
0
0
0
0
0
0
0
0
0
0
0
0
0
0
0
0
0
0
0
0
0
0
0
0
0
0
0
0
0
0
0
0
0
0
0
0
0
0
0
0
0
0
0
0
0
0
0
0
0
0
0
0
0
0
0
0
0
0
0
0
0
0
0
0
0
0
0
0
0
0
0
0
0
0
0
0
0
0
0
0
0
0
0
0
0
0
0
0
0
0
0
0
0
0
0
0
0
0
0
0
0
0
0
0
0
0
0
0
0
0
0
0
0
0
0
0
0
0
0
0
0
0
0
0
0
0
0
0
0
0
0
0
0
0
0
0
0
0
0
0
0
0
0
0
0
0
0
0
0
0
0
0
0
0
0
0
0
0
0
0
0
0
0
0
0
0
0
0
0
0
0
0
0
0
0
0
0
0
0
0
0
0
0
0
0
0
0
0
0
0
0
0
0
0
0
0
0
0
0
0
0
0
0
0
0
0
0
0
0
0
0
0
0
0
0
0
0
0
0
0
0
0
0
0
0
0
0
0
0
0
0
0
0
0
0
0
0
0
0
0
0
0
0
0
0
0
0
0
0
0
0
0
0
0
0
0
0
0
0
0
0
0
0
0
0
0
0
0
0
0
0
0
0
0
0
0
0
0
0
0
0
0
0
0
0
0
0
0
0
0
0
0
0
0
0
0
0
0
0
0
0
0
0
0
0
0
0
0
0
0
0
0
0
0
0
0
0
0
0
0
0
0
0
0
0
0
0
0
0
0
0
0
0
0
0
0
0
0
0
0
0
0
0
0
0
0
0
0
0
0
0
0
0
0
0
0
0
0
0
0
0
0
0
0
0
0
0
0
0
0
0
0
0
0
0
0
0
0
0
0
0
0
0
0
0
0
0
0
0
0
0
0
0
0
0
0
0
0
0
0
0
0
0
0
0
0
0
0
0
0
0
0
0
0
0
0
0
0
0
0
0
0
0
0
0
0
0
0
0
0
0
0
0
0
0
0
0
0
0
0
0
0
0
0
0
0
0
0
0
0
0
0
0
0
0
0
0
0
0
0
0
0
0
0
0
0
0
0
0
0
0
0
0
0
0
0
0
0
0
0
0
0
0
0
0
0
0
0
0
0
0
0
0
0
0
0
0
0
0
0
0
0
0
0
0
0
0
0
0
0
0
0
0
0
0
0
0
0
0
0
0
0
0
0
0
0
0
0
0
0
0
0
0
0
0
0
0
0
0
0
0
0
0
0
0
0
0
0
0
0
0
0
0
0
0
0
0
0
0
0
0
0
0
0
0
0
0
0
0
0
0
0
0
0
0
0
0
0
0
0
0
0
0
0
0
