0
0
0
0
0
0
0
0
0
0
0
0
0
0
0
0
0
0
0
0
0
0
0
0
0
0
0
0
0
0
0
0
0
0
0
0
0
0
0
0
0
0
0
0
0
0
0
0
0
0
0
0
0
0
0
0
0
0
0
0
0
0
0
0
0
0
0
0
0
0
0
0
0
0
0
0
0
0
0
0
0
0
0
0
0
0
0
0
0
0
0
0
0
0
0
0
0
0
0
0
0
0
0
0
0
0
0
0
0
0
0
0
0
0
0
0
0
0
0
0
0
0
0
0
0
0
0
0
0
0
0
0
0
0
0
0
0
0
0
0
0
0
0
0
0
0
0
0
0
0
0
0
0
0
0
0
0
0
0
0
0
0
0
0
0
0
0
0
0
0
0
0
0
0
0
0
0
0
0
0
0
0
0
0
0
0
0
0
0
0
0
0
0
0
0
0
0
0
0
0
0
0
0
0
0
0
0
0
0
0
0
0
0
1
0
0
0
0
0
0
0
0
0
0
0
0
0
0
0
0
0
0
0
0
0
0
0
0
0
0
0
0
0
0
0
0
0
0
0
0
0
0
0
0
0
0
0
0
0
0
0
0
0
0
0
0
0
0
0
0
0
0
0
0
0
0
0
0
0
1
0
0
0
0
0
0
0
0
0
0
0
0
0
0
0
0
0
0
0
0
0
0
0
0
1
0
0
1
0
0
0
0
0
0
0
0
0
0
0
0
0
0
1
0
0
0
0
0
0
0
0
0
0
0
0
0
0
0
0
2
0
0
0
0
0
0
0
0
0
0
1
0
0
0
0
1
0
1
0
0
1
0
0
0
0
0
1
0
0
0
1
0
0
0
0
0
0
0
0
0
1
0
1
1
1
0
0
1
0
1
0
0
0
0
0
0
0
0
0
0
0
0
0
0
0
0
0
1
0
1
1
0
0
1
1
0
0
0
0
0
0
0
0
0
0
0
0
0
0
0
0
0
0
0
0
0
1
0
0
0
0
0
0
0
0
0
0
0
1
0
0
1
1
0
0
0
0
0
0
0
1
0
1
1
0
2
1
0
0
1
0
0
1
0
0
1
0
1
0
3
0
0
1
0
1
0
0
1
0
0
0
1
0
0
0
0
1
0
0
1
1
0
1
0
1
2
0
0
0
0
1
1
0
1
1
0
1
1
0
1
1
1
0
0
0
1
1
0
0
1
0
1
0
1
1
1
2
0
2
2
1
0
1
0
1
0
0
0
2
0
2
0
1
0
0
0
1
1
2
1
1
0
1
1
1
2
0
1
0
0
0
1
0
0
1
0
2
1
1
2
0
1
1
3
0
2
0
0
2
0
1
1
0
2
0
0
1
3
0
2
1
0
1
3
0
1
0
0
2
1
2
3
1
1
2
0
3
3
0
1
1
3
2
0
2
1
1
0
0
0
0
1
1
3
1
2
4
1
1
1
0
0
1
1
3
0
4
1
2
1
1
1
2
1
2
2
2
1
0
0
0
2
2
3
2
2
2
1
1
2
1
3
5
1
3
0
4
3
0
0
2
0
3
3
1
3
1
2
2
3
6
3
2
2
1
2
4
4
3
2
1
2
0
3
2
0
3
2
0
3
3
2
2
2
2
1
3
4
0
4
3
3
1
1
2
1
6
2
1
4
2
2
5
2
5
5
1
1
4
2
1
1
6
5
3
5
2
3
4
1
2
3
1
3
5
3
3
4
2
3
2
2
1
1
3
2
2
2
1
4
1
8
4
3
5
6
2
3
4
3
4
6
4
3
3
4
5
7
5
4
4
6
5
6
1
4
8
3
7
5
5
4
3
5
8
4
4
6
3
4
7
5
6
3
3
4
10
6
6
5
5
5
4
6
3
3
5
3
6
9
3
5
6
4
6
8
6
4
5
7
6
8
6
9
4
3
7
5
8
3
7
3
1
9
3
7
6
9
4
6
3
5
4
7
8
7
8
11
8
6
6
2
4
8
9
4
2
7
9
5
3
5
7
7
6
9
10
3
10
7
8
8
10
9
7
10
4
11
9
11
6
8
11
2
5
14
11
15
7
8
5
5
5
7
8
6
12
11
13
13
11
13
13
5
8
9
9
9
7
9
9
10
15
8
7
16
14
16
7
12
13
14
15
14
15
13
11
10
18
7
15
20
6
5
14
20
16
10
9
19
11
16
16
8
13
13
13
11
9
15
15
12
16
9
11
20
9
24
8
13
20
12
17
17
12
18
16
13
14
17
17
14
20
14
19
16
22
20
18
17
16
14
19
18
15
12
17
15
16
16
15
11
18
20
13
12
12
16
16
16
19
18
20
29
18
25
15
19
11
14
19
26
22
21
20
19
18
27
25
22
25
25
20
28
23
19
23
22
24
17
23
22
19
19
27
22
22
27
33
28
21
18
25
22
25
22
26
24
31
31
22
27
15
20
36
34
27
20
19
24
28
31
23
19
33
29
20
34
20
26
25
22
30
27
36
25
25
20
23
31
32
31
37
36
38
28
37
27
23
33
27
35
34
30
35
33
30
38
25
39
39
34
44
31
38
27
31
27
31
31
29
27
39
30
36
32
39
28
46
27
28
32
29
46
40
37
31
36
40
37
33
50
34
36
32
30
35
38
43
42
44
35
41
36
43
44
48
31
39
40
35
40
40
45
38
41
45
36
48
42
46
42
51
45
43
44
46
54
32
42
37
36
46
49
37
40
50
41
41
52
45
40
52
38
46
46
45
52
57
36
51
48
53
43
55
65
66
39
48
47
49
62
48
59
57
44
45
47
47
65
56
43
57
43
45
50
50
43
67
43
69
52
61
54
65
55
69
64
50
60
62
58
62
66
46
64
58
59
73
62
63
59
81
59
62
66
63
69
66
70
61
74
77
60
61
78
66
67
69
67
75
64
82
71
50
76
62
68
76
62
73
70
74
91
72
74
63
82
74
76
68
77
88
70
65
78
84
58
64
71
73
81
83
87
72
86
75
81
80
93
74
83
73
88
84
89
80
93
88
83
81
75
91
95
91
76
76
87
93
89
96
105
103
94
93
85
90
86
87
108
96
94
75
108
85
84
88
91
92
108
93
86
93
99
83
96
103
111
112
83
83
105
106
97
115
94
87
104
113
103
111
112
98
104
103
122
88
92
117
103
116
102
104
114
103
81
118
94
102
97
106
128
133
115
89
105
109
123
125
124
131
107
133
124
113
106
116
111
127
131
130
120
114
124
109
125
128
133
130
116
106
122
123
118
128
101
127
144
130
126
127
156
134
139
132
134
129
127
126
117
115
143
126
136
148
147
125
120
154
138
126
135
159
139
132
136
156
145
150
141
142
148
155
148
155
157
167
149
162
140
154
145
135
150
154
152
154
160
173
147
146
140
178
176
168
173
143
163
158
178
165
163
176
182
135
155
158
169
177
162
156
161
155
169
154
182
156
178
168
155
175
194
164
165
161
159
170
166
179
163
151
179
174
186
182
176
211
172
165
188
219
182
177
195
194
201
170
165
189
196
206
181
192
190
188
209
215
196
176
194
180
195
174
151
183
196
210
197
191
212
193
221
220
178
195
201
204
208
193
197
220
230
194
213
203
180
215
198
196
189
237
197
218
210
217
221
223
207
225
208
238
211
247
220
228
222
223
242
197
208
204
225
240
226
213
244
234
234
214
237
257
223
254
233
237
222
234
242
240
272
244
250
243
223
230
261
264
276
241
233
267
275
219
209
253
253
277
283
220
232
230
260
263
285
249
293
283
280
247
228
261
270
264
273
265
256
255
272
264
253
265
261
242
269
268
285
271
268
309
282
272
274
299
307
245
272
264
273
284
293
269
256
281
293
288
314
247
294
280
355
261
287
278
289
281
303
315
289
288
292
298
323
312
301
283
300
301
283
309
320
323
299
299
296
326
309
306
336
309
303
313
330
307
346
315
304
318
326
293
336
339
348
318
321
346
339
299
323
341
342
322
350
354
362
348
303
326
345
377
339
343
282
314
326
359
369
327
376
356
322
300
328
369
332
376
370
338
355
360
373
376
324
338
370
356
366
346
362
388
384
331
406
400
364
371
351
362
327
364
373
398
371
384
420
376
374
405
441
398
379
402
375
388
423
369
384
417
392
384
322
409
385
363
389
413
349
393
398
407
394
354
406
399
369
375
403
410
401
396
419
424
383
415
390
420
415
400
451
399
420
399
419
418
410
411
413
416
417
420
415
466
438
435
429
432
440
404
414
430
451
404
454
454
414
464
427
439
411
427
447
471
449
458
455
467
434
454
472
461
470
450
473
455
435
483
437
441
480
381
423
454
447
436
462
448
448
475
459
480
467
462
476
501
463
490
463
508
491
479
465
430
448
471
486
456
477
466
516
428
490
475
476
532
495
463
489
520
456
459
489
488
472
528
482
481
498
446
420
511
474
516
545
543
513
508
512
498
508
539
480
536
530
496
493
500
492
487
531
518
515
501
535
554
519
539
483
572
531
516
533
522
501
535
557
515
557
521
530
581
530
531
540
543
501
512
544
516
530
546
554
557
534
512
536
523
570
536
530
555
554
520
568
578
579
572
533
579
542
611
547
571
565
590
565
555
573
528
514
626
562
552
600
589
608
569
557
589
533
586
561
610
550
569
650
622
580
600
626
546
603
578
572
567
593
575
595
643
602
555
601
583
599
646
643
569
556
588
575
620
543
664
587
589
623
598
561
610
593
606
664
645
606
661
616
624
606
663
589
620
595
582
568
662
616
622
625
589
589
605
675
667
660
606
605
638
642
650
656
576
618
610
657
611
632
634
650
632
660
673
639
692
613
600
636
634
675
634
664
692
609
639
670
660
655
597
629
642
662
605
655
667
613
655
675
718
645
649
699
657
687
636
733
672
718
599
591
689
695
602
693
678
634
654
697
670
625
647
719
669
682
655
660
716
677
673
670
678
664
691
681
733
750
688
654
666
711
687
675
694
683
702
688
717
672
680
686
713
692
731
764
714
672
696
588
622
720
690
686
679
713
683
659
696
682
648
703
735
652
695
707
690
683
709
725
665
686
671
657
691
748
668
708
718
706
715
715
703
671
735
725
683
747
698
768
698
720
718
750
700
709
726
701
720
718
707
778
743
709
714
752
743
731
703
765
686
753
689
752
709
729
758
787
695
717
740
751
720
795
725
719
703
781
652
690
738
755
751
811
668
716
742
774
748
748
709
827
781
712
700
773
687
724
721
750
730
746
732
806
765
779
787
741
737
733
715
751
752
751
754
776
780
770
712
845
766
770
712
777
774
729
725
605
782
749
782
792
728
772
760
715
743
796
771
803
750
718
702
737
751
755
744
765
823
724
773
775
734
786
733
806
773
761
786
798
772
813
755
816
751
760
719
819
784
748
800
827
796
757
746
786
741
736
753
755
778
760
735
717
782
761
779
782
799
769
751
837
821
756
788
737
782
766
790
821
757
790
735
764
776
764
676
716
769
832
782
805
815
798
739
808
799
743
761
835
769
802
772
824
795
737
781
808
774
740
765
798
780
811
744
752
783
751
751
807
810
721
801
821
802
778
750
771
828
760
754
780
802
745
733
652
750
764
771
813
773
772
796
772
759
685
790
800
803
750
735
749
781
827
731
811
803
783
716
789
749
743
765
791
746
785
784
773
805
832
778
800
786
775
813
861
775
749
742
758
766
767
727
755
796
800
780
824
754
780
779
753
809
786
754
775
725
712
725
818
775
792
781
794
809
736
742
830
797
732
763
801
774
766
727
706
749
798
829
796
814
771
770
726
773
803
759
780
763
750
803
774
767
757
768
828
767
819
769
784
793
756
764
817
813
770
761
771
825
822
780
810
812
782
739
777
807
830
717
818
791
774
764
611
842
803
763
800
827
747
765
758
815
771
754
778
728
719
718
730
724
764
812
799
797
733
793
748
784
762
717
778
763
803
766
811
805
779
776
818
817
759
762
788
767
792
725
805
751
704
714
758
736
765
764
776
776
746
746
739
793
692
731
791
785
811
722
799
773
780
724
741
757
775
733
783
778
754
792
736
757
714
691
725
747
759
722
759
779
688
732
725
762
716
721
770
755
706
721
750
755
713
730
726
733
745
687
784
733
753
738
797
717
708
693
705
771
734
744
754
754
775
718
742
796
680
689
763
709
712
698
590
724
739
722
757
700
705
683
730
693
676
739
756
757
731
702
736
755
781
739
740
728
696
699
736
704
750
743
765
688
719
649
724
673
681
718
733
731
656
680
713
703
691
714
730
721
752
614
745
691
653
687
701
703
750
724
694
702
749
715
703
678
678
656
746
715
713
695
698
729
609
693
701
722
647
659
707
678
654
592
599
717
730
681
706
688
739
718
723
684
691
680
673
687
676
646
660
684
661
704
708
674
682
650
667
624
660
644
691
635
659
622
667
658
676
657
652
686
641
676
684
638
694
681
657
655
641
664
587
664
670
688
713
689
667
640
689
656
683
617
652
653
649
638
635
643
660
622
635
642
643
637
617
644
651
597
603
630
648
620
662
600
635
610
697
643
617
638
658
608
633
646
605
642
617
584
612
638
627
582
637
677
583
682
614
635
613
604
629
661
613
636
602
615
615
647
574
612
583
634
607
620
655
579
589
589
600
609
533
619
588
569
612
635
591
577
554
559
610
554
643
606
590
626
588
578
544
570
639
596
604
592
623
572
604
546
597
604
580
562
566
608
563
551
547
584
614
623
600
614
587
610
570
564
589
553
456
562
566
576
577
548
526
542
609
554
560
555
548
605
556
482
521
574
513
535
567
545
548
511
587
570
529
560
524
560
535
538
536
569
550
543
564
544
530
516
567
514
524
517
450
523
552
458
494
522
553
549
520
545
529
533
521
514
481
517
493
548
521
498
510
554
516
518
528
523
500
522
534
492
521
529
508
559
530
437
466
502
487
510
538
494
521
499
520
522
502
515
466
507
495
514
512
482
522
487
480
444
494
508
493
507
508
503
499
482
485
460
483
455
462
515
470
426
473
426
509
460
501
451
482
483
452
500
389
454
481
479
495
492
446
460
474
475
496
435
458
480
471
437
463
532
452
438
443
461
429
482
504
473
431
445
419
452
436
444
463
466
441
482
467
486
429
474
490
419
430
445
423
458
450
401
426
456
427
415
461
444
418
424
431
435
455
424
435
462
466
435
408
410
423
403
495
440
364
426
433
426
405
407
398
414
374
361
364
428
393
430
439
395
389
383
449
409
380
375
419
419
405
437
417
400
428
409
407
378
393
391
379
424
372
420
394
389
400
387
387
365
407
373
399
383
359
393
346
396
394
371
399
377
376
348
313
366
361
380
397
392
413
390
384
378
371
358
406
357
368
374
363
347
350
360
346
396
353
382
336
404
333
349
348
360
396
364
359
328
340
352
373
333
361
337
360
348
311
332
368
361
318
303
335
318
301
369
341
327
352
333
353
353
336
348
349
335
335
350
318
341
306
322
309
339
324
313
350
321
332
335
317
341
306
296
277
309
335
296
328
292
310
320
329
307
316
317
298
334
299
303
306
324
319
284
333
325
319
307
318
322
297
291
283
280
269
317
313
332
276
313
297
320
286
286
314
295
300
295
278
293
308
310
238
266
290
304
279
292
287
318
307
259
262
265
275
261
282
286
306
276
270
282
273
272
260
278
266
255
276
266
295
294
234
249
231
262
263
252
271
274
248
264
294
244
224
241
257
261
264
213
264
262
251
251
266
264
262
229
284
283
261
264
266
258
231
224
268
229
238
243
242
242
227
230
246
253
250
228
264
250
247
227
225
229
248
236
249
245
230
248
250
232
248
240
228
252
221
239
251
230
234
225
246
226
212
234
236
222
235
207
229
232
218
198
218
219
205
222
204
203
218
210
221
221
203
235
231
211
202
221
197
190
203
197
235
221
200
241
222
215
201
178
187
215
211
208
203
189
205
190
189
213
192
200
200
201
216
201
222
210
190
200
203
203
187
209
181
190
223
203
184
194
195
173
189
188
172
182
215
170
192
175
167
187
156
179
185
199
194
175
194
185
189
184
160
170
196
200
188
173
184
180
189
176
185
201
182
179
162
157
155
183
167
173
188
196
180
166
161
188
153
172
169
161
160
145
172
160
177
141
159
157
153
181
159
157
140
189
170
153
162
139
174
165
157
162
160
141
120
160
156
149
159
140
172
151
145
151
153
149
134
172
148
151
149
149
145
152
145
147
153
144
140
147
144
149
150
153
164
156
143
132
153
145
134
141
126
149
143
132
134
141
120
138
141
149
139
122
128
132
154
150
139
143
135
114
129
152
135
136
145
126
129
135
145
141
139
114
121
132
126
129
121
121
120
131
116
144
111
121
134
143
126
114
125
125
123
96
117
120
136
122
133
124
98
127
124
116
120
112
110
116
135
121
118
124
104
110
119
124
120
122
107
132
114
98
113
112
133
119
108
102
138
120
113
110
118
102
100
82
98
108
102
95
100
116
85
108
104
101
94
114
106
102
109
108
122
101
100
102
89
111
107
118
99
95
90
104
98
91
102
93
113
112
100
93
109
100
93
97
104
104
98
93
76
94
99
88
95
80
97
94
116
77
91
92
88
105
106
76
105
86
86
88
80
83
97
100
95
76
75
100
90
88
93
101
75
96
81
93
101
77
87
87
79
69
85
100
76
83
96
63
75
89
89
91
79
89
74
94
87
93
68
74
76
84
93
80
81
87
77
75
61
63
72
91
69
71
72
76
74
77
73
72
82
76
91
79
81
68
73
75
64
72
61
67
70
80
53
64
66
70
63
77
66
65
60
64
68
69
60
71
52
76
68
71
55
66
67
77
75
64
65
76
54
70
65
83
62
87
44
81
64
61
48
62
55
66
60
54
56
64
61
52
56
41
64
67
49
43
65
61
56
66
59
51
62
45
66
56
44
55
57
45
58
61
63
51
60
51
51
58
68
48
53
56
62
56
55
55
63
47
38
60
57
50
53
58
58
59
54
52
67
64
46
60
40
60
51
47
41
57
56
45
38
44
50
57
45
48
41
45
45
41
47
50
41
46
41
44
36
45
41
57
33
34
52
51
50
40
36
47
44
39
57
61
54
47
47
48
40
53
54
40
49
34
41
51
46
44
53
35
50
39
33
43
41
41
50
31
41
28
35
31
44
51
46
54
51
28
37
51
53
45
39
44
49
29
37
37
34
39
43
41
25
38
32
37
34
29
41
32
32
34
43
50
41
28
36
41
34
32
37
31
38
34
39
37
28
22
44
36
28
30
27
25
33
31
34
31
26
32
35
31
32
36
31
34
43
33
25
25
33
35
25
28
23
32
41
29
29
34
35
33
41
26
37
29
31
24
31
30
22
28
36
36
28
33
28
25
26
32
31
29
21
25
26
34
29
34
29
29
32
24
23
30
24
24
19
31
26
17
27
22
31
23
25
22
18
20
31
25
27
33
27
29
23
24
30
21
24
23
20
16
32
20
25
23
16
25
17
25
14
24
32
30
24
27
25
24
25
25
24
19
16
30
20
18
23
16
23
19
25
17
18
20
17
23
24
23
21
20
18
22
20
19
15
26
15
23
21
18
22
18
15
27
19
18
20
17
14
23
19
22
22
13
18
18
24
25
21
18
23
22
19
27
14
9
17
18
25
18
14
24
16
20
15
15
13
27
22
16
20
11
11
12
19
17
16
14
19
19
13
14
22
13
21
12
7
17
20
13
22
24
25
9
14
11
23
13
12
18
11
14
12
17
8
13
20
18
15
15
7
17
14
13
6
14
14
10
16
19
18
11
10
9
9
14
15
14
15
11
18
12
17
6
11
11
9
8
14
9
10
15
18
16
7
13
10
12
20
12
10
14
7
12
10
15
16
13
20
10
12
12
11
8
17
12
15
9
10
6
14
13
18
15
14
10
11
10
11
9
10
3
12
14
8
15
14
9
9
15
9
13
13
11
7
11
4
9
11
10
6
13
11
15
13
8
4
9
11
6
5
14
6
16
6
12
7
12
15
10
7
10
9
10
14
11
9
7
12
3
11
4
4
10
9
3
11
6
12
9
7
12
2
7
8
3
5
8
9
14
6
4
6
11
5
5
4
8
13
7
6
10
4
10
4
8
4
11
9
8
9
6
5
13
5
8
8
8
7
7
11
5
8
11
5
4
7
6
4
6
5
7
6
6
5
4
1
6
7
11
10
7
3
7
5
11
6
9
8
9
7
2
7
6
8
6
3
5
7
8
4
7
8
6
7
4
2
5
8
2
5
9
5
5
4
4
6
7
1
5
4
3
2
6
4
7
8
10
7
6
4
5
2
6
7
5
2
7
5
7
8
2
3
7
4
5
2
7
4
4
2
6
3
3
6
5
0
5
5
3
7
5
7
6
5
6
3
4
6
3
3
7
4
4
4
2
5
1
2
2
1
1
2
7
2
2
4
2
5
6
7
2
6
4
5
1
4
4
5
1
3
3
4
2
3
4
5
5
3
3
4
4
3
2
1
5
5
2
3
3
4
2
4
2
5
5
4
3
4
0
5
5
2
2
1
2
2
3
3
5
7
4
3
4
6
0
1
2
1
2
4
2
1
5
4
4
3
1
3
1
0
5
0
5
1
5
2
2
2
1
7
1
2
2
1
3
2
4
0
1
6
5
4
4
4
1
0
2
4
2
1
1
2
2
6
2
3
3
3
2
5
2
2
2
2
6
1
4
3
4
2
4
2
1
2
5
4
0
0
1
0
3
1
0
3
4
5
1
0
5
1
2
2
3
3
1
3
5
0
3
2
3
2
3
4
2
1
1
2
1
1
1
2
3
1
1
3
0
3
0
1
2
1
1
2
5
2
2
0
0
1
1
4
3
1
3
1
6
1
2
0
3
1
0
1
0
1
2
2
2
3
1
1
0
2
0
2
2
2
1
2
0
3
2
0
3
1
2
0
0
1
3
2
2
0
2
3
3
0
4
2
1
1
0
1
0
0
1
3
1
1
2
0
0
1
0
0
2
2
1
0
2
1
1
1
0
0
0
0
0
2
3
4
1
2
0
1
2
2
1
1
0
0
0
1
0
3
1
1
1
0
1
0
3
1
2
0
0
1
2
0
4
0
0
1
2
2
0
0
0
1
1
0
3
0
1
2
2
0
1
0
0
0
2
0
0
2
0
2
0
1
0
1
0
0
0
0
0
2
0
1
0
0
2
2
0
1
2
0
0
1
0
1
2
2
0
1
1
0
0
2
0
0
0
2
0
1
1
1
0
1
0
1
0
2
1
0
0
1
1
1
0
0
1
0
1
0
2
2
1
1
0
1
0
0
0
1
0
0
1
2
0
0
0
1
0
0
0
0
1
1
0
1
1
0
1
0
0
2
0
0
0
0
0
1
0
0
0
0
2
0
1
0
0
0
0
1
1
0
0
0
1
0
0
0
2
0
0
1
1
0
1
0
0
0
0
1
0
0
1
0
1
0
2
0
0
2
1
1
1
0
1
0
0
1
1
0
0
0
1
1
0
1
0
0
1
0
1
0
1
0
2
0
0
1
0
0
0
1
0
0
0
0
0
0
0
0
2
0
0
0
1
1
1
0
1
2
0
1
1
0
0
0
2
1
0
0
0
0
0
0
1
0
0
0
1
0
0
0
0
1
0
0
0
0
0
0
0
0
1
0
1
1
1
0
0
1
0
0
2
0
0
0
0
0
0
0
1
1
0
0
0
0
0
0
0
0
0
0
0
1
0
0
1
0
0
0
0
0
0
1
0
0
0
0
0
0
0
0
0
0
0
0
0
0
0
0
0
0
0
0
0
1
0
0
0
0
1
0
0
0
0
0
0
0
0
0
0
0
0
0
0
0
0
0
0
0
0
0
0
0
0
1
0
0
0
0
1
0
0
1
0
1
0
1
0
0
0
0
0
0
0
0
0
0
0
0
0
0
1
0
0
0
0
0
0
0
0
0
0
0
0
2
0
1
0
0
0
1
0
0
0
0
0
0
1
0
0
0
0
0
0
0
0
0
0
0
0
0
0
0
0
0
0
0
0
1
0
0
0
0
0
0
0
0
0
0
0
0
0
0
0
0
0
0
0
0
0
0
0
1
0
0
0
0
0
0
0
0
0
0
0
0
0
0
0
1
0
0
0
0
1
1
0
0
0
0
0
0
0
0
0
0
0
0
1
0
0
0
0
0
0
0
0
0
0
0
0
0
0
0
0
0
0
0
0
0
1
0
0
0
0
0
0
0
0
0
0
0
0
0
0
0
0
0
0
0
0
1
0
0
0
0
0
0
0
0
0
0
0
0
0
0
0
0
0
0
0
0
0
0
0
0
0
0
0
0
0
0
0
0
0
0
0
0
0
1
0
1
0
0
0
0
0
0
0
0
0
0
0
0
0
0
0
0
0
0
0
0
0
0
0
0
0
0
0
0
0
0
0
0
0
0
0
0
0
0
0
0
0
0
0
0
0
0
0
0
0
0
0
0
0
0
0
0
0
0
0
0
0
0
0
0
0
0
0
0
0
0
0
0
0
0
0
0
0
0
0
0
0
0
0
0
0
0
0
0
1
0
0
0
0
0
0
0
0
0
0
0
0
0
0
0
0
0
0
0
0
0
0
0
0
0
0
0
0
0
0
0
0
0
0
0
0
0
0
0
0
0
0
0
0
0
0
0
0
0
0
0
0
0
0
0
0
0
0
0
0
0
0
0
0
0
0
0
0
0
0
0
0
0
0
0
0
0
0
0
0
0
0
0
0
0
0
0
0
0
0
0
0
0
0
0
0
0
0
0
0
0
0
0
0
0
0
0
0
0
0
0
0
0
0
0
0
0
0
0
0
0
0
0
0
0
0
0
0
0
0
0
1
0
0
0
0
0
0
0
0
0
0
0
0
0
0
0
0
0
0
0
0
0
0
0
0
0
0
0
0
0
0
0
0
0
0
0
0
0
0
0
0
0
0
0
0
0
0
0
0
0
0
0
0
0
0
0
0
0
0
0
0
0
0
0
0
0
0
0
0
0
0
0
0
0
0
0
0
0
0
0
0
0
0
0
0
0
0
0
0
0
0
0
0
0
0
0
0
0
0
0
0
0
0
0
0
0
0
0
0
0
0
0
0
0
0
0
0
0
0
0
0
0
0
0
0
0
0
0
0
0
0
0
0
0
0
0
0
0
0
0
0
0
0
0
0
0
0
0
0
0
0
0
0
0
0
0
0
0
0
0
0
0
0
0
0
0
0
0
0
0
0
0
0
0
0
0
0
0
1
0
0
0
0
0
0
0
0
0
0
0
0
0
0
0
0
0
0
0
0
0
0
0
0
0
0
0
0
0
0
0
0
0
0
0
0
0
0
0
0
0
0
0
0
0
0
0
0
0
0
0
0
0
0
0
0
0
0
0
0
0
0
0
0
0
0
0
0
0
0
0
0
0
0
0
0
0
0
0
0
0
0
0
0
0
0
0
0
0
0
0
0
0
0
0
0
0
0
0
0
0
0
0
0
0
0
0
0
0
0
0
0
0
0
0
0
0
0
0
0
0
0
0
0
0
0
0
0
0
0
0
0
0
0
0
0
0
0
0
0
0
0
0
0
0
0
0
0
0
0
0
0
0
0
0
0
0
0
0
0
0
0
0
0
0
0
0
0
0
0
0
0
0
0
0
0
0
0
0
0
0
0
0
0
0
0
0
0
0
0
0
0
0
0
0
0
0
0
0
0
0
0
0
0
0
0
0
0
0
0
0
0
0
0
0
0
0
0
0
0
0
0
0
0
0
0
0
0
0
0
0
0
0
0
0
0
0
0
0
0
0
0
0
0
0
0
0
0
0
0
0
0
0
0
0
0
0
0
0
0
0
0
0
0
0
0
0
0
0
0
0
0
0
0
0
0
0
0
0
0
0
0
0
0
0
0
0
0
0
0
0
0
0
0
0
0
0
0
0
0
0
0
0
0
0
0
0
0
0
0
0
0
0
0
0
0
0
0
0
0
0
0
0
0
0
0
0
0
0
0
0
0
0
0
0
0
0
0
0
0
0
0
0
0
0
0
0
0
0
0
0
0
0
0
0
0
0
0
0
0
0
0
0
0
0
0
0
0
0
0
0
0
0
0
0
0
0
0
0
0
0
0
0
0
0
0
0
0
0
0
0
0
0
0
0
0
0
0
0
0
0
0
0
0
0
0
0
0
0
0
0
0
0
0
0
0
0
0
0
0
0
0
0
0
0
0
0
0
0
0
0
0
0
0
0
0
0
0
0
0
0
0
0
0
0
0
0
0
0
0
0
0
0
0
0
0
0
0
0
0
0
0
0
0
0
0
0
0
0
0
0
0
0
0
0
0
0
0
0
0
0
0
0
0
0
0
0
0
0
0
0
0
0
0
0
0
0
0
0
0
0
0
0
0
0
0
0
0
0
0
0
0
0
0
0
0
0
0
0
0
0
0
0
0
0
0
0
0
0
0
0
0
0
0
0
0
0
0
0
0
0
0
0
0
0
0
0
0
0
0
0
0
0
0
0
0
0
0
0
0
0
0
0
0
0
0
0
0
0
0
0
0
0
0
0
0
0
0
0
0
0
0
0
0
0
0
0
0
0
0
0
0
0
0
0
0
0
0
0
0
0
0
0
0
0
0
0
0
0
0
0
0
0
0
0
0
0
0
0
0
0
0
0
0
0
0
0
0
0
0
0
0
0
0
0
0
0
0
0
0
0
0
0
0
0
0
0
0
0
0
0
0
0
0
0
0
0
0
0
0
0
0
0
0
0
0
0
0
0
0
0
0
0
0
0
0
0
0
0
0
0
0
0
0
0
0
0
0
0
0
0
0
0
0
0
0
0
0
0
0
0
0
0
0
0
0
0
0
0
0
0
0
0
0
0
0
0
0
0
0
0
0
0
0
0
0
0
0
0
0
0
0
0
0
0
0
0
0
0
0
0
0
0
0
0
0
0
0
0
0
0
0
0
0
0
0
0
0
0
0
0
0
0
0
0
0
0
0
0
0
0
0
0
0
0
0
0
0
0
0
0
0
0
0
0
0
0
0
0
0
0
0
0
0
0
0
0
0
0
0
0
0
0
0
0
0
0
0
0
0
0
0
0
0
0
0
0
0
0
0
0
0
0
0
0
0
0
0
0
0
0
0
0
0
0
0
0
0
0
0
0
0
0
0
0
0
0
0
0
0
0
0
0
0
0
0
0
0
0
0
0
0
0
0
0
0
0
0
0
0
0
0
0
0
0
0
0
0
0
0
0
0
0
0
0
0
0
0
0
0
0
0
0
0
0
0
0
0
0
0
0
0
0
0
0
0
0
0
0
0
0
0
0
0
0
0
0
0
0
0
0
0
0
0
0
0
0
0
0
0
0
0
0
0
0
0
0
0
0
0
0
0
0
0
0
0
0
0
0
0
0
0
0
0
0
0
0
0
0
0
0
0
0
0
0
0
0
0
0
0
0
0
0
0
0
0
0
0
0
0
0
0
0
0
0
0
0
0
0
0
0
0
0
0
0
0
0
0
0
0
0
0
0
0
0
0
0
0
0
0
0
0
0
0
0
0
0
0
0
0
0
0
0
0
0
0
0
0
0
0
0
0
0
0
0
0
0
0
0
0
0
0
0
0
0
0
0
0
0
0
0
0
0
0
0
0
0
0
0
0
0
0
0
0
0
0
0
0
0
0
0
0
0
0
0
0
0
0
0
0
0
0
0
0
0
0
0
0
0
0
0
0
0
0
0
0
0
0
0
0
0
0
0
0
0
0
0
0
0
0
0
0
0
0
0
0
0
0
0
0
0
0
0
0
0
0
0
0
0
0
0
0
0
0
0
0
0
0
0
0
0
0
0
0
0
0
0
0
0
0
0
0
0
0
0
0
0
0
0
0
0
0
0
0
0
0
0
0
0
0
0
0
0
0
0
0
0
0
0
0
0
0
0
0
0
0
0
0
0
0
0
0
0
0
0
0
0
0
0
0
0
0
0
0
0
0
0
0
0
0
0
0
0
0
0
0
0
0
0
0
0
0
0
0
0
0
0
0
0
0
0
0
0
0
0
0
0
0
0
0
0
0
0
0
0
0
0
0
0
0
0
0
0
0
0
0
0
0
0
0
0
0
0
0
0
0
0
0
0
0
0
0
0
0
0
0
0
0
0
0
0
0
0
0
0
0
0
0
0
0
0
0
0
0
0
0
0
0
0
0
0
0
0
0
0
0
0
0
0
0
0
0
0
0
0
0
0
0
0
0
0
0
0
0
0
0
0
0
0
0
0
0
0
0
0
0
0
0
0
0
0
0
0
0
0
0
0
0
0
0
0
0
0
0
0
0
0
0
0
0
0
0
0
0
0
0
0
0
0
0
0
0
0
0
0
0
0
0
0
0
0
0
0
0
0
0
0
0
0
0
0
0
0
0
0
0
0
0
0
0
0
0
0
0
0
0
0
0
0
0
0
0
0
0
0
0
0
0
0
0
0
0
0
0
0
0
0
0
0
0
0
0
0
0
0
0
0
0
0
0
0
0
0
0
0
0
0
0
0
0
0
0
0
0
0
0
0
0
0
0
0
0
0
0
0
0
0
0
0
0
0
0
0
0
0
0
0
0
0
0
0
0
0
0
0
0
0
0
0
0
0
0
0
0
0
0
0
0
0
0
0
0
0
0
0
0
0
0
0
0
0
0
0
0
0
0
0
0
0
0
0
0
0
0
0
0
0
0
0
0
0
0
0
0
0
0
0
0
0
0
0
0
0
0
0
0
0
0
0
0
0
0
0
0
0
0
0
0
0
0
0
0
0
0
0
0
0
0
0
0
0
0
0
0
0
0
0
0
0
0
0
0
0
0
0
0
0
0
0
0
0
0
0
0
0
0
0
0
0
0
0
0
0
0
0
0
0
0
0
0
0
0
0
0
0
0
0
0
0
0
0
0
0
0
0
0
0
0
0
0
0
0
0
0
0
0
0
0
0
0
0
0
0
0
0
0
0
0
0
0
0
0
0
0
0
0
0
0
0
0
0
0
0
0
0
0
0
0
0
0
0
0
0
0
0
0
0
0
0
0
0
0
0
0
0
0
0
0
0
0
0
0
0
0
0
0
0
0
0
0
0
0
0
0
0
0
0
0
0
0
0
0
0
0
0
0
0
0
0
0
0
0
0
0
0
0
0
0
0
0
0
0
0
0
0
0
0
0
0
0
0
0
0
0
0
0
0
0
0
0
0
0
0
0
0
0
0
0
0
0
0
0
0
0
0
0
0
0
0
0
0
0
0
0
0
0
0
0
0
0
0
0
0
0
0
0
0
0
0
0
0
0
0
0
0
0
0
0
0
0
0
0
0
0
0
0
0
0
0
0
0
0
0
0
0
0
0
0
0
0
0
0
0
0
0
0
0
0
0
0
0
0
0
0
0
0
0
0
0
0
0
0
0
0
0
0
0
0
0
0
0
0
0
0
0
0
0
0
0
0
0
0
0
0
0
0
0
0
0
0
0
0
0
0
0
0
0
0
0
0
0
0
0
0
0
0
0
0
0
0
0
0
0
0
0
0
0
0
0
0
0
0
0
0
0
0
0
0
0
0
0
0
0
0
0
0
0
0
0
0
0
0
0
0
0
0
0
0
0
0
0
0
0
0
0
0
0
0
0
0
0
0
0
0
0
0
0
0
0
0
0
0
0
0
0
0
0
0
0
0
0
0
0
0
0
0
0
0
0
0
0
0
0
0
0
0
0
0
0
0
0
0
0
0
0
0
0
0
0
0
0
0
0
0
0
0
0
0
0
0
0
0
0
0
0
0
0
0
0
0
0
0
0
0
0
0
0
0
0
0
0
0
0
0
0
0
0
0
0
0
0
0
0
0
0
0
0
0
0
0
0
0
0
0
0
0
0
0
0
0
0
0
0
0
0
0
0
0
0
0
0
0
0
0
0
0
0
0
0
0
0
0
0
0
0
0
0
0
0
0
0
0
0
0
0
0
0
0
0
0
0
0
0
0
0
0
0
0
0
0
0
0
0
0
0
0
0
0
0
0
0
0
0
0
0
0
0
0
0
0
0
0
0
0
0
0
0
0
0
0
0
0
0
0
0
0
0
0
0
0
0
0
0
0
0
0
0
0
0
0
0
0
0
0
0
0
0
0
0
0
0
0
0
0
0
0
0
0
0
0
0
0
0
0
0
0
0
0
0
0
0
0
0
0
0
0
0
0
0
0
0
0
0
0
0
0
0
0
0
0
0
0
0
0
0
0
0
0
0
0
0
0
0
0
0
0
0
0
0
0
0
0
0
0
0
0
0
0
0
0
0
0
0
0
0
0
0
0
0
0
0
0
0
0
0
0
0
0
0
0
0
0
0
0
0
0
0
0
0
0
0
0
0
0
0
0
0
0
0
0
0
0
0
0
0
0
0
0
0
0
0
0
0
0
0
0
0
0
0
0
0
0
0
0
0
0
0
0
0
0
0
0
0
0
0
0
0
0
0
0
0
0
0
0
0
0
0
0
0
0
0
0
0
0
0
0
0
0
0
0
0
0
0
0
0
0
0
0
0
