0
0
0
0
0
0
0
0
0
0
0
0
0
0
0
0
0
0
0
0
0
0
0
0
0
0
0
0
0
0
0
0
0
0
0
0
0
0
0
0
0
0
0
0
0
0
0
0
0
0
0
0
0
0
0
0
0
0
0
0
0
0
0
0
0
0
0
0
1
0
0
1
0
0
0
0
0
0
0
0
0
0
0
0
1
0
0
0
1
0
0
0
0
0
0
0
0
0
0
0
0
1
1
0
0
0
0
0
0
0
0
0
0
1
1
0
0
0
1
0
0
0
0
0
0
0
1
0
1
0
0
0
0
0
0
0
0
0
0
0
0
0
0
1
0
0
1
0
0
1
0
1
0
0
0
0
0
1
0
0
0
0
0
0
0
0
1
0
0
0
2
0
0
0
1
2
0
0
1
0
1
0
0
1
0
0
0
1
1
0
2
2
1
0
0
1
0
0
0
1
0
0
0
1
1
2
1
1
0
0
0
0
0
0
0
1
0
1
0
1
0
0
0
2
0
0
0
0
1
0
1
0
0
0
0
1
0
2
1
0
1
0
0
1
1
1
1
1
2
2
1
1
0
5
2
1
1
0
1
0
0
1
0
2
0
0
1
0
0
0
3
0
1
1
0
0
2
0
5
3
0
2
3
3
2
2
2
0
2
0
3
2
2
0
1
1
0
1
0
5
3
2
3
2
5
0
2
1
1
1
1
2
1
3
2
2
3
0
2
1
4
1
1
1
4
2
1
1
1
3
1
2
0
3
2
1
3
8
1
3
1
1
0
1
1
3
1
2
1
2
3
3
5
3
3
1
3
1
2
4
5
3
1
2
2
4
2
6
3
1
2
2
3
1
2
1
4
5
0
1
4
1
0
3
3
2
3
4
4
1
3
6
1
3
2
1
4
2
2
3
7
6
7
1
1
2
1
6
1
3
3
1
5
3
4
4
4
7
3
4
2
2
3
5
4
2
4
9
8
7
2
2
6
1
5
2
4
3
6
4
4
4
5
4
5
2
11
7
2
6
5
4
5
5
8
2
6
4
6
8
7
4
2
3
5
5
3
14
6
4
6
10
10
8
7
7
7
5
5
3
3
6
6
3
5
6
5
7
9
9
5
6
4
9
6
5
4
7
9
6
8
6
7
4
12
4
10
8
9
9
15
5
5
6
10
9
14
9
6
7
2
10
6
8
3
11
6
6
9
10
13
12
8
9
10
6
17
14
7
17
4
9
16
8
6
9
16
12
12
13
10
13
5
15
11
10
12
9
10
13
16
11
10
12
12
15
10
8
10
9
10
10
15
15
13
15
25
10
6
16
19
10
16
10
13
9
12
12
21
10
15
6
12
16
11
16
12
15
14
22
15
17
19
16
14
20
16
27
12
18
22
18
10
20
14
13
11
19
20
12
15
21
9
21
9
21
17
16
17
16
21
22
19
18
25
23
12
17
11
28
12
24
18
21
15
25
17
24
18
26
21
17
23
17
27
25
34
23
26
21
19
32
26
20
26
25
27
22
24
25
21
18
29
28
30
27
25
29
24
24
16
31
20
28
18
37
28
33
33
27
33
37
28
31
36
33
30
27
28
31
32
34
37
28
34
40
38
39
31
38
22
37
31
37
26
31
32
33
28
30
33
34
33
36
33
29
50
40
45
35
23
32
30
42
43
44
33
27
34
41
44
51
37
27
36
33
39
33
41
30
56
51
53
37
35
43
30
28
40
43
45
48
53
44
40
41
52
44
58
46
40
37
51
51
45
43
51
41
50
50
59
50
40
49
51
46
51
58
52
48
52
63
58
53
56
50
56
50
43
66
54
55
58
63
49
42
58
59
60
47
53
59
61
50
47
62
62
51
58
57
53
54
56
54
55
71
60
58
60
54
57
54
75
73
57
49
67
61
68
77
58
64
56
63
68
76
74
75
70
65
68
79
83
66
67
74
82
70
72
81
66
68
79
68
73
82
78
72
82
68
73
74
74
82
61
74
89
81
89
82
85
81
84
97
85
101
75
80
86
79
92
104
94
79
81
89
108
125
86
81
89
93
96
93
105
114
101
102
81
110
88
97
98
94
90
103
106
102
74
120
98
78
120
100
90
94
96
90
90
108
116
96
113
98
110
126
102
110
91
111
110
81
106
125
102
106
86
102
124
115
125
91
131
118
107
115
132
105
110
119
133
117
101
132
121
112
123
123
137
134
127
130
122
127
124
113
123
129
114
116
117
132
151
122
125
139
119
149
146
151
153
130
138
134
124
135
142
127
133
153
151
144
122
125
122
135
136
127
137
142
166
138
136
158
182
149
151
144
164
171
157
151
141
165
148
166
137
175
160
157
156
151
162
148
148
150
176
143
162
158
181
145
199
196
149
183
156
166
165
157
144
145
170
160
174
183
216
151
202
184
204
150
188
185
208
181
176
179
200
194
177
211
170
188
177
176
181
182
203
175
204
197
219
200
201
204
216
209
206
201
188
207
205
201
206
227
233
228
192
201
217
187
222
220
229
239
208
206
241
214
209
195
238
260
202
210
208
242
214
222
209
218
238
226
243
208
236
229
235
250
218
218
244
229
240
254
262
245
249
246
234
247
233
248
234
270
220
258
256
256
236
257
221
258
245
269
255
274
256
285
268
251
257
276
257
241
245
291
256
230
288
290
282
276
267
275
256
282
276
224
292
269
275
306
280
261
286
304
315
290
264
305
306
263
294
265
283
302
338
355
331
286
307
290
308
332
310
305
314
302
324
305
318
298
285
325
302
316
331
295
311
294
297
320
316
283
287
344
316
296
319
344
347
351
322
340
336
358
339
319
348
346
349
364
322
350
328
360
345
343
353
329
368
340
339
331
372
365
364
298
368
348
340
341
388
338
383
394
366
384
357
359
377
401
358
382
399
327
345
407
372
372
377
376
375
424
392
344
387
399
363
399
421
413
371
445
380
410
390
394
436
413
401
395
365
386
422
336
431
402
435
413
419
398
414
420
430
416
405
459
397
441
391
416
381
430
406
455
424
442
405
452
420
429
429
460
466
401
454
454
425
432
452
467
469
482
437
385
459
418
462
496
470
461
444
429
444
443
473
468
452
454
450
442
513
463
448
463
446
498
465
476
485
491
449
469
480
488
534
468
487
447
487
547
519
491
438
415
504
473
555
496
534
522
464
509
508
498
496
521
503
536
504
508
522
516
545
548
555
526
509
534
519
518
501
530
589
522
531
529
496
503
509
559
537
545
554
557
512
587
504
524
559
520
589
472
588
543
559
560
572
558
525
537
584
592
555
528
585
565
533
557
584
581
628
583
565
616
599
594
587
600
624
568
583
557
586
572
620
553
601
605
631
659
605
574
625
575
585
551
617
591
550
581
581
564
649
640
655
632
580
587
608
636
609
616
625
640
622
618
608
664
667
626
654
628
648
620
639
625
635
655
637
631
578
631
682
632
663
651
611
620
633
652
621
645
657
670
639
629
639
674
652
571
604
633
644
625
603
663
614
668
671
699
681
689
647
675
644
719
663
684
734
696
657
698
668
662
693
663
687
640
658
601
691
711
718
718
663
693
681
717
663
710
693
707
737
692
656
695
722
723
691
717
655
706
688
744
645
679
707
687
684
702
723
678
723
741
711
800
731
721
742
751
691
708
735
698
740
701
653
664
739
707
722
739
701
777
703
754
748
683
731
750
761
747
686
741
744
783
740
798
779
758
731
799
740
751
777
776
791
723
703
710
722
769
767
776
697
794
798
822
791
798
808
792
820
772
776
784
792
796
740
757
787
798
770
862
767
777
761
758
771
793
783
806
787
781
794
776
817
744
749
815
769
776
791
861
816
804
796
650
812
878
802
891
832
833
806
817
783
764
754
851
785
866
728
785
776
817
810
818
778
827
786
821
854
848
858
808
825
794
759
832
806
851
853
894
915
792
851
829
841
823
814
845
840
871
775
837
834
804
844
830
824
823
825
842
786
836
832
899
840
828
833
865
827
830
778
920
807
848
808
874
847
842
841
859
862
859
758
751
864
847
834
852
915
823
838
884
807
914
838
828
816
918
859
840
855
849
910
867
868
885
821
806
866
883
789
872
855
833
851
862
892
804
841
860
813
913
817
885
883
838
849
842
848
867
874
736
931
804
843
907
819
861
881
871
858
827
877
929
860
853
806
810
918
878
886
931
886
839
901
886
910
887
820
910
877
831
948
927
863
890
872
911
890
865
889
844
894
890
845
925
900
852
816
950
871
890
896
898
915
944
887
903
961
831
899
924
887
873
844
929
865
867
910
912
901
864
872
864
874
896
838
864
907
894
796
750
905
884
833
905
952
911
886
948
893
816
912
853
927
887
822
899
893
864
863
910
921
840
882
876
838
876
847
919
901
875
842
932
868
905
909
896
878
881
830
899
909
859
883
930
906
893
919
742
930
888
916
909
921
917
900
924
840
886
871
940
856
935
868
865
927
854
870
900
936
880
836
905
907
875
843
863
886
894
890
916
900
885
894
874
908
860
953
920
863
840
894
890
920
909
788
891
856
835
898
911
914
849
900
860
901
779
893
846
854
901
863
833
910
807
859
965
917
898
885
882
886
870
890
881
813
873
769
791
899
864
884
853
797
877
882
865
890
860
869
909
963
885
858
881
869
888
871
859
851
866
874
834
864
880
890
888
878
851
867
895
867
878
893
911
876
879
846
839
872
870
800
906
815
896
896
718
859
890
870
865
848
890
841
860
895
821
837
839
815
882
827
841
866
831
878
845
822
823
764
899
889
853
852
872
862
845
818
869
821
863
801
855
805
880
900
853
851
839
833
863
902
816
760
851
843
866
883
823
830
845
806
807
828
860
804
851
762
822
748
868
853
836
848
860
830
788
805
868
814
803
805
891
785
850
753
742
832
827
790
886
834
817
802
843
825
736
798
885
799
804
828
829
807
783
811
854
756
757
794
790
791
837
776
832
766
794
817
853
802
826
828
826
747
825
753
780
734
771
726
781
761
745
780
624
782
746
793
801
802
739
782
741
784
786
752
799
740
763
716
768
770
742
768
821
739
746
722
738
746
764
748
816
719
761
727
748
737
736
740
815
762
737
726
758
724
723
714
782
723
776
669
732
750
695
742
751
743
695
742
785
710
724
681
722
744
706
696
700
718
703
705
728
707
728
673
689
787
735
694
733
696
735
662
634
732
697
722
734
768
651
720
710
703
685
694
676
735
713
673
743
696
700
711
693
696
734
671
698
727
656
646
725
716
676
685
657
616
692
700
729
664
684
623
692
723
682
701
665
665
667
658
601
664
640
634
717
659
635
695
670
675
662
677
633
686
634
645
642
638
672
685
650
629
659
612
642
608
664
643
660
642
635
635
654
608
622
626
643
655
616
570
655
662
604
628
698
657
672
563
639
621
647
646
649
586
622
615
610
610
636
584
591
605
669
568
584
636
587
580
597
597
619
562
620
572
573
566
601
574
597
521
533
597
567
609
575
578
590
568
584
613
624
584
555
551
567
604
558
590
529
589
578
583
545
566
576
612
555
532
605
567
532
537
594
544
563
532
585
598
550
561
544
540
585
493
548
547
521
567
450
533
558
564
543
551
564
542
533
541
552
509
576
557
521
492
533
483
580
540
544
526
523
514
520
535
529
527
486
511
518
523
491
517
478
539
552
506
513
468
506
503
500
521
474
503
464
455
480
534
507
498
513
459
457
480
501
452
466
478
504
486
501
493
448
481
477
451
507
475
475
483
447
445
495
479
458
501
464
385
412
442
452
481
473
480
472
456
419
467
435
471
452
454
465
451
465
427
432
441
478
408
430
423
434
430
426
442
479
417
434
438
442
441
452
484
467
443
434
427
418
418
421
406
460
436
387
364
340
409
416
454
409
441
430
419
390
356
407
387
429
427
378
357
384
427
396
395
376
411
428
373
419
419
393
396
425
417
417
383
408
406
401
422
401
377
412
350
362
392
404
426
379
377
376
328
373
366
385
374
364
352
351
355
370
366
359
359
388
387
372
355
350
338
366
333
370
370
366
341
339
353
351
338
347
333
372
305
329
358
354
342
371
348
332
351
345
334
339
338
343
368
318
335
328
321
308
325
330
294
336
312
335
346
312
274
377
346
361
335
342
325
322
353
333
343
282
300
312
353
307
325
333
306
291
322
261
290
312
341
321
300
290
327
306
283
301
306
310
310
282
278
298
285
277
273
295
317
287
280
287
304
303
258
279
272
282
288
232
274
246
258
334
275
274
261
252
271
245
263
258
291
310
258
297
265
261
275
280
252
299
260
279
275
250
251
274
245
281
260
285
249
225
262
256
280
228
250
255
221
230
227
255
242
223
215
210
269
235
226
239
210
250
206
239
211
249
232
239
250
220
238
254
249
265
223
246
229
218
247
220
243
216
243
222
229
241
256
236
219
219
203
255
219
202
215
237
223
218
235
250
214
218
208
200
229
220
206
221
196
195
197
194
185
215
207
215
201
223
209
192
174
222
176
213
218
213
214
212
207
209
203
205
197
189
216
212
177
187
181
201
169
202
203
209
211
195
176
179
188
193
152
197
214
197
174
200
192
183
195
186
182
172
173
188
191
181
154
191
170
183
170
181
182
160
172
176
184
183
175
186
192
172
152
154
147
189
172
185
180
142
151
188
133
155
149
156
178
156
156
145
154
185
166
166
157
151
158
155
169
143
146
154
160
149
145
153
147
135
147
174
130
152
137
135
134
163
139
134
161
150
159
133
143
151
151
178
143
137
153
143
159
127
118
137
145
155
132
141
129
118
130
154
144
124
122
180
121
129
118
123
134
128
125
124
111
118
129
129
137
124
133
127
115
129
110
107
129
126
110
111
102
105
109
117
136
109
103
130
114
126
116
99
98
105
112
132
117
135
142
110
112
110
115
127
106
111
122
101
109
105
108
109
113
99
104
109
94
116
132
109
110
101
97
142
114
106
113
117
112
94
109
97
102
78
81
110
97
102
102
115
93
89
82
102
82
113
95
75
98
76
99
97
93
80
90
92
98
91
97
81
102
104
97
105
85
76
93
107
95
102
89
89
77
76
78
73
87
104
95
99
67
88
86
88
90
104
83
72
86
82
92
80
91
91
73
80
78
67
87
88
83
94
85
95
84
78
61
76
77
81
85
80
63
69
63
71
85
79
65
93
81
77
64
77
79
65
62
62
55
72
73
70
76
67
70
76
63
65
61
55
69
65
66
83
81
74
78
63
63
59
61
70
73
67
59
78
70
64
62
68
67
76
66
58
60
63
61
62
58
54
68
59
63
59
58
57
57
53
48
54
64
59
60
66
60
71
57
50
67
47
52
62
65
42
53
57
55
49
56
55
54
55
55
52
55
43
60
47
43
47
46
47
48
42
55
57
60
58
59
65
43
49
55
57
49
49
48
43
43
41
42
39
58
46
34
39
51
57
48
47
40
56
47
44
38
46
42
42
49
51
34
51
46
35
47
44
53
44
36
34
45
24
37
40
32
39
48
39
40
32
46
37
32
41
28
39
44
34
41
32
33
34
43
48
32
44
48
40
39
31
36
49
47
32
38
47
29
28
35
49
33
29
26
43
36
46
33
31
16
46
32
37
28
38
31
29
34
34
27
40
26
32
31
33
21
32
23
35
36
38
37
31
32
31
33
23
36
32
22
25
31
22
34
30
30
34
28
30
31
30
22
30
26
28
25
24
26
24
23
30
25
27
26
31
26
30
37
20
20
16
25
22
27
24
30
31
22
23
27
37
31
22
21
22
32
28
27
15
22
29
21
29
20
26
23
27
20
20
20
19
19
27
16
20
26
14
22
22
22
20
24
31
25
14
23
19
28
23
14
22
27
20
21
33
25
14
16
17
25
18
13
12
23
15
19
26
15
16
15
21
21
22
18
15
25
13
23
19
21
16
16
18
20
16
17
20
21
15
9
21
17
20
13
19
20
15
16
19
14
20
22
18
14
18
18
17
15
17
12
20
10
17
22
19
15
15
12
11
20
21
20
22
14
21
20
12
17
14
10
13
12
17
18
21
9
8
18
9
19
15
12
15
11
8
9
16
13
16
17
14
16
13
14
18
13
18
6
16
15
14
10
17
19
12
13
6
10
10
11
13
12
13
11
11
12
11
10
9
10
9
17
10
12
15
7
10
15
9
14
10
18
7
13
15
7
8
10
6
7
17
7
14
7
8
8
9
8
16
4
11
13
7
10
8
10
10
9
6
9
9
7
7
5
9
10
8
10
6
8
6
11
7
8
10
8
11
12
11
14
12
11
12
17
13
9
13
5
7
9
6
6
7
6
9
8
11
8
4
7
10
8
8
5
12
7
5
8
7
8
6
7
5
8
12
8
10
14
8
9
10
6
8
8
11
5
5
8
10
6
7
3
3
2
6
5
8
6
5
10
9
7
4
5
6
4
5
5
5
5
5
8
7
4
7
7
4
7
7
5
5
8
5
4
6
6
7
6
3
10
1
7
5
0
4
4
8
8
5
6
4
2
6
5
6
7
4
3
5
1
8
5
3
2
2
5
2
7
7
7
4
0
9
4
3
5
3
3
2
4
4
9
2
4
3
4
8
2
0
7
7
3
5
4
3
5
7
3
3
3
4
6
3
3
3
6
2
1
6
5
2
4
3
4
1
2
1
3
3
4
3
6
7
3
5
9
2
1
4
3
2
1
2
3
3
5
3
2
3
4
3
3
2
1
4
4
2
4
4
3
3
1
2
5
2
1
5
4
3
0
3
3
7
3
2
4
4
3
5
1
2
4
6
2
4
1
1
1
2
5
1
2
2
6
2
1
3
5
1
1
2
2
5
1
2
5
2
2
4
2
3
0
3
4
3
1
2
0
6
2
3
2
1
3
1
2
3
2
3
3
1
1
1
1
3
3
3
2
1
1
4
0
1
3
2
4
1
5
1
6
2
1
2
0
2
1
1
2
3
0
1
1
0
3
1
4
3
1
3
1
2
2
1
2
0
0
0
1
0
2
1
1
3
3
3
0
2
1
3
2
1
0
1
2
0
2
0
4
1
1
2
3
0
2
2
3
0
1
1
0
0
1
3
5
1
1
0
1
1
0
0
0
1
0
3
0
0
0
1
0
0
1
2
3
3
2
1
1
3
2
0
1
1
1
1
1
1
0
1
0
1
0
1
0
1
2
0
0
1
1
1
1
0
0
1
0
0
0
1
2
0
1
0
2
0
1
1
3
2
0
0
0
1
1
0
0
0
1
2
0
1
1
0
0
1
1
0
0
2
0
1
2
1
1
0
0
1
2
0
0
2
1
0
2
0
2
0
1
2
2
0
1
1
2
0
0
0
1
1
1
0
1
0
1
1
1
0
0
0
0
1
0
3
3
0
0
0
0
0
0
0
0
0
0
0
2
0
0
0
2
0
1
0
0
0
2
1
1
1
2
0
0
1
0
0
0
0
2
0
1
1
0
0
0
2
0
1
0
0
0
0
1
0
0
0
0
0
0
2
1
1
0
0
0
0
2
1
0
1
1
0
1
0
1
0
0
0
1
0
0
0
1
0
0
0
1
0
0
0
0
0
0
0
0
1
0
0
0
0
1
0
0
0
0
1
1
0
1
0
1
0
0
0
0
0
0
0
0
1
0
0
0
0
0
0
0
1
0
1
1
1
0
0
2
2
0
1
0
0
0
0
0
0
0
1
1
0
0
0
0
0
0
0
1
0
0
0
1
0
0
0
0
0
0
1
0
1
0
0
0
1
0
1
1
0
1
0
0
0
0
0
0
0
0
0
0
0
0
0
0
0
0
0
1
0
1
1
1
0
0
0
1
0
0
0
0
0
0
0
1
1
0
0
0
1
1
0
0
0
0
0
0
0
0
0
0
1
0
0
0
0
0
0
0
0
0
0
0
0
1
0
0
0
0
0
0
0
0
0
0
0
0
0
0
0
0
0
0
0
0
0
0
0
0
0
0
0
0
0
0
0
0
0
0
0
0
0
0
0
0
0
0
0
1
0
0
0
0
1
0
0
0
0
0
0
0
0
0
0
0
0
0
0
0
0
0
0
0
0
0
0
0
0
0
0
0
0
0
0
0
0
0
0
0
0
0
0
0
0
0
0
0
0
0
0
0
0
1
0
1
0
0
0
0
0
0
1
0
0
0
0
0
0
0
0
0
0
0
0
0
0
0
0
0
0
0
0
0
0
0
0
0
0
0
0
0
0
0
0
0
0
0
0
0
0
0
0
0
0
1
0
0
0
0
0
0
0
0
1
0
0
0
0
0
0
0
0
0
0
0
0
0
0
0
0
0
0
0
0
0
0
0
0
0
0
0
0
0
0
0
0
0
0
0
0
0
0
0
0
0
0
0
0
0
0
0
0
0
0
0
0
0
1
0
0
0
0
1
0
0
0
0
0
0
0
0
0
1
0
0
0
0
0
1
0
0
0
0
0
0
0
0
0
0
0
0
0
0
0
0
0
0
0
0
0
0
0
0
0
0
0
0
0
0
0
0
0
0
0
0
0
0
0
0
0
0
0
0
0
0
0
0
0
0
2
0
1
0
0
0
0
0
0
0
0
0
0
0
0
0
0
0
0
0
0
0
0
0
0
0
0
0
0
0
0
0
0
0
0
0
0
0
0
0
0
0
0
0
0
0
0
0
0
0
0
0
0
0
0
0
0
0
0
0
0
0
0
0
0
0
0
0
0
0
0
0
0
0
0
0
0
1
0
0
0
0
0
0
1
0
0
0
0
0
0
0
0
0
0
0
0
0
0
0
0
0
1
0
0
0
0
0
0
0
0
0
0
0
0
0
0
0
0
0
0
0
0
0
0
0
0
0
0
0
0
0
0
0
0
0
0
0
0
0
0
0
1
0
0
0
0
0
0
0
0
0
0
0
0
0
0
0
0
0
0
0
0
0
0
0
0
0
0
0
0
0
0
0
0
0
0
0
0
0
0
0
0
0
0
0
0
0
0
0
0
0
0
0
0
0
0
0
0
0
0
0
0
0
0
0
0
0
0
0
0
0
0
0
0
0
0
0
0
0
0
0
0
0
0
0
0
0
0
0
0
0
0
0
0
0
0
0
1
0
0
0
0
0
0
0
0
0
0
0
0
0
0
0
0
0
0
0
0
0
0
0
0
0
0
0
0
0
0
0
0
0
0
0
0
0
0
0
0
0
0
0
0
0
0
0
0
0
0
0
0
0
0
0
0
0
0
0
0
0
1
0
0
0
0
0
0
0
0
0
0
0
0
0
0
0
0
0
0
0
0
0
0
0
0
0
0
0
0
0
0
0
0
0
0
0
0
0
0
0
0
0
0
0
0
0
0
0
0
0
0
0
0
0
0
0
0
0
0
0
0
0
0
0
0
0
0
0
0
0
0
0
0
0
0
0
0
0
0
0
0
0
0
0
0
0
0
0
0
0
0
0
0
0
0
0
0
0
0
0
0
0
0
0
0
0
0
0
0
0
0
0
0
0
0
0
0
0
0
0
0
0
0
0
0
0
0
0
0
0
0
0
0
0
0
0
0
0
0
0
0
0
0
0
0
0
0
0
0
0
0
0
0
0
0
0
0
0
0
0
0
0
0
0
0
0
0
0
0
0
0
0
0
0
0
0
0
0
0
0
0
0
0
0
0
0
0
0
0
0
0
0
0
0
0
0
0
0
0
0
0
0
0
0
0
0
0
0
0
0
0
0
0
0
0
0
0
0
0
0
0
0
0
0
0
0
0
0
0
0
0
0
0
0
0
0
0
0
0
0
0
0
0
0
0
0
0
0
0
0
0
0
0
1
0
0
0
0
0
0
0
0
0
0
0
0
0
0
0
0
0
0
0
0
0
0
0
0
0
0
0
0
0
0
0
0
0
0
0
0
0
0
0
0
0
0
0
0
0
0
0
0
0
0
0
0
0
0
0
0
0
0
0
0
0
0
0
0
0
0
0
0
0
0
0
0
0
0
0
0
0
0
0
0
0
0
0
0
0
0
0
0
0
0
0
0
0
0
0
0
0
0
0
0
0
0
0
0
0
0
0
0
0
0
0
0
0
0
0
0
0
0
0
0
0
0
0
0
0
0
0
0
0
0
0
0
0
0
0
0
0
0
0
0
0
0
0
0
0
0
0
0
0
0
0
0
0
0
0
0
0
0
0
0
0
0
0
0
0
0
0
0
0
0
0
0
0
0
0
0
0
0
0
0
0
0
0
0
0
0
0
0
0
0
0
0
0
0
0
0
0
0
0
0
0
0
0
0
0
0
0
0
0
0
0
0
0
0
0
0
0
0
0
0
0
0
0
0
0
0
0
0
0
0
0
0
0
0
0
0
0
0
0
0
0
0
0
0
0
0
0
0
0
0
0
0
0
0
0
0
0
0
0
0
0
0
0
0
0
0
0
0
0
0
0
0
0
0
0
0
0
0
0
0
0
0
0
0
0
0
0
0
0
0
0
0
0
0
0
0
0
0
0
0
0
0
0
0
0
0
0
0
0
0
0
0
0
0
0
0
0
0
0
0
0
0
0
0
0
0
0
0
0
0
0
0
0
0
0
0
0
0
0
0
0
0
0
0
0
0
0
0
0
0
0
0
0
0
0
0
0
0
0
0
0
0
0
0
0
0
0
0
0
0
0
0
0
0
0
0
0
0
0
0
0
0
0
0
0
0
0
0
0
0
0
0
0
0
0
0
0
0
0
0
0
0
0
0
0
0
0
0
0
0
0
0
0
0
0
0
0
0
0
0
0
0
0
0
0
0
0
0
0
0
0
0
0
0
0
0
0
0
0
0
0
0
0
0
0
0
0
0
0
0
0
0
0
0
0
0
0
0
0
0
0
0
0
0
0
0
0
0
0
0
0
0
0
0
0
0
0
0
0
0
0
0
0
0
0
0
0
0
0
0
0
0
0
0
0
0
0
0
0
0
0
0
0
0
0
0
0
0
0
0
0
0
0
0
0
0
0
0
0
0
0
0
0
0
0
0
0
0
0
0
0
0
0
0
0
0
0
0
0
0
0
0
0
0
0
0
0
0
0
0
0
0
0
0
0
0
0
0
0
0
0
0
0
0
0
0
0
0
0
0
0
0
0
0
0
0
0
0
0
0
0
0
0
0
0
0
0
0
0
0
0
0
0
0
0
0
0
0
0
0
0
0
0
0
0
0
0
0
0
0
0
0
0
0
0
0
0
0
0
0
0
0
0
0
0
0
0
0
0
0
0
0
0
0
0
0
0
0
0
0
0
0
0
0
0
0
0
0
0
0
0
0
0
0
0
0
0
0
0
0
0
0
0
0
0
0
0
0
0
0
0
0
0
0
0
0
0
0
0
0
0
0
0
0
0
0
0
0
0
0
0
0
0
0
0
0
0
0
0
0
0
0
0
0
0
0
0
0
0
0
0
0
0
0
0
0
0
0
0
0
0
0
0
0
0
0
0
0
0
0
0
0
0
0
0
0
0
0
0
0
0
0
0
0
0
0
0
0
0
0
0
0
0
0
0
0
0
0
0
0
0
0
0
0
0
0
0
0
0
0
0
0
0
0
0
0
0
0
0
0
0
0
0
0
0
0
0
0
0
0
0
0
0
0
0
0
0
0
0
0
0
0
0
0
0
0
0
0
0
0
0
0
0
0
0
0
0
0
0
0
0
0
0
0
0
0
0
0
0
0
0
0
0
0
0
0
0
0
0
0
0
0
0
0
0
0
0
0
0
0
0
0
0
0
0
0
0
0
0
0
0
0
0
0
0
0
0
0
0
0
0
0
0
0
0
0
0
0
0
0
0
0
0
0
0
0
0
0
0
0
0
0
0
0
0
0
0
0
0
0
0
0
0
0
0
0
0
0
0
0
0
0
0
0
0
0
0
0
0
0
0
0
0
0
0
0
0
0
0
0
0
0
0
0
0
0
0
0
0
0
0
0
0
0
0
0
0
0
0
0
0
0
0
0
0
0
0
0
0
0
0
0
0
0
0
0
0
0
0
0
0
0
0
0
0
0
0
0
0
0
0
0
0
0
0
0
0
0
0
0
0
0
0
0
0
0
0
0
0
0
0
0
0
0
0
0
0
0
0
0
0
0
0
0
0
0
0
0
0
0
0
0
0
0
0
0
0
0
0
0
0
0
0
0
0
0
0
0
0
0
0
0
0
0
0
0
0
0
0
0
0
0
0
0
0
0
0
0
0
0
0
0
0
0
0
0
0
0
0
0
0
0
0
0
0
0
0
0
0
0
0
0
0
0
0
0
0
0
0
0
0
0
0
0
0
0
0
0
0
0
0
0
0
0
0
0
0
0
0
0
0
0
0
0
0
0
0
0
0
0
0
0
0
0
0
0
0
0
0
0
0
0
0
0
0
0
0
0
0
0
0
0
0
0
0
0
0
0
0
0
0
0
0
0
0
0
0
0
0
0
0
0
0
0
0
0
0
0
0
0
0
0
0
0
0
0
0
0
0
0
0
0
0
0
0
0
0
0
0
0
0
0
0
0
0
0
0
0
0
0
0
0
0
0
0
0
0
0
0
0
0
0
0
0
0
0
0
0
0
0
0
0
0
0
0
0
0
0
0
0
0
0
0
0
0
0
0
0
0
0
0
0
0
0
0
0
0
0
0
0
0
0
0
0
0
0
0
0
0
0
0
0
0
0
0
0
0
0
0
0
0
0
0
0
0
0
0
0
0
0
0
0
0
0
0
0
0
0
0
0
0
0
0
0
0
0
0
0
0
0
0
0
0
0
0
0
0
0
0
0
0
0
0
0
0
0
0
0
0
0
0
0
0
0
0
0
0
0
0
0
0
0
0
0
0
0
0
0
0
0
0
0
0
0
0
0
0
0
0
0
0
0
0
0
0
0
0
0
0
0
0
0
0
0
0
0
0
0
0
0
0
0
0
0
0
0
0
0
0
0
0
0
0
0
0
0
0
0
0
0
0
0
0
0
0
0
0
0
0
0
0
0
0
0
0
0
0
0
0
0
0
0
0
0
0
0
0
0
0
0
0
0
0
0
0
0
0
0
0
0
0
0
0
0
0
0
0
0
0
0
0
0
0
0
0
0
0
0
0
0
0
0
0
0
0
0
0
0
0
0
0
0
0
0
0
0
0
0
0
0
0
0
0
0
0
0
0
0
0
0
0
0
0
0
0
0
0
0
0
0
0
0
0
0
0
0
0
0
0
0
0
0
0
0
0
0
0
0
0
0
0
0
0
0
0
0
0
0
0
0
0
0
0
0
0
0
0
0
0
0
0
0
0
0
0
0
0
0
0
0
0
0
0
0
0
0
0
0
0
0
0
0
0
0
0
0
0
0
0
0
0
0
0
0
0
0
0
0
0
0
0
0
0
0
0
0
0
0
0
0
0
0
0
0
0
0
0
0
0
0
0
0
0
0
0
0
0
0
0
0
0
0
0
0
0
0
0
0
0
0
0
0
0
0
0
0
0
0
0
0
0
0
0
0
0
0
0
0
0
0
0
0
0
0
0
0
0
0
0
0
0
0
0
0
0
0
0
0
0
0
0
0
0
0
0
0
0
0
0
0
0
0
0
0
0
0
0
0
0
0
0
0
0
0
0
0
0
0
0
0
0
0
0
0
0
0
0
0
0
0
0
0
0
0
0
0
0
0
0
0
0
0
0
0
0
0
0
0
0
0
0
0
0
0
0
0
0
0
0
0
0
0
0
0
0
0
0
0
0
0
0
0
0
0
0
0
0
0
0
0
0
0
0
0
0
0
0
0
0
0
0
0
0
0
0
0
0
0
0
0
0
0
0
0
0
0
0
0
0
0
0
0
0
0
0
0
0
0
0
0
0
0
0
0
0
0
0
0
0
0
0
0
0
0
0
0
0
0
0
0
0
0
0
0
0
0
0
0
0
0
0
0
0
0
0
0
0
0
0
0
0
0
0
0
0
0
0
0
0
0
0
0
0
0
0
0
0
0
0
0
0
0
0
0
0
0
0
0
0
0
0
0
0
0
0
0
0
0
0
0
0
0
0
0
0
0
0
0
0
0
0
0
0
0
0
0
0
0
0
0
0
0
0
0
0
0
0
0
0
0
0
0
0
0
0
0
0
0
0
0
0
0
0
0
0
0
0
0
0
0
0
0
0
0
0
0
0
0
0
0
0
0
0
0
0
0
0
0
0
0
0
0
0
0
0
0
0
0
0
0
0
0
0
0
0
0
0
0
0
0
0
0
0
0
0
0
0
0
0
0
0
0
0
0
0
0
0
0
0
0
0
0
0
0
0
0
0
0
0
0
0
0
0
0
0
0
0
0
0
0
0
0
0
0
0
0
0
0
0
0
0
0
0
0
0
0
0
0
0
0
0
0
0
0
0
0
0
0
0
0
0
0
0
0
0
0
0
0
0
0
0
0
0
0
0
0
0
0
0
0
0
0
0
0
0
0
0
0
0
0
0
0
0
0
0
0
0
0
0
0
0
0
0
0
0
0
0
0
0
0
0
0
0
0
0
0
0
0
0
0
0
0
0
0
0
0
0
0
0
0
0
0
0
0
0
0
0
0
0
0
0
0
0
0
0
0
0
0
0
0
0
0
0
0
0
0
0
0
0
0
0
0
0
0
0
0
0
0
0
0
0
0
0
0
0
0
0
0
0
0
0
0
0
0
0
0
0
0
0
0
0
0
0
0
0
0
0
0
0
0
0
0
0
0
0
0
0
0
0
0
0
0
0
0
0
0
0
0
0
0
0
0
0
0
0
0
0
0
0
0
0
0
0
0
0
0
0
0
0
0
0
0
0
0
0
0
0
0
0
0
0
0
0
0
0
0
0
0
0
0
0
0
0
0
0
0
0
0
0
0
0
0
0
0
0
0
0
0
0
0
0
0
0
0
0
0
0
0
0
0
0
0
0
0
0
0
0
0
0
0
0
0
0
0
0
0
0
0
0
0
0
0
0
0
0
0
0
0
0
0
0
0
0
0
0
0
0
0
0
0
0
0
0
0
0
0
0
0
0
0
0
0
0
0
0
0
0
0
0
0
0
0
0
0
0
0
0
0
0
0
0
0
0
0
0
0
0
0
0
0
0
0
0
0
0
0
0
0
0
0
0
0
0
0
0
0
0
0
0
0
0
0
0
0
0
0
0
0
0
0
0
0
0
0
0
0
0
0
0
0
0
0
0
0
0
0
0
0
0
0
0
0
0
0
0
0
0
0
0
0
0
0
0
0
0
0
0
0
0
0
0
0
0
0
0
0
0
0
0
0
0
0
0
0
0
0
0
0
0
0
0
0
0
0
0
0
0
0
0
0
0
0
0
0
0
0
0
0
0
0
0
0
0
0
0
0
0
0
0
0
0
0
0
0
0
0
0
0
0
0
0
0
0
0
0
0
0
0
0
0
0
0
0
0
0
0
0
0
0
0
0
0
0
0
0
0
0
0
0
0
0
0
0
0
0
0
0
0
0
0
0
0
0
0
0
0
0
0
0
0
0
0
0
0
0
0
0
0
0
0
0
0
0
0
0
0
0
0
0
0
0
0
0
0
0
0
0
0
0
0
0
0
0
0
0
0
0
0
0
0
0
0
0
0
0
0
0
0
0
0
0
0
0
0
0
0
0
0
0
0
0
0
0
0
0
0
0
0
0
0
0
0
0
0
0
0
0
0
0
0
0
0
0
0
0
0
0
0
0
0
0
0
0
0
0
0
0
0
0
0
0
0
0
0
0
0
0
0
0
0
0
0
0
0
0
0
0
0
0
0
0
0
0
0
0
0
0
0
0
0
0
0
0
0
0
0
0
0
0
0
0
0
0
0
0
0
0
0
0
0
0
0
0
0
0
0
0
0
0
0
0
0
0
0
0
0
0
0
0
0
0
0
0
0
0
0
0
0
0
0
0
0
0
0
0
0
0
0
0
0
0
0
0
0
0
0
0
0
0
0
0
0
0
0
0
0
0
0
0
0
0
0
0
0
0
0
0
0
0
0
0
0
0
0
0
0
0
0
0
0
0
0
0
0
0
0
0
0
0
0
0
0
0
0
0
0
0
0
0
0
0
0
0
0
0
0
0
0
0
0
0
0
0
0
0
0
0
0
0
0
0
0
0
0
0
0
0
0
0
0
0
0
0
0
0
0
0
0
0
0
0
0
0
0
0
0
0
0
0
0
0
0
0
0
0
0
0
0
0
0
0
0
0
0
0
0
0
0
0
0
0
0
0
0
0
0
0
0
0
0
0
0
0
0
0
0
0
0
0
0
0
0
0
0
0
0
0
0
0
0
0
0
0
0
0
0
0
0
0
0
0
0
0
0
0
0
0
0
0
0
0
0
0
0
0
0
0
0
0
0
0
0
0
0
0
0
0
0
0
0
0
0
0
0
0
0
0
0
0
0
0
0
0
0
0
0
0
0
0
0
0
0
0
0
0
0
0
0
0
0
0
0
0
0
0
0
0
0
0
0
0
0
0
0
0
0
0
0
0
0
0
0
0
0
0
0
0
0
0
0
0
0
0
0
0
0
0
0
0
0
0
0
0
0
0
0
0
0
0
0
0
0
0
0
0
