0
0
0
0
0
0
0
0
0
0
0
0
0
0
0
0
0
0
0
0
0
0
0
0
0
0
0
0
0
0
0
0
0
0
0
0
0
0
0
0
0
0
0
0
0
0
0
0
0
0
0
0
0
0
0
0
0
0
0
0
0
0
0
0
0
0
0
0
0
0
0
0
0
0
0
0
0
0
0
0
0
0
0
0
0
0
0
0
0
0
0
0
0
0
0
0
0
0
0
0
0
0
0
0
0
0
0
0
0
0
0
0
0
0
0
0
0
0
0
0
0
0
0
0
0
0
0
0
0
0
0
0
0
0
0
0
0
0
0
0
0
0
0
0
0
0
0
0
0
0
0
0
0
0
0
0
0
0
0
0
0
0
0
0
0
0
0
0
0
0
0
0
0
0
0
0
0
0
0
0
0
0
0
0
0
0
0
0
0
0
0
0
0
0
0
0
0
0
0
0
0
0
0
0
0
0
0
0
0
0
0
0
0
0
0
0
0
0
0
0
0
0
0
0
0
0
1
0
0
0
0
0
0
0
0
0
0
0
0
0
0
0
0
0
0
0
0
0
0
0
0
0
0
0
0
0
0
0
0
0
0
0
0
0
0
0
0
0
0
0
0
0
0
0
0
0
0
0
0
0
0
0
0
0
0
0
1
0
0
1
0
0
0
0
0
0
0
1
0
0
0
0
0
0
0
0
0
0
0
0
0
0
0
0
0
0
0
0
0
0
0
0
0
0
0
0
0
0
0
0
0
1
0
0
0
0
1
0
0
0
0
0
1
0
0
0
1
0
0
2
0
1
0
3
0
1
0
0
0
0
1
1
0
1
1
1
0
0
0
1
0
0
0
0
1
0
0
0
1
0
1
0
0
0
1
0
1
0
1
0
0
2
0
0
0
1
0
0
0
0
3
2
0
2
0
0
1
0
0
0
0
1
1
1
1
1
4
1
0
1
1
0
2
0
0
1
0
2
1
1
2
1
1
2
2
0
0
1
0
1
0
2
1
2
2
4
1
0
0
2
3
1
3
1
1
0
1
2
1
2
1
2
1
3
1
2
3
3
1
2
3
2
4
3
0
2
0
3
7
1
1
3
1
0
3
1
0
2
1
3
1
3
6
2
2
3
1
1
3
5
4
5
1
4
2
8
0
4
3
4
3
4
1
4
4
6
5
6
1
3
2
4
1
1
1
3
1
9
4
6
4
3
2
3
4
6
6
3
3
5
1
2
6
2
10
5
7
1
7
10
3
6
7
3
3
5
5
6
2
5
3
3
11
8
5
8
7
7
8
6
3
4
5
4
2
5
9
7
9
6
9
6
10
7
13
9
3
8
5
7
7
6
7
10
7
9
8
6
10
10
7
7
7
12
8
10
13
8
9
2
13
4
13
12
13
10
9
12
12
9
9
9
5
8
5
10
12
12
17
8
21
10
10
11
15
15
12
11
15
6
18
10
9
17
16
16
8
20
12
16
16
11
16
14
12
19
14
17
8
15
22
17
19
17
12
11
12
12
18
26
18
24
8
22
16
20
20
23
23
20
14
19
25
17
15
12
19
19
19
20
20
22
25
23
20
21
26
17
15
20
20
30
30
18
32
23
25
17
28
16
26
25
21
28
22
25
21
17
29
36
22
28
23
35
26
18
28
35
23
27
26
28
28
29
33
31
30
27
31
26
41
26
29
36
34
33
27
27
30
43
34
38
30
37
30
47
34
39
36
33
40
40
33
47
45
46
31
47
57
36
46
37
40
40
47
45
38
39
45
43
53
46
43
38
48
44
45
53
46
46
54
50
45
51
45
49
52
64
48
42
55
59
60
44
65
48
52
58
62
50
56
48
64
60
53
56
63
53
47
51
66
74
69
69
63
60
45
70
63
72
75
56
81
66
61
79
65
61
74
67
72
61
67
79
64
77
78
94
75
77
67
59
71
70
75
65
71
98
67
67
79
91
92
85
76
74
72
102
92
75
90
75
100
84
84
83
77
81
79
95
102
83
91
82
90
93
86
103
107
104
89
99
108
108
95
112
89
111
110
105
101
95
102
97
89
111
111
119
123
118
98
107
111
127
106
108
92
126
121
109
132
118
121
92
117
118
129
108
105
106
126
115
146
107
117
126
125
120
131
126
135
138
153
140
129
121
135
141
139
162
143
127
132
122
150
136
125
140
167
137
148
147
115
143
134
180
150
159
149
156
153
148
162
178
153
162
162
158
156
145
170
163
182
169
150
160
175
200
195
166
157
184
192
183
185
180
167
166
198
182
158
170
157
166
210
205
192
196
176
225
196
206
234
184
171
198
193
201
188
195
205
188
222
206
202
206
211
228
238
236
205
212
224
241
191
236
227
237
216
245
222
213
226
231
233
225
242
243
230
244
249
194
245
252
231
222
238
249
233
240
278
246
250
272
230
286
216
239
277
245
246
266
247
280
259
299
266
266
299
294
300
242
272
293
289
272
312
329
282
312
288
302
269
287
309
307
301
314
252
304
311
297
319
316
298
322
335
312
316
288
325
325
325
276
304
323
330
331
335
326
343
344
335
327
331
330
330
350
343
367
321
325
397
352
326
388
377
378
358
374
331
390
366
364
372
391
374
392
372
351
376
367
429
401
354
383
387
390
401
378
417
402
382
390
387
399
429
424
397
410
387
451
402
415
379
378
427
443
392
366
445
420
437
479
448
446
443
449
435
406
457
429
457
479
420
441
408
434
458
485
475
460
489
501
454
493
443
484
469
473
482
480
489
482
441
490
483
488
523
504
441
450
529
532
546
530
463
536
489
488
546
539
539
503
509
536
524
564
506
535
517
514
523
519
523
547
542
549
542
533
500
539
578
494
583
540
575
563
482
512
590
532
566
578
603
561
582
558
589
573
575
586
568
583
603
603
594
567
657
627
570
624
604
578
624
597
581
639
610
544
597
621
654
643
634
671
623
610
634
637
657
607
665
679
653
650
619
498
662
672
654
642
680
653
638
664
641
665
644
680
644
674
641
609
719
659
720
720
704
628
689
645
709
641
746
680
706
740
725
729
701
731
723
716
737
655
711
773
727
729
767
762
743
756
684
751
753
707
734
756
728
711
731
751
760
688
738
708
763
743
771
762
757
753
792
784
782
829
812
790
769
796
770
802
818
784
673
688
817
771
729
819
826
786
776
791
767
848
837
808
825
796
799
817
816
807
804
865
854
785
833
853
852
874
832
844
900
829
855
835
854
826
922
916
927
895
853
823
895
906
830
861
852
878
858
752
826
876
901
982
865
857
853
939
863
925
884
921
876
924
934
845
869
898
904
956
911
859
928
913
941
902
878
974
920
942
930
941
906
935
962
961
930
930
975
898
969
959
981
1017
916
944
860
959
899
995
966
916
974
966
932
903
1014
1005
982
1016
1024
971
983
989
1038
986
1000
935
993
991
969
979
1003
994
921
987
945
993
863
918
951
982
1035
985
1048
1017
1007
938
1024
980
998
959
1024
974
975
1004
1080
995
1063
1062
1092
979
1027
1070
1073
1048
1005
1017
1113
1051
1012
969
1086
1053
1035
1032
1074
1042
1017
1121
1068
1024
1050
1045
1118
1046
1093
889
1066
1042
1097
1064
1097
1064
1072
1062
1048
1118
1093
1151
1118
1086
1031
992
1098
1107
1094
1149
1063
1062
1087
1127
1092
1087
1023
1080
1114
1084
1126
1100
1078
1057
1066
1166
1105
1062
1065
1092
1077
1116
1081
1116
1129
1077
979
1078
1078
1103
1106
1118
1163
1106
1081
1164
1109
1136
1102
1170
1120
1079
1131
1117
1111
1143
1114
1115
1197
1135
1164
1062
1125
1144
1180
1068
1102
1070
1016
1014
1164
1080
1153
1192
1161
1167
1055
1159
1123
1157
1106
1171
1117
1218
1100
1138
1122
1130
1079
1190
1218
1155
1102
1160
1187
1134
1132
1173
1165
1186
1058
1075
1133
1116
1129
1153
1139
1163
1189
1095
1216
1159
1081
1165
1187
1117
1145
949
1147
1115
1225
1129
1098
1098
1130
1127
1153
1165
1118
1114
1168
1200
1123
1046
1127
1093
1125
1196
1168
1101
1156
1147
1119
1166
1150
1192
1139
1151
1152
1136
1146
1159
1112
1171
1167
1143
1134
1197
1141
1176
1110
1108
1157
1143
1083
1070
1082
1150
1184
1183
1134
1112
1139
1226
1146
1092
1128
1244
1115
1121
1148
1132
1175
1099
1156
1194
1103
1119
1117
1148
1127
1161
1144
1129
1149
1117
976
1082
1107
1102
1161
1137
1148
1103
1152
1170
1142
1178
1112
1181
1121
1086
1010
1144
1166
1084
1140
1137
1141
1132
1081
1152
1197
1108
1109
1113
1060
1142
1016
1152
1092
1097
1112
1157
1165
1061
1091
1132
1113
1129
1136
1159
1108
1094
1110
980
1099
1104
1085
1071
1165
1086
1101
1103
1107
1098
1085
1071
1094
1158
1080
1051
1115
1090
1097
1089
1127
1051
1085
1098
1064
1061
1044
1149
1071
1105
1119
1124
1105
1040
1066
1091
1084
1074
1060
1124
1113
1093
1117
1147
1039
1093
973
1012
1127
1104
1097
1114
1092
1075
1048
1118
1046
1066
1059
1089
1113
1026
1018
1080
1091
1002
1028
1090
1087
1030
1065
1108
1064
986
1084
1081
1058
1011
929
929
1076
1050
1009
1095
1045
1009
1032
1000
1023
1060
993
980
975
997
1030
1094
1066
1055
925
1043
1024
1038
972
1019
979
996
1004
996
997
1040
964
986
992
1005
1033
1020
986
985
991
948
952
1019
968
964
1028
1011
962
796
941
924
989
1020
964
999
952
1032
969
1014
901
914
917
941
929
948
1003
942
916
924
928
951
921
1032
922
934
933
965
952
937
953
926
960
946
915
981
907
952
901
999
1002
896
917
899
924
867
781
888
974
881
919
913
960
888
866
894
968
880
870
934
867
869
897
893
871
842
895
954
862
896
897
887
851
913
836
887
888
865
794
778
890
821
837
833
866
802
829
891
850
869
827
837
883
838
852
870
832
832
838
910
852
840
853
924
815
843
813
866
829
841
829
797
854
804
850
843
796
811
815
817
771
758
809
806
789
731
757
665
805
787
770
798
774
784
795
761
830
794
718
803
737
764
718
767
731
777
771
752
756
715
746
819
793
756
739
760
750
702
735
707
738
696
753
751
765
727
743
751
737
750
736
777
718
741
675
743
713
719
740
718
729
707
699
720
698
722
689
744
715
653
699
697
738
679
722
724
707
695
622
710
690
752
676
698
689
628
614
586
629
683
721
671
703
664
647
653
661
670
639
686
598
675
608
614
649
623
640
677
664
600
617
603
624
663
580
653
599
627
612
642
582
644
613
612
598
557
564
584
672
637
587
591
645
614
593
471
567
557
613
582
594
606
514
637
599
592
533
586
509
537
583
527
545
528
615
589
549
589
555
536
583
554
487
580
549
517
547
550
553
588
515
542
542
506
575
562
510
560
505
514
517
552
446
527
524
499
513
514
473
488
497
545
512
493
491
487
506
449
537
459
487
520
491
481
480
494
483
493
506
476
469
478
468
471
382
378
491
476
469
508
438
425
456
437
438
465
474
470
455
426
461
440
423
433
443
461
457
463
440
450
417
394
432
447
465
413
457
424
439
405
444
450
425
425
397
419
404
404
411
404
444
410
364
379
395
404
396
407
386
386
375
415
378
385
395
337
370
397
357
394
365
384
385
381
397
374
388
374
350
397
350
370
381
345
319
362
333
381
401
383
367
352
347
341
332
307
339
368
332
365
349
365
330
316
339
360
353
318
326
331
340
326
303
362
323
314
346
335
310
329
307
342
294
365
285
329
296
288
307
305
300
315
274
300
308
310
291
303
305
281
319
294
287
288
334
292
279
284
303
283
299
273
300
311
297
321
262
258
263
271
282
305
269
251
248
294
241
281
294
276
253
262
284
256
261
262
271
239
234
231
246
218
250
260
293
254
239
242
223
255
253
228
245
252
261
273
238
225
238
216
236
219
252
232
228
228
257
213
225
221
228
232
219
236
212
239
229
226
202
246
230
232
203
207
221
189
198
229
206
235
191
210
234
196
193
227
217
162
195
211
193
200
212
181
199
210
202
186
183
181
190
187
192
198
199
184
193
205
204
204
170
143
170
175
189
187
177
188
156
184
164
158
180
202
153
142
211
190
168
149
174
175
155
177
148
191
175
170
159
159
146
152
168
159
137
178
161
161
159
171
136
161
155
154
156
147
142
154
152
125
147
159
135
155
135
123
173
136
127
132
158
141
160
139
143
126
120
128
131
121
138
131
144
135
128
138
113
120
142
135
134
130
135
140
129
119
143
120
121
122
131
123
127
111
115
113
113
109
110
116
129
133
104
110
121
119
125
120
122
113
105
114
103
117
109
110
130
104
111
89
113
104
106
110
108
123
117
115
90
102
120
95
98
113
102
99
90
123
107
103
88
88
113
118
79
90
87
102
82
110
108
91
80
93
97
78
88
100
84
87
86
82
73
89
88
79
99
84
91
74
89
94
102
85
78
93
78
63
71
87
78
90
92
72
84
91
78
72
72
67
90
73
68
55
76
62
67
63
78
76
89
79
67
69
74
80
67
71
61
67
64
80
74
76
76
73
73
87
70
70
69
72
56
70
57
60
69
64
53
49
80
42
76
59
77
68
62
66
63
60
65
62
58
54
53
56
40
47
51
65
64
62
45
61
60
51
41
33
46
59
57
50
45
52
36
50
59
49
57
46
37
56
49
46
40
55
49
54
50
54
53
48
58
51
43
41
57
38
45
51
47
50
47
44
42
42
41
48
35
45
45
40
46
54
36
37
43
35
43
48
37
34
45
41
45
40
34
40
40
44
36
36
34
36
44
45
46
32
38
36
32
30
32
41
31
29
45
37
29
47
32
30
36
32
31
32
44
35
32
34
24
27
27
32
37
29
37
29
27
38
29
27
30
26
36
37
18
37
44
33
29
33
25
24
31
27
29
37
22
32
26
30
32
25
20
21
22
23
38
27
21
25
20
27
22
25
25
24
19
24
26
32
20
27
23
33
19
17
19
30
23
18
32
21
20
18
21
36
27
7
23
18
22
26
21
17
15
18
25
19
25
27
18
12
18
15
18
23
22
23
23
14
16
18
22
13
18
16
20
14
15
18
18
16
16
16
16
18
13
25
15
23
15
15
27
13
16
22
25
16
15
15
15
13
14
10
14
21
13
10
10
15
10
14
6
22
13
14
16
10
16
8
14
14
9
11
21
17
12
13
10
9
11
15
18
16
13
11
12
15
8
18
6
12
14
14
14
13
9
15
9
12
15
13
7
9
8
8
10
9
11
13
8
12
14
9
8
16
8
8
6
13
12
9
9
7
9
15
8
9
9
9
9
7
14
14
8
11
7
13
4
6
9
3
10
9
9
12
8
10
9
13
11
6
5
12
8
7
7
6
10
7
10
10
13
14
14
6
11
9
10
8
11
5
6
9
9
11
8
6
7
2
4
6
8
5
18
5
10
11
6
6
5
6
5
7
2
2
9
3
11
5
6
7
12
2
4
9
9
7
3
7
8
6
7
4
4
9
4
2
5
4
8
5
4
5
8
3
4
5
4
5
6
4
2
7
4
3
2
3
3
3
3
5
3
7
3
1
2
5
5
6
6
4
5
2
5
6
4
5
3
4
0
3
5
2
3
7
4
4
1
2
2
4
0
3
5
2
7
5
4
6
3
7
2
6
5
3
6
6
4
0
7
4
5
5
3
2
5
1
5
1
6
1
4
2
1
8
2
2
1
5
5
1
3
0
3
3
3
1
4
2
1
2
4
1
7
2
4
4
4
1
2
3
3
2
2
2
4
5
3
1
1
2
2
0
5
3
1
3
2
1
1
0
3
2
3
2
1
1
2
2
0
8
2
2
2
0
4
3
2
2
3
1
1
0
1
3
0
2
5
5
3
2
2
1
2
3
3
0
1
3
2
3
0
3
3
0
2
2
4
1
0
2
0
1
2
2
3
0
1
0
1
0
1
2
0
2
0
0
0
2
0
0
4
1
1
1
1
1
0
1
0
1
2
3
0
1
2
3
1
0
0
0
1
0
0
0
2
1
1
0
1
1
0
2
2
1
1
2
0
2
1
1
0
1
1
2
2
2
1
0
1
2
2
0
1
1
0
0
2
1
1
2
1
1
0
0
1
0
4
2
0
0
0
0
0
3
0
0
0
1
1
0
0
1
0
1
0
0
1
1
1
2
0
1
0
3
0
0
2
0
3
0
0
0
0
1
0
0
1
0
0
0
0
1
2
1
0
1
0
0
0
2
0
0
0
0
0
1
0
1
1
0
1
0
0
1
0
0
1
1
0
2
1
0
0
0
0
0
0
1
0
0
0
0
0
1
0
1
0
1
0
0
0
0
0
1
0
1
1
0
1
0
0
0
0
0
0
0
0
0
0
1
1
0
0
1
1
1
0
0
0
1
0
0
0
0
0
0
0
0
0
0
0
0
0
1
0
0
0
0
0
0
0
0
0
0
0
0
0
0
0
0
0
0
0
1
0
0
0
0
0
0
0
0
1
0
0
0
0
0
2
0
0
0
2
0
0
0
0
0
1
0
0
0
0
0
0
0
0
0
0
0
1
1
0
0
0
0
0
0
0
0
0
1
1
0
0
0
1
0
0
0
0
0
0
0
1
0
1
0
0
0
0
0
0
1
1
0
0
0
0
0
0
0
0
0
0
0
2
0
0
0
0
0
0
0
0
0
0
0
1
1
0
0
0
0
0
0
0
0
0
0
0
1
0
0
0
0
0
0
0
0
0
0
1
0
0
0
1
0
0
0
0
0
0
0
0
0
0
0
0
0
0
0
0
0
0
0
0
0
0
0
0
0
0
0
0
0
0
0
0
0
0
0
0
0
0
0
0
0
0
1
0
0
1
0
0
0
0
0
0
0
0
0
0
0
0
0
0
0
0
0
0
0
1
0
0
0
0
0
0
0
0
0
0
0
0
0
0
0
0
0
0
0
0
0
0
0
0
0
0
0
0
0
0
0
0
0
0
0
0
0
0
0
0
0
0
0
0
0
0
0
0
0
0
0
0
0
0
0
0
0
0
0
0
0
1
0
0
0
0
1
0
0
0
0
0
1
0
0
0
0
0
0
0
0
0
0
0
0
0
0
0
0
0
0
0
0
0
0
0
0
0
0
0
0
0
0
0
0
0
0
0
1
1
0
0
0
0
0
0
0
0
0
0
0
0
0
0
0
0
0
0
0
0
0
0
0
0
0
0
0
0
0
0
0
0
0
0
0
0
0
0
0
0
0
0
0
0
0
0
0
0
0
0
0
0
0
0
0
0
0
0
0
0
0
0
0
0
0
0
0
0
0
0
0
0
0
0
0
0
0
0
0
0
0
0
0
0
0
0
0
0
0
0
0
0
0
0
0
0
0
0
0
0
0
0
0
0
0
0
0
0
0
0
0
0
0
0
0
0
0
0
0
0
0
0
0
0
0
0
0
0
0
0
0
0
0
0
0
0
0
0
0
0
0
0
0
0
0
0
0
0
0
0
0
0
0
0
0
0
0
0
0
0
0
0
0
1
0
0
0
0
0
0
0
0
0
0
0
0
0
0
0
0
0
0
0
0
0
0
0
0
0
0
0
0
0
0
0
0
0
0
0
0
0
0
0
0
0
0
0
0
0
0
0
0
0
0
0
0
0
0
0
0
0
0
0
0
0
0
0
0
0
0
0
0
0
0
0
0
0
0
0
0
0
0
0
0
0
0
0
0
0
0
0
0
0
0
0
0
0
0
0
0
0
0
0
0
0
0
0
0
0
0
0
0
0
0
0
0
0
0
0
0
0
0
0
0
0
0
0
0
0
0
0
0
0
0
0
0
0
0
0
0
0
0
0
0
0
0
0
0
0
0
0
0
0
0
0
0
0
0
0
0
0
0
0
0
0
0
0
0
0
0
0
0
0
0
0
0
0
0
0
0
0
0
0
0
0
0
0
0
0
0
0
0
0
0
0
0
0
0
0
0
0
0
0
0
0
0
0
0
0
0
0
0
0
0
0
0
0
0
0
0
0
0
0
0
0
0
0
0
0
0
0
0
0
0
0
0
0
0
0
0
0
0
0
0
0
0
0
0
0
0
0
0
0
0
0
0
0
0
0
0
0
0
0
0
0
0
0
0
0
0
0
0
0
0
0
0
0
0
0
0
0
0
0
0
0
0
0
0
0
0
0
0
0
0
0
0
0
0
0
0
0
0
0
0
0
0
0
0
0
0
0
0
0
0
0
0
0
0
0
0
0
0
0
0
0
0
0
0
0
0
0
0
0
0
0
0
0
0
0
0
0
0
0
0
0
0
0
0
0
0
0
0
0
0
0
0
0
0
0
0
0
0
0
0
0
0
0
0
0
0
0
0
0
0
0
0
0
0
0
0
0
0
0
0
0
0
0
0
0
0
0
0
0
0
0
0
0
0
0
0
0
0
0
0
0
0
0
0
0
0
0
0
0
0
0
0
0
0
0
0
0
0
0
0
0
0
0
0
0
0
0
0
0
0
0
0
0
0
0
0
0
0
0
0
0
0
0
0
0
0
0
0
0
0
0
0
0
0
0
0
0
0
0
0
0
0
0
0
0
0
0
0
0
0
0
0
0
0
0
0
0
0
0
0
0
0
0
0
0
0
0
0
0
0
0
0
0
0
0
0
0
0
0
0
0
0
0
0
0
0
0
0
0
0
0
0
0
0
0
0
0
0
0
0
0
0
0
0
0
0
0
0
0
0
0
0
0
0
0
0
0
0
0
0
0
0
0
0
0
0
0
0
0
0
0
0
0
0
0
0
0
0
0
0
0
0
0
0
0
0
0
0
0
0
0
0
0
0
0
0
0
0
0
0
0
0
0
0
0
0
0
0
0
0
0
0
0
0
0
0
0
0
0
0
0
0
0
0
0
0
0
0
0
0
0
0
0
0
0
0
0
0
0
0
0
0
0
0
0
0
0
0
0
0
0
0
0
0
0
0
0
0
0
0
0
0
0
0
0
0
0
0
0
0
0
0
0
0
0
0
0
0
0
0
0
0
0
0
0
0
0
0
0
0
0
0
0
0
0
0
0
0
0
0
0
0
0
0
0
0
0
0
0
0
0
0
0
0
0
0
0
0
0
0
0
0
0
0
0
0
0
0
0
0
0
0
0
0
0
0
0
0
0
0
0
0
0
0
0
0
0
0
0
0
0
0
0
0
0
0
0
0
0
0
0
0
0
0
0
0
0
0
0
0
0
0
0
0
0
0
0
0
0
0
0
0
0
0
0
0
0
0
0
0
0
0
0
0
0
0
0
0
0
0
0
0
0
0
0
0
0
0
0
0
0
0
0
0
0
0
0
0
0
0
0
0
0
0
0
0
0
0
0
0
0
0
0
0
0
0
0
0
0
0
0
0
0
0
0
0
0
0
0
0
0
0
0
0
0
0
0
0
0
0
0
0
0
0
0
0
0
0
0
0
0
0
0
0
0
0
0
0
0
0
0
0
0
0
0
0
0
0
0
0
0
0
0
0
0
0
0
0
0
0
0
0
0
0
0
0
0
0
0
0
0
0
0
0
0
0
0
0
0
0
0
0
0
0
0
0
0
0
0
0
0
0
0
0
0
0
0
0
0
0
0
0
0
0
0
0
0
0
0
0
0
0
0
0
0
0
0
0
0
0
0
0
0
0
0
0
0
0
0
0
0
0
0
0
0
0
0
0
0
0
0
0
0
0
0
0
0
0
0
0
0
0
0
0
0
0
0
0
0
0
0
0
0
0
0
0
0
0
0
0
0
0
0
0
0
0
0
0
0
0
0
0
0
0
0
0
0
0
0
0
0
0
0
0
0
0
0
0
0
0
0
0
0
0
0
0
0
0
0
0
0
0
0
0
0
0
0
0
0
0
0
0
0
0
0
0
0
0
0
0
0
0
0
0
0
0
0
0
0
0
0
0
0
0
0
0
0
0
0
0
0
0
0
0
0
0
0
0
0
0
0
0
0
0
0
0
0
0
0
0
0
0
0
0
0
0
0
0
0
0
0
0
0
0
0
0
0
0
0
0
0
0
0
0
0
0
0
0
0
0
0
0
0
0
0
0
0
0
0
0
0
0
0
0
0
0
0
0
0
0
0
0
0
0
0
0
0
0
0
0
0
0
0
0
0
0
0
0
0
0
0
0
0
0
0
0
0
0
0
0
0
0
0
0
0
0
0
0
0
0
0
0
0
0
0
0
0
0
0
0
0
0
0
0
0
0
0
0
0
0
0
0
0
0
0
0
0
0
0
0
0
0
0
0
0
0
0
0
0
0
0
0
0
0
0
0
0
0
0
0
0
0
0
0
0
0
0
0
0
0
0
0
0
0
0
0
0
0
0
0
0
0
0
0
0
0
0
0
0
0
0
0
0
0
0
0
0
0
0
0
0
0
0
0
0
0
0
0
0
0
0
0
0
0
0
0
0
0
0
0
0
0
0
0
0
0
0
0
0
0
0
0
0
0
0
0
0
0
0
0
0
0
0
0
0
0
0
0
0
0
0
0
0
0
0
0
0
0
0
0
0
0
0
0
0
0
0
0
0
0
0
0
0
0
0
0
0
0
0
0
0
0
0
0
0
0
0
0
0
0
0
0
0
0
0
0
0
0
0
0
0
0
0
0
0
0
0
0
0
0
0
0
0
0
0
0
0
0
0
0
0
0
0
0
0
0
0
0
0
0
0
0
0
0
0
0
0
0
0
0
0
0
0
0
0
0
0
0
0
0
0
0
0
0
0
0
0
0
0
0
0
0
0
0
0
0
0
0
0
0
0
0
0
0
0
0
0
0
0
0
0
0
0
0
0
0
0
0
0
0
0
0
0
0
0
0
0
0
0
0
0
0
0
0
0
0
0
0
0
0
0
0
0
0
0
0
0
0
0
0
0
0
0
0
0
0
0
0
0
0
0
0
0
0
0
0
0
0
0
0
0
0
0
0
0
0
0
0
0
0
0
0
0
0
0
0
0
0
0
0
0
0
0
0
0
0
0
0
0
0
0
0
0
0
0
0
0
0
0
0
0
0
0
0
0
0
0
0
0
0
0
0
0
0
0
0
0
0
0
0
0
0
0
0
0
0
0
0
0
0
0
0
0
0
0
0
0
0
0
0
0
0
0
0
0
0
0
0
0
0
0
0
0
0
0
0
0
0
0
0
0
0
0
0
0
0
0
0
0
0
0
0
0
0
0
0
0
0
0
0
0
0
0
0
0
0
0
0
0
0
0
0
0
0
0
0
0
0
0
0
0
0
0
0
0
0
0
0
0
0
0
0
0
0
0
0
0
0
0
0
0
0
0
0
0
0
0
0
0
0
0
0
0
0
0
0
0
0
0
0
0
0
0
0
0
0
0
0
0
0
0
0
0
0
0
0
0
0
0
0
0
0
0
0
0
0
0
0
0
0
0
0
0
0
0
0
0
0
0
0
0
0
0
0
0
0
0
0
0
0
0
0
0
0
0
0
0
0
0
0
0
0
0
0
0
0
0
0
0
0
0
0
0
0
0
0
0
0
0
0
0
0
0
0
0
0
0
0
0
0
0
0
0
0
0
0
0
0
0
0
0
0
0
0
0
0
0
0
0
0
0
0
0
0
0
0
0
0
0
0
0
0
0
0
0
0
0
0
0
0
0
0
0
0
0
0
0
0
0
0
0
0
0
0
0
0
0
0
0
0
0
0
0
0
0
0
0
0
0
0
0
0
0
0
0
0
0
0
0
0
0
0
0
0
0
0
0
0
0
0
0
0
0
0
0
0
0
0
0
0
0
0
0
0
0
0
0
0
0
0
0
0
0
0
0
0
0
0
0
0
0
0
0
0
0
0
0
0
0
0
0
0
0
0
0
0
0
0
0
0
0
0
0
0
0
0
0
0
0
0
0
0
0
0
0
0
0
0
0
0
0
0
0
0
0
0
0
0
0
0
0
0
0
0
0
0
0
0
0
0
0
0
0
0
0
0
0
0
0
0
0
0
0
0
0
0
0
0
0
0
0
0
0
0
0
0
0
0
0
0
0
0
0
0
0
0
0
0
0
0
0
0
0
0
0
0
0
0
0
0
0
0
0
0
0
0
0
0
0
0
0
0
0
0
0
0
0
0
0
0
0
0
0
0
0
0
0
0
0
0
0
0
0
0
0
0
0
0
0
0
0
0
0
0
0
0
0
0
0
0
0
0
0
0
0
0
0
0
0
0
0
0
0
0
0
0
0
0
0
0
0
0
0
0
0
0
0
0
0
0
0
0
0
0
0
0
0
0
0
0
0
0
0
0
0
0
0
0
0
0
0
0
0
0
0
0
0
0
0
0
0
0
0
0
0
0
0
0
0
0
0
0
0
0
0
0
0
0
0
0
0
0
0
0
0
0
0
0
0
0
0
0
0
0
0
0
0
0
0
0
0
0
0
0
0
0
0
0
0
0
0
0
0
0
0
0
0
0
0
0
0
0
0
0
0
0
0
0
0
0
0
0
0
0
0
0
0
0
0
0
0
0
0
0
0
0
0
0
0
0
0
0
0
0
0
0
0
0
0
0
0
0
0
0
0
0
0
0
0
0
0
0
0
0
0
0
0
0
0
0
0
0
0
0
0
0
0
0
0
0
0
0
0
0
0
0
0
0
0
0
0
0
0
0
0
0
0
0
0
0
0
0
0
0
0
0
0
0
0
0
0
0
0
0
0
0
0
0
0
0
0
0
0
0
0
0
0
0
0
0
0
0
0
0
0
0
0
0
0
0
0
0
0
0
0
0
0
0
0
0
0
0
0
0
0
0
0
0
0
0
0
0
0
0
0
0
0
0
0
0
0
0
0
0
0
0
0
0
0
0
0
0
0
0
0
0
0
0
0
0
0
0
0
0
0
0
0
0
0
0
0
0
0
0
0
0
0
0
0
0
0
0
0
0
0
0
0
0
0
0
0
0
0
0
0
0
0
0
0
0
0
0
0
0
0
0
0
0
0
0
0
0
0
0
0
0
0
0
0
0
0
0
0
0
0
0
0
0
0
0
0
0
0
0
0
0
0
0
0
0
0
0
0
0
0
0
0
0
0
0
0
0
0
0
0
0
0
0
0
0
0
0
0
0
0
0
0
0
0
0
0
0
0
0
0
0
0
0
0
0
0
0
0
0
0
0
0
0
0
0
0
0
0
0
0
0
0
0
0
0
0
0
0
0
0
0
0
0
0
0
0
0
0
0
0
0
0
0
0
0
0
0
0
0
0
0
0
0
0
0
0
0
0
0
0
0
0
0
0
0
0
0
0
0
0
0
0
0
0
0
0
0
0
0
0
0
0
0
0
0
0
0
0
0
0
0
0
0
0
0
0
0
0
0
0
0
0
0
0
0
0
0
0
0
0
0
0
0
0
0
0
0
0
0
0
0
0
0
0
0
0
0
0
0
0
0
0
0
0
0
0
0
0
0
0
0
0
0
0
0
0
0
0
0
0
0
0
0
0
0
0
0
0
0
0
0
0
0
0
0
0
0
0
0
0
0
0
0
0
0
0
0
0
0
0
0
0
0
0
0
0
0
0
0
0
0
0
0
0
0
0
0
0
0
0
0
0
0
0
0
0
0
0
0
0
0
0
0
0
0
0
0
0
0
0
0
0
0
0
0
0
0
0
0
0
0
0
0
0
0
0
0
0
0
0
0
0
0
0
0
0
0
0
0
0
0
0
0
0
0
0
0
0
0
0
0
0
0
0
0
0
0
0
0
0
0
0
0
0
0
0
0
0
0
0
0
0
0
0
0
0
0
0
0
0
0
0
0
0
0
0
0
0
0
0
0
0
0
0
0
0
0
0
0
0
0
0
0
0
0
0
0
0
0
0
0
0
0
0
0
0
0
0
0
0
0
0
0
0
0
0
0
0
0
0
0
0
0
0
0
0
0
0
0
0
0
0
0
0
0
0
0
0
0
0
0
0
0
0
0
0
0
0
0
0
0
0
0
0
0
0
0
0
0
0
0
0
0
0
0
0
0
0
0
0
0
0
0
0
0
0
0
0
0
0
0
0
0
0
0
0
0
0
0
0
0
0
0
0
0
0
0
0
0
0
0
0
0
0
0
0
0
0
0
0
0
0
0
0
0
0
0
0
0
0
0
0
0
0
0
0
0
0
0
0
0
0
0
0
0
0
0
0
0
0
0
0
0
0
0
0
0
0
0
0
0
0
0
0
0
0
0
0
0
0
0
0
0
0
0
0
0
0
0
0
0
0
0
0
0
0
0
0
0
0
0
0
0
0
0
0
0
0
0
0
0
0
0
0
0
0
0
0
0
0
0
0
0
0
0
0
0
0
0
0
0
0
0
0
0
0
0
0
0
0
0
0
0
0
0
0
0
0
0
0
0
0
0
0
0
0
0
0
0
0
0
0
0
0
0
0
0
0
0
0
0
0
0
0
0
0
0
0
0
0
0
0
0
0
0
0
0
0
0
0
0
0
0
0
0
0
0
0
0
0
0
0
0
0
0
0
0
0
0
0
0
0
0
0
0
0
0
0
0
0
0
0
0
0
0
0
0
0
0
0
0
0
0
0
0
0
0
0
0
0
0
0
0
0
0
0
0
0
0
0
0
0
0
0
0
0
0
0
0
0
0
0
0
0
0
0
0
0
0
0
0
0
0
0
0
0
0
0
0
0
0
0
0
0
0
0
0
0
0
0
0
0
0
0
0
0
0
0
0
0
0
0
0
0
0
0
0
0
0
0
0
0
0
0
0
0
0
0
0
0
0
0
0
0
0
0
0
0
0
0
0
0
0
0
0
0
0
0
0
0
0
0
0
0
0
0
0
0
0
0
0
0
0
0
0
0
0
0
0
0
0
0
0
0
0
0
0
0
0
0
0
0
0
0
0
0
0
0
0
0
0
0
0
0
0
0
0
0
0
0
0
0
0
0
0
0
0
0
0
0
0
0
0
0
0
0
0
0
0
0
0
0
0
0
0
0
0
0
0
0
0
0
0
0
0
0
0
0
0
0
0
0
0
0
0
0
0
0
0
0
0
0
0
0
0
0
0
0
0
0
0
0
0
0
0
0
0
0
0
0
0
0
0
0
0
0
0
0
0
0
0
0
0
0
0
0
0
0
0
0
0
0
0
0
0
0
0
0
0
0
0
0
0
0
0
0
0
0
0
0
0
0
0
0
0
0
0
0
0
0
0
0
0
0
0
0
0
0
0
0
0
0
0
0
0
0
0
0
0
0
0
0
0
0
0
0
0
0
0
0
0
0
0
0
0
0
0
0
0
0
0
0
0
0
0
0
0
0
0
0
0
0
0
0
0
0
0
0
0
0
0
0
0
0
0
0
0
0
0
0
0
0
0
0
0
0
0
0
0
0
0
0
0
0
0
0
0
0
0
0
0
0
0
0
0
0
0
0
0
0
0
0
0
0
0
0
0
0
0
0
0
0
0
0
0
0
0
0
0
0
0
0
0
0
0
0
0
0
0
0
0
0
0
0
0
0
0
0
0
0
0
0
0
0
0
0
0
0
0
0
0
0
0
0
0
0
0
0
0
0
0
0
0
0
0
0
0
0
0
0
0
0
0
0
0
0
0
0
0
0
0
0
0
0
0
0
0
0
0
0
0
0
0
0
0
0
0
0
0
0
0
0
0
0
0
0
0
0
0
0
0
0
0
0
0
0
0
0
0
0
0
0
0
0
0
0
0
0
0
0
0
0
0
0
0
0
0
0
0
0
0
0
0
0
0
0
0
0
0
0
0
0
0
0
0
0
0
0
0
0
0
0
0
0
0
0
0
0
0
0
0
0
0
0
0
0
0
0
0
0
0
0
0
0
0
0
0
0
0
0
0
0
0
0
0
0
0
0
0
0
0
0
0
0
0
0
0
0
0
0
0
0
0
0
0
0
0
0
0
0
0
0
0
0
0
0
0
0
0
0
0
0
0
0
0
0
0
0
0
0
0
0
0
0
0
0
0
0
0
0
0
0
0
0
0
0
0
0
0
0
0
0
0
0
0
0
0
0
0
0
0
0
0
0
0
0
0
0
0
0
0
0
0
0
0
0
0
0
0
0
0
0
0
0
0
0
0
0
0
0
0
0
0
0
0
0
0
0
0
0
0
0
0
0
0
0
0
0
0
0
0
0
0
0
0
0
0
0
0
0
0
0
0
0
0
0
0
0
0
0
0
0
0
0
0
0
0
0
0
0
0
0
0
0
0
0
0
0
0
0
0
0
0
0
0
0
0
0
0
0
0
0
0
0
0
0
0
0
0
0
0
0
0
0
0
0
0
0
0
0
0
0
0
0
0
0
0
0
0
0
0
0
0
0
0
0
0
0
0
0
0
0
0
0
0
0
0
0
0
0
0
0
0
0
0
0
0
0
0
0
0
0
0
0
0
0
0
0
0
0
0
0
0
0
0
0
0
0
0
0
0
0
0
0
0
0
0
0
0
0
0
0
0
0
0
0
0
0
0
0
0
0
0
0
0
0
0
0
0
0
0
0
0
0
0
0
0
0
0
0
0
0
0
0
0
0
0
0
0
0
0
0
0
0
0
0
0
0
0
0
0
0
0
0
0
0
0
0
0
0
0
0
0
0
0
0
0
0
0
0
0
0
0
0
0
0
0
0
0
0
0
0
0
0
0
0
0
0
0
0
0
0
0
0
0
0
0
0
0
0
0
0
0
0
0
0
0
0
0
0
0
0
0
0
0
0
0
0
0
0
0
0
0
0
0
0
0
0
0
0
0
0
0
0
0
0
0
0
0
0
0
0
0
0
0
0
0
0
0
0
0
0
0
0
0
0
0
0
0
0
0
0
0
0
0
0
0
0
0
0
0
0
0
0
0
0
0
0
