0
0
0
0
0
0
0
0
0
0
0
0
0
0
0
0
0
0
0
0
0
0
0
0
0
0
0
0
0
0
0
0
0
0
0
0
0
0
0
0
0
0
0
0
0
0
0
0
0
0
0
0
0
0
0
0
0
0
0
0
0
0
0
0
0
0
0
0
0
0
0
0
0
0
0
0
0
0
0
0
0
0
0
0
0
0
0
0
0
0
0
0
0
0
0
0
0
0
0
0
0
0
0
0
0
0
0
0
0
0
0
0
0
0
0
0
0
0
0
0
0
0
0
0
0
0
0
0
0
0
0
0
0
0
0
0
0
0
0
0
0
0
0
0
0
0
0
0
0
0
0
0
0
0
0
0
0
0
0
0
0
0
0
0
0
0
0
0
0
0
0
0
0
0
0
0
0
0
0
0
0
0
0
0
0
0
0
0
1
0
0
0
0
0
0
0
1
0
0
0
1
0
0
0
0
0
0
0
0
0
0
0
0
0
0
0
0
0
1
0
0
0
0
0
0
0
0
0
0
0
0
0
0
1
0
0
0
0
0
0
1
0
1
0
0
0
0
1
0
0
0
0
0
0
0
1
1
0
0
0
0
0
0
0
2
1
0
0
0
1
0
0
1
0
0
0
0
0
0
1
0
0
0
1
1
0
0
0
0
0
0
0
1
0
0
0
0
0
0
1
0
0
0
0
0
0
0
1
1
1
0
0
1
0
0
0
0
0
0
0
0
1
1
1
0
0
1
1
0
0
0
1
1
1
0
1
0
0
0
1
2
0
2
0
1
3
0
1
0
0
0
1
0
0
0
0
0
0
0
1
1
0
1
2
1
1
4
0
1
1
1
0
1
1
0
1
0
3
0
3
0
1
0
2
1
1
2
2
3
2
2
5
0
1
2
0
2
2
1
2
1
0
2
2
1
2
3
3
1
2
1
1
3
3
2
2
3
2
0
3
3
2
3
2
2
0
1
1
1
3
1
5
6
3
3
1
4
1
5
4
2
5
0
3
4
2
4
4
1
1
0
4
4
2
5
2
1
4
2
3
1
6
6
3
2
10
3
2
3
5
5
4
3
3
2
4
6
5
5
1
4
6
4
7
1
7
6
6
4
8
6
4
3
4
6
4
5
6
4
11
6
11
6
9
6
7
8
7
11
6
5
12
9
4
7
8
11
11
10
12
7
6
7
7
7
9
7
9
12
6
4
7
4
7
10
10
6
8
12
6
11
16
15
7
17
17
10
11
12
11
17
16
14
17
9
16
18
7
17
10
14
18
11
15
13
6
14
21
13
15
18
14
15
18
14
17
20
15
14
19
19
17
16
23
16
24
15
22
16
13
17
19
20
24
31
19
14
21
15
24
24
14
20
17
30
22
23
20
20
28
15
27
18
26
26
18
21
30
24
18
21
33
24
32
22
25
25
28
16
23
25
26
33
33
29
26
43
20
23
38
36
26
33
27
39
41
34
35
29
39
34
38
39
36
31
25
31
40
45
39
34
42
34
30
38
45
30
39
35
34
44
43
36
35
38
35
51
35
39
35
49
31
43
44
44
37
44
38
49
52
44
37
43
53
51
58
64
60
53
54
35
63
70
63
61
61
49
60
53
61
63
53
46
57
61
55
65
67
66
73
52
53
83
69
58
75
67
65
66
52
69
63
71
68
60
85
64
59
67
81
78
85
71
80
89
80
76
68
81
94
90
100
83
75
80
89
82
82
76
82
93
109
73
98
107
89
95
91
114
96
90
96
87
96
83
83
101
102
108
108
98
92
111
106
101
112
113
105
122
96
125
106
112
100
89
90
98
105
118
102
106
128
100
121
118
118
104
112
133
120
121
122
137
135
113
140
119
119
130
142
138
132
144
139
125
140
127
147
140
151
142
125
134
141
168
150
146
152
121
144
162
152
150
157
162
155
151
170
157
170
174
164
167
172
161
167
155
182
165
150
177
164
166
163
188
159
187
174
160
162
187
200
192
182
180
170
161
181
195
212
194
222
210
190
218
189
210
190
192
197
198
208
214
198
216
240
180
200
235
214
201
225
203
222
216
223
213
227
220
224
230
224
243
231
236
233
227
210
220
248
249
246
237
222
255
268
229
267
264
259
262
272
275
267
284
255
282
283
259
289
270
286
270
293
259
302
256
267
268
251
285
254
320
316
273
318
305
299
275
289
308
310
310
314
289
321
299
342
309
305
322
302
293
304
346
325
344
360
333
323
301
355
367
393
354
341
332
374
351
344
359
365
349
356
349
394
371
375
373
359
356
367
309
323
397
347
379
403
407
391
360
394
397
425
383
430
405
352
402
388
375
416
428
415
394
423
445
436
411
401
428
451
440
444
418
428
414
467
457
456
449
449
493
422
440
419
466
470
458
432
515
380
493
468
492
494
465
499
493
493
455
475
500
494
502
500
490
493
468
502
502
519
534
499
511
549
445
527
513
529
520
541
529
528
539
515
577
608
571
534
569
582
546
569
555
613
585
588
496
608
561
537
541
570
571
572
594
621
585
615
552
590
578
575
645
625
588
648
596
586
605
611
598
641
599
606
640
620
620
628
611
585
650
633
655
701
672
619
628
652
631
676
655
674
599
671
643
669
647
714
708
664
641
651
644
683
735
680
665
664
640
670
686
742
724
694
693
750
679
766
729
749
752
749
731
763
737
716
693
635
781
743
785
778
708
743
741
803
811
729
768
743
758
732
722
732
784
768
779
792
786
737
765
792
794
807
770
782
764
774
811
800
825
781
771
812
855
761
783
766
858
769
845
832
918
840
752
824
851
833
831
926
837
859
813
860
898
850
844
869
927
877
844
894
920
904
862
882
889
941
883
845
878
934
921
875
878
867
767
826
885
888
898
946
929
940
881
932
936
907
887
935
939
926
946
966
952
977
1005
912
944
940
895
939
985
964
929
999
985
975
982
999
991
966
1048
992
933
1030
959
1023
1015
972
1008
1003
1030
1004
1040
786
1045
923
933
986
1029
994
1006
1004
1018
1045
994
1064
1062
1020
1029
1053
1072
1059
1055
1062
1050
1029
1006
1068
1012
1010
1021
1100
1084
1016
996
1035
1034
1062
1043
1131
1117
1105
1111
1071
1115
1092
1035
1090
1117
1067
1047
1101
1059
1068
1079
1119
1118
1121
1125
1132
1072
1028
1122
1191
1171
1128
1084
1110
1103
1100
1204
1106
1118
1170
1116
1192
1081
1057
1109
1117
1158
1143
1011
984
1145
1151
1084
1152
1144
1304
1138
1158
1173
1051
1105
1123
1114
1151
1160
1160
1156
1109
1196
1222
1131
1225
1163
1255
1187
1177
1148
1173
1170
1142
1110
1242
1154
1183
1148
1271
1163
1178
1189
1212
1199
1149
1196
1211
1188
1160
1178
945
1173
1230
1277
1249
1191
1157
1204
1225
1166
1189
1160
1174
1216
1209
1109
1217
1234
1168
1222
1302
1219
1175
1266
1273
1222
1227
1222
1166
1228
1248
1204
1191
1200
1232
1231
1208
1297
1244
1218
1247
1229
1236
1199
1235
1267
1272
1185
1232
1230
1243
1252
1270
1210
1179
1198
1287
1248
1242
1252
1281
1203
1246
1239
1356
1213
1208
1279
1278
1190
1196
1272
1230
1224
1255
1222
1207
1233
1203
1148
1126
1287
1245
1251
1315
1205
1245
1254
1264
1260
1241
1218
1265
1258
1282
1211
1221
1311
1257
1264
1226
1309
1230
1209
1227
1264
1186
1260
1266
1255
1260
1153
1248
1293
1263
1233
1284
1264
1174
1215
1299
1245
1214
1207
1262
1296
1224
1239
1007
1276
1254
1253
1233
1268
1262
1242
1292
1206
1250
1193
1305
1257
1217
1210
1163
1256
1194
1215
1266
1201
1242
1250
1224
1195
1238
1181
1270
1276
1203
1289
1281
1249
1208
1225
1204
1265
1216
1207
1238
1218
1247
1257
1273
1201
1204
1117
1288
1165
1170
1200
1229
1224
1262
1218
1284
1257
1210
1160
1247
1229
1210
1165
1203
1216
1208
1152
1274
1161
1240
1179
1197
1222
1181
1206
1206
1253
1224
1098
1083
1183
1230
1198
1219
1269
1170
1164
1123
1201
1166
1173
1203
1203
1172
1121
1276
1251
1177
1209
1194
1184
1170
1209
1209
1108
1176
1154
1159
1240
1161
1152
1183
1146
1166
1138
1167
1269
1188
1204
1169
1156
1135
1117
1196
1210
1116
1148
988
1173
1104
1193
1200
1156
1108
1162
1164
1105
1142
1089
1181
1115
1200
1101
1133
1181
1125
1180
1145
1161
1130
1175
1136
1064
1113
1117
1161
1071
1076
1075
1085
1170
1180
1136
1148
1115
1068
1109
1067
1103
1134
1112
1165
1124
1107
972
1166
1124
1064
1159
1085
1141
1127
1020
1132
1117
1018
1074
1101
1086
1061
1070
1087
1031
1045
1050
1119
1087
1092
1024
1048
1071
1090
1057
1041
1080
1088
952
927
1023
1021
1093
1078
1020
1089
1038
1049
998
1004
1024
1084
1060
954
1055
1003
1034
1002
1023
1061
1027
940
1037
1003
1033
969
970
1072
929
979
969
940
1041
994
941
1025
991
1002
1008
992
1012
962
949
1006
974
956
944
812
1025
957
928
1058
989
1003
936
970
947
942
962
987
921
913
940
947
947
920
927
987
897
917
921
957
932
887
912
881
897
922
897
922
900
898
934
927
908
812
922
856
876
857
890
899
898
855
837
871
851
902
872
874
839
840
865
868
847
850
816
866
817
852
858
833
892
809
857
898
803
885
822
898
806
828
835
809
838
759
672
703
786
779
818
842
775
771
812
830
769
728
775
800
769
798
746
771
831
782
774
800
765
752
761
787
730
785
740
701
761
818
749
683
712
748
750
772
748
779
746
731
763
732
772
763
700
754
699
587
732
679
712
719
743
678
752
743
680
744
655
692
726
672
660
641
687
690
718
696
705
635
698
685
724
659
649
637
686
670
673
699
659
644
632
664
665
644
628
646
627
658
673
641
632
628
592
656
693
655
602
652
664
626
631
665
634
639
591
589
562
597
616
555
588
639
545
581
643
584
590
587
567
586
587
601
602
571
568
522
593
548
542
598
594
533
541
541
567
578
534
501
545
525
576
512
567
546
559
548
518
566
513
561
533
527
524
545
529
512
522
522
547
547
519
513
535
457
511
530
509
516
474
477
471
512
467
414
504
484
475
457
465
478
519
506
481
480
488
459
475
449
441
456
482
475
476
438
508
449
428
407
472
463
439
459
429
413
444
426
446
441
436
444
415
419
429
463
404
454
385
441
422
448
398
430
406
388
439
424
394
366
391
460
383
381
380
421
388
369
411
373
385
392
401
420
374
367
364
374
370
386
354
397
357
353
362
320
391
370
360
395
320
342
341
394
338
322
338
352
370
338
338
377
344
339
333
322
362
361
325
324
338
354
334
303
306
306
324
313
290
312
324
315
300
306
327
334
309
320
327
313
329
286
288
246
277
329
313
303
337
279
260
299
309
269
271
254
283
269
241
287
278
287
288
291
274
266
262
320
280
301
265
251
303
239
282
264
243
253
273
267
251
273
248
241
272
245
240
231
277
250
222
243
236
228
267
265
261
234
239
273
253
247
263
250
250
253
176
224
239
218
241
234
239
208
234
244
226
219
210
225
206
228
183
213
216
246
211
200
228
205
189
207
220
168
201
203
191
170
158
186
178
207
182
199
198
195
205
182
192
164
190
181
209
211
207
175
179
178
205
180
161
170
173
188
174
162
187
157
182
156
188
128
172
183
147
193
164
155
161
170
160
185
187
147
167
168
163
165
150
167
155
156
140
160
173
149
132
154
148
163
163
147
152
154
162
145
159
138
155
125
149
141
143
140
135
143
161
141
124
139
133
141
140
132
138
104
122
107
136
110
122
126
115
137
126
122
113
133
130
130
116
107
117
109
125
111
121
120
100
119
109
104
115
106
109
110
102
111
114
99
112
122
106
87
105
107
111
93
117
93
100
93
109
98
110
118
98
111
92
103
87
114
95
96
97
82
117
97
85
90
106
113
82
78
77
98
74
91
66
69
104
77
85
95
96
98
98
83
80
90
72
89
81
87
60
76
87
81
73
86
84
72
86
77
83
70
64
76
68
79
61
72
69
88
74
71
75
80
69
68
62
58
54
66
69
71
73
65
64
60
58
74
66
64
84
85
66
60
59
72
59
60
51
70
57
57
60
61
49
60
55
63
63
62
65
57
62
71
53
50
53
53
59
57
45
57
56
45
53
39
57
44
50
50
42
53
55
47
49
49
40
48
58
49
43
41
52
51
38
48
43
42
49
43
46
50
47
43
36
42
47
34
52
37
42
47
33
65
56
35
46
39
50
40
45
43
37
47
44
36
49
41
47
39
42
50
32
31
41
43
45
40
49
37
50
40
49
43
44
29
37
38
32
40
29
38
37
35
36
24
27
36
32
20
33
32
30
32
23
25
32
38
37
30
25
27
22
32
31
25
22
35
28
42
26
33
26
33
24
24
25
34
17
27
17
27
19
23
29
19
19
17
31
22
27
20
22
26
25
27
35
23
23
17
23
30
20
18
22
20
21
23
16
30
14
20
18
20
25
24
19
22
16
23
25
21
15
12
19
17
19
14
15
19
15
14
19
18
17
20
19
27
21
17
20
17
20
10
19
19
23
19
11
23
16
14
15
11
15
17
13
20
27
13
17
20
18
9
19
12
12
18
18
11
14
13
13
16
14
10
13
17
11
16
15
9
12
11
9
20
12
19
4
15
18
11
14
9
10
7
13
5
5
8
15
19
8
13
8
10
10
8
10
14
7
7
15
12
6
16
7
11
8
13
8
10
14
5
9
8
9
10
10
11
7
8
10
3
3
8
11
11
6
10
7
7
7
5
7
5
13
11
12
2
8
5
10
8
6
4
8
4
8
7
6
7
6
9
3
9
12
3
11
4
7
5
7
7
9
3
7
4
2
8
6
11
5
8
6
3
7
5
5
12
6
8
8
4
4
10
3
3
4
6
6
5
8
6
7
7
1
10
3
10
6
4
10
7
3
6
9
8
2
1
0
4
6
5
5
3
6
8
1
9
5
5
5
6
3
5
3
2
6
3
7
2
4
2
1
3
3
7
5
5
3
2
4
4
6
1
4
1
4
1
4
3
8
4
1
3
2
4
1
4
3
1
3
3
5
4
5
3
5
3
1
5
2
3
2
1
4
3
1
3
3
3
2
3
3
0
2
3
3
2
3
2
2
1
2
2
4
4
1
1
3
3
2
3
2
2
2
0
3
1
2
1
4
3
3
1
1
1
3
0
2
1
3
1
4
2
0
3
0
3
3
2
2
3
3
2
1
1
1
1
3
3
2
3
2
3
1
2
0
1
2
4
1
1
0
1
0
1
0
2
0
2
2
1
3
1
1
2
1
1
1
3
1
0
1
2
3
3
1
1
2
2
0
1
1
2
2
1
1
1
1
0
1
0
1
0
1
2
0
1
4
2
0
0
2
0
0
3
1
2
0
0
1
0
1
0
3
2
1
0
2
1
2
2
1
2
1
1
0
0
2
1
2
0
2
0
1
3
0
1
0
0
2
2
1
1
2
0
0
2
1
2
1
0
0
1
1
0
1
0
1
1
1
1
0
1
0
1
0
1
2
0
0
0
0
1
0
0
0
0
1
0
0
0
1
0
2
0
0
0
0
1
0
0
1
0
1
1
1
1
0
2
0
0
1
0
1
0
1
1
0
1
0
0
1
0
1
0
1
0
2
0
0
0
1
3
1
1
1
1
0
0
0
0
0
0
0
0
0
0
0
0
0
0
0
0
0
0
0
1
0
1
0
1
1
0
0
1
0
3
1
1
0
0
0
1
0
2
0
0
0
0
0
0
0
0
0
0
0
1
1
0
0
0
1
0
0
0
0
0
0
1
0
1
0
0
0
0
0
0
0
0
0
0
0
0
0
1
0
1
0
0
0
0
0
0
0
0
0
0
0
1
1
0
0
0
0
0
0
0
0
0
0
0
0
0
0
0
0
0
0
0
0
0
1
0
0
0
0
0
0
0
0
0
0
0
0
0
0
0
0
0
0
0
1
0
0
0
1
0
0
0
0
0
0
0
0
0
1
0
0
1
0
0
0
0
0
0
0
0
0
0
0
0
0
0
0
0
0
0
0
0
0
0
1
0
1
0
0
0
1
0
0
0
0
0
0
0
0
0
0
0
0
0
0
0
0
0
0
0
0
0
0
0
0
0
0
0
0
0
0
0
1
0
0
0
0
0
0
0
0
0
0
0
0
0
0
1
0
0
0
0
0
0
0
0
0
0
1
0
0
0
1
0
0
0
0
0
0
0
0
0
0
0
0
0
0
0
0
0
0
0
0
0
0
0
0
0
0
0
0
0
0
0
0
0
0
0
0
0
0
0
0
0
0
0
0
0
0
0
0
0
0
0
0
0
0
0
0
0
0
0
0
0
0
0
0
0
0
0
0
0
0
0
0
0
0
0
0
0
0
0
0
0
0
0
0
0
0
0
0
0
0
0
0
0
0
0
0
0
0
0
0
0
0
0
0
0
0
0
0
0
0
0
0
0
0
0
0
0
0
1
0
0
0
0
0
0
0
0
0
0
0
0
0
0
0
0
0
0
0
0
0
0
0
0
0
0
0
0
0
0
0
0
0
0
0
0
0
0
0
0
0
1
0
0
0
0
0
0
0
0
0
0
0
0
0
0
0
0
0
0
0
0
0
0
0
0
0
0
0
0
0
0
0
0
0
0
0
0
0
0
0
0
0
0
0
0
0
0
0
0
0
0
0
0
0
0
0
0
0
0
0
0
0
0
0
0
0
0
0
0
0
0
0
0
0
0
0
0
0
0
0
0
0
0
0
0
0
0
0
0
0
0
0
0
0
0
0
0
0
0
0
0
0
0
0
0
0
0
0
0
0
0
0
0
0
0
0
0
0
0
0
0
0
0
0
0
0
0
0
0
0
0
0
0
0
0
0
0
0
0
0
0
0
0
0
0
0
0
0
0
0
0
0
0
0
0
0
0
0
0
0
0
0
0
0
0
0
0
0
0
0
0
0
0
0
0
0
0
0
0
0
0
0
0
0
0
0
0
0
0
0
0
0
0
0
0
0
0
0
0
0
0
0
0
0
0
0
0
0
0
0
0
0
0
0
0
0
0
0
0
0
0
0
0
0
0
0
0
0
0
0
0
0
0
0
0
0
0
0
0
0
0
0
0
0
0
0
0
0
0
0
0
0
0
0
0
0
0
0
0
0
0
0
0
0
0
0
0
0
0
0
0
0
0
0
0
0
0
0
0
0
0
0
0
0
0
0
0
0
0
0
0
0
0
0
0
0
0
0
0
0
0
0
0
0
0
0
0
0
0
0
0
0
0
0
0
0
0
0
0
0
0
0
0
0
0
0
0
0
0
0
0
0
0
0
0
0
0
0
0
0
0
0
0
0
0
0
0
0
0
0
0
0
0
0
0
0
0
0
0
0
0
0
0
0
0
0
0
0
0
0
0
0
0
0
0
0
0
0
0
0
0
0
0
0
0
0
0
0
0
0
0
0
0
0
0
0
0
0
0
0
0
0
0
0
0
0
0
0
0
0
0
0
0
0
0
0
0
0
0
0
0
0
0
0
0
0
0
0
0
0
0
0
0
0
0
0
0
0
0
0
0
0
0
0
0
0
0
0
0
0
0
0
0
0
0
0
0
0
0
0
0
0
0
0
0
0
0
0
0
0
0
0
0
0
0
0
0
0
0
0
0
0
0
0
0
0
0
0
0
0
0
0
0
0
0
0
0
0
0
0
0
0
0
0
0
0
0
0
0
0
0
0
0
0
0
0
0
0
0
0
0
0
0
0
0
0
0
0
0
0
0
0
0
0
0
0
0
0
0
0
0
0
0
0
0
0
0
0
0
0
0
0
0
0
0
0
0
0
0
0
0
0
0
0
0
0
0
0
0
0
0
0
0
0
0
0
0
0
0
0
0
0
0
0
0
0
0
0
0
0
0
0
0
0
0
0
0
0
0
0
0
0
0
0
0
0
0
0
0
0
0
0
0
0
0
0
0
0
0
0
0
0
0
0
0
0
0
0
0
0
0
0
0
0
0
0
0
0
0
0
0
0
0
0
0
0
0
0
0
0
0
0
0
0
0
0
0
0
0
0
0
0
0
0
0
0
0
0
0
0
0
0
0
0
0
0
0
0
0
0
0
0
0
0
0
0
0
0
0
0
0
0
0
0
0
0
0
0
0
0
0
0
0
0
0
0
0
0
0
0
0
0
0
0
0
0
0
0
0
0
0
0
0
0
0
0
0
0
0
0
0
0
0
0
0
0
0
0
0
0
0
0
0
0
0
0
0
0
0
0
0
0
0
0
0
0
0
0
0
0
0
0
0
0
0
0
0
0
0
0
0
0
0
0
0
0
0
0
0
0
0
0
0
0
0
0
0
0
0
0
0
0
0
0
0
0
0
0
0
0
0
0
0
0
0
0
0
0
0
0
0
0
0
0
0
0
0
0
0
0
0
0
0
0
0
0
0
0
0
0
0
0
0
0
0
0
0
0
0
0
0
0
0
0
0
0
0
0
0
0
0
0
0
0
0
0
0
0
0
0
0
0
0
0
0
0
0
0
0
0
0
0
0
0
0
0
0
0
0
0
0
0
0
0
0
0
0
0
0
0
0
0
0
0
0
0
0
0
0
0
0
0
0
0
0
0
0
0
0
0
0
0
0
0
0
0
0
0
0
0
0
0
0
0
0
0
0
0
0
0
0
0
0
0
0
0
0
0
0
0
0
0
0
0
0
0
0
0
0
0
0
0
0
0
0
0
0
0
0
0
0
0
0
0
0
0
0
0
0
0
0
0
0
0
0
0
0
0
0
0
0
0
0
0
0
0
0
0
0
0
0
0
0
0
0
0
0
0
0
0
0
0
0
0
0
0
0
0
0
0
0
0
0
0
0
0
0
0
0
0
0
0
0
0
0
0
0
0
0
0
0
0
0
0
0
0
0
0
0
0
0
0
0
0
0
0
0
0
0
0
0
0
0
0
0
0
0
0
0
0
0
0
0
0
0
0
0
0
0
0
0
0
0
0
0
0
0
0
0
0
0
0
0
0
0
0
0
0
0
0
0
0
0
0
0
0
0
0
0
0
0
0
0
0
0
0
0
0
0
0
0
0
0
0
0
0
0
0
0
0
0
0
0
0
0
0
0
0
0
0
0
0
0
0
0
0
0
0
0
0
0
0
0
0
0
0
0
0
0
0
0
0
0
0
0
0
0
0
0
0
0
0
0
0
0
0
0
0
0
0
0
0
0
0
0
0
0
0
0
0
0
0
0
0
0
0
0
0
0
0
0
0
0
0
0
0
0
0
0
0
0
0
0
0
0
0
0
0
0
0
0
0
0
0
0
0
0
0
0
0
0
0
0
0
0
0
0
0
0
0
0
0
0
0
0
0
0
0
0
0
0
0
0
0
0
0
0
0
0
0
0
0
0
0
0
0
0
0
0
0
0
0
0
0
0
0
0
0
0
0
0
0
0
0
0
0
0
0
0
0
0
0
0
0
0
0
0
0
0
0
0
0
0
0
0
0
0
0
0
0
0
0
0
0
0
0
0
0
0
0
0
0
0
0
0
0
0
0
0
0
0
0
0
0
0
0
0
0
0
0
0
0
0
0
0
0
0
0
0
0
0
0
0
0
0
0
0
0
0
0
0
0
0
0
0
0
0
0
0
0
0
0
0
0
0
0
0
0
0
0
0
0
0
0
0
0
0
0
0
0
0
0
0
0
0
0
0
0
0
0
0
0
0
0
0
0
0
0
0
0
0
0
0
0
0
0
0
0
0
0
0
0
0
0
0
0
0
0
0
0
0
0
0
0
0
0
0
0
0
0
0
0
0
0
0
0
0
0
0
0
0
0
0
0
0
0
0
0
0
0
0
0
0
0
0
0
0
0
0
0
0
0
0
0
0
0
0
0
0
0
0
0
0
0
0
0
0
0
0
0
0
0
0
0
0
0
0
0
0
0
0
0
0
0
0
0
0
0
0
0
0
0
0
0
0
0
0
0
0
0
0
0
0
0
0
0
0
0
0
0
0
0
0
0
0
0
0
0
0
0
0
0
0
0
0
0
0
0
0
0
0
0
0
0
0
0
0
0
0
0
0
0
0
0
0
0
0
0
0
0
0
0
0
0
0
0
0
0
0
0
0
0
0
0
0
0
0
0
0
0
0
0
0
0
0
0
0
0
0
0
0
0
0
0
0
0
0
0
0
0
0
0
0
0
0
0
0
0
0
0
0
0
0
0
0
0
0
0
0
0
0
0
0
0
0
0
0
0
0
0
0
0
0
0
0
0
0
0
0
0
0
0
0
0
0
0
0
0
0
0
0
0
0
0
0
0
0
0
0
0
0
0
0
0
0
0
0
0
0
0
0
0
0
0
0
0
0
0
0
0
0
0
0
0
0
0
0
0
0
0
0
0
0
0
0
0
0
0
0
0
0
0
0
0
0
0
0
0
0
0
0
0
0
0
0
0
0
0
0
0
0
0
0
0
0
0
0
0
0
0
0
0
0
0
0
0
0
0
0
0
0
0
0
0
0
0
0
0
0
0
0
0
0
0
0
0
0
0
0
0
0
0
0
0
0
0
0
0
0
0
0
0
0
0
0
0
0
0
0
0
0
0
0
0
0
0
0
0
0
0
0
0
0
0
0
0
0
0
0
0
0
0
0
0
0
0
0
0
0
0
0
0
0
0
0
0
0
0
0
0
0
0
0
0
0
0
0
0
0
0
0
0
0
0
0
0
0
0
0
0
0
0
0
0
0
0
0
0
0
0
0
0
0
0
0
0
0
0
0
0
0
0
0
0
0
0
0
0
0
0
0
0
0
0
0
0
0
0
0
0
0
0
0
0
0
0
0
0
0
0
0
0
0
0
0
0
0
0
0
0
0
0
0
0
0
0
0
0
0
0
0
0
0
0
0
0
0
0
0
0
0
0
0
0
0
0
0
0
0
0
0
0
0
0
0
0
0
0
0
0
0
0
0
0
0
0
0
0
0
0
0
0
0
0
0
0
0
0
0
0
0
0
0
0
0
0
0
0
0
0
0
0
0
0
0
0
0
0
0
0
0
0
0
0
0
0
0
0
0
0
0
0
0
0
0
0
0
0
0
0
0
0
0
0
0
0
0
0
0
0
0
0
0
0
0
0
0
0
0
0
0
0
0
0
0
0
0
0
0
0
0
0
0
0
0
0
0
0
0
0
0
0
0
0
0
0
0
0
0
0
0
0
0
0
0
0
0
0
0
0
0
0
0
0
0
0
0
0
0
0
0
0
0
0
0
0
0
0
0
0
0
0
0
0
0
0
0
0
0
0
0
0
0
0
0
0
0
0
0
0
0
0
0
0
0
0
0
0
0
0
0
0
0
0
0
0
0
0
0
0
0
0
0
0
0
0
0
0
0
0
0
0
0
0
0
0
0
0
0
0
0
0
0
0
0
0
0
0
0
0
0
0
0
0
0
0
0
0
0
0
0
0
0
0
0
0
0
0
0
0
0
0
0
0
0
0
0
0
0
0
0
0
0
0
0
0
0
0
0
0
0
0
0
0
0
0
0
0
0
0
0
0
0
0
0
0
0
0
0
0
0
0
0
0
0
0
0
0
0
0
0
0
0
0
0
0
0
0
0
0
0
0
0
0
0
0
0
0
0
0
0
0
0
0
0
0
0
0
0
0
0
0
0
0
0
0
0
0
0
0
0
0
0
0
0
0
0
0
0
0
0
0
0
0
0
0
0
0
0
0
0
0
0
0
0
0
0
0
0
0
0
0
0
0
0
0
0
0
0
0
0
0
0
0
0
0
0
0
0
0
0
0
0
0
0
0
0
0
0
0
0
0
0
0
0
0
0
0
0
0
0
0
0
0
0
0
0
0
0
0
0
0
0
0
0
0
0
0
0
0
0
0
0
0
0
0
0
0
0
0
0
0
0
0
0
0
0
0
0
0
0
0
0
0
0
0
0
0
0
0
0
0
0
0
0
0
0
0
0
0
0
0
0
0
0
0
0
0
0
0
0
0
0
0
0
0
0
0
0
0
0
0
0
0
0
0
0
0
0
0
0
0
0
0
0
0
0
0
0
0
0
0
0
0
0
0
0
0
0
0
0
0
0
0
0
0
0
0
0
0
0
0
0
0
0
0
0
0
0
0
0
0
0
0
0
0
0
0
0
0
0
0
0
0
0
0
0
0
0
0
0
0
0
0
0
0
0
0
0
0
0
0
0
0
0
0
0
0
0
0
0
0
0
0
0
0
0
0
0
0
0
0
0
0
0
0
0
0
0
0
0
0
0
0
0
0
0
0
0
0
0
0
0
0
0
0
0
0
0
0
0
0
0
0
0
0
0
0
0
0
0
0
0
0
0
0
0
0
0
0
0
0
0
0
0
0
0
0
0
0
0
0
0
0
0
0
0
0
0
0
0
0
0
0
0
0
0
0
0
0
0
0
0
0
0
0
0
0
0
0
0
0
0
0
0
0
0
0
0
0
0
0
0
0
0
0
0
0
0
0
0
0
0
0
0
0
0
0
0
0
0
0
0
0
0
0
0
0
0
0
0
0
0
0
0
0
0
0
0
0
0
0
0
0
0
0
0
0
0
0
0
0
0
0
0
0
0
0
0
0
0
0
0
0
0
0
0
0
0
0
0
0
0
0
0
0
0
0
0
0
0
0
0
0
0
0
0
0
0
0
0
0
0
0
0
0
0
0
0
0
0
0
0
0
0
0
0
0
0
0
0
0
0
0
0
0
0
0
0
0
0
0
0
0
0
0
0
0
0
0
0
0
0
0
0
0
0
0
0
0
0
0
0
0
0
0
0
0
0
0
0
0
0
0
0
0
0
0
0
0
0
0
0
0
0
0
0
0
0
0
0
0
0
0
0
0
0
0
0
0
0
0
0
0
0
0
0
0
0
0
0
0
0
0
0
0
0
0
0
0
0
0
0
0
0
0
0
0
0
0
0
0
0
0
0
0
0
0
0
0
0
0
0
0
0
0
0
0
0
0
0
0
0
0
0
0
0
0
0
0
0
0
0
0
0
0
0
0
0
0
0
0
0
0
0
0
0
0
0
0
0
0
0
0
0
0
0
0
0
0
0
0
0
0
0
0
0
0
0
0
0
0
0
0
0
0
0
0
0
0
0
0
0
0
0
0
0
0
0
0
0
0
0
0
0
0
0
0
0
0
0
0
0
0
0
0
0
0
0
0
0
0
0
0
0
0
0
0
0
0
0
0
0
0
0
0
0
0
0
0
0
0
0
0
0
0
0
0
0
0
0
0
0
0
0
0
0
0
0
0
0
0
0
0
0
0
0
0
0
0
0
0
0
0
0
0
0
0
0
0
0
0
0
0
0
0
0
0
0
0
0
0
0
0
0
0
0
0
0
0
0
0
0
0
0
0
0
0
0
0
0
0
0
0
0
0
0
0
0
0
0
0
0
0
0
0
0
0
0
0
0
0
0
0
0
0
0
0
0
0
0
0
0
0
0
0
0
0
0
0
0
0
0
0
0
0
0
0
0
0
0
0
0
0
0
0
0
0
0
0
0
0
0
0
0
0
0
0
0
0
0
0
0
0
0
0
0
0
0
0
0
0
0
0
0
0
0
0
0
0
0
0
0
0
0
0
0
0
0
0
0
0
0
0
0
0
0
0
0
0
0
0
0
0
0
0
0
0
0
0
0
0
0
0
0
0
0
0
0
0
0
0
0
0
0
0
0
0
0
0
0
0
0
0
0
0
0
0
0
0
0
0
0
0
0
0
0
0
0
0
0
0
0
0
0
0
0
0
0
0
0
0
0
0
0
0
0
0
0
0
0
0
0
0
0
0
0
0
0
0
0
0
0
0
0
0
0
0
0
0
0
0
0
0
0
0
0
0
0
0
0
0
0
0
0
0
0
0
0
0
0
0
0
0
0
0
0
0
0
0
0
0
0
0
0
0
0
0
0
0
0
0
0
0
0
0
0
0
0
0
0
0
0
0
0
0
0
0
0
0
0
0
0
0
0
0
0
0
0
0
0
0
0
0
0
0
0
0
0
0
0
0
0
0
0
0
0
0
0
0
0
0
0
0
0
0
0
0
0
0
0
0
0
0
0
0
0
0
0
0
0
0
0
0
0
0
0
0
0
0
0
0
0
0
0
0
0
0
0
0
0
0
0
0
0
0
0
0
0
0
0
0
0
0
0
0
0
0
0
0
0
0
0
0
0
0
0
0
0
0
0
0
0
0
0
0
0
0
0
0
0
0
0
0
0
0
0
0
0
0
0
0
0
0
0
0
0
0
0
0
0
0
0
0
0
0
0
0
0
0
0
0
0
0
0
0
0
0
0
0
0
0
0
0
0
0
0
0
0
0
0
0
0
0
0
0
0
0
0
0
0
0
0
0
0
0
0
0
0
0
0
0
0
0
0
0
0
0
0
0
0
0
0
0
0
0
0
0
0
0
0
0
0
0
0
0
0
0
0
0
0
0
0
0
0
0
0
0
0
0
0
0
0
0
0
0
0
0
0
0
0
0
0
0
0
0
0
0
0
0
0
0
0
0
0
0
0
0
0
0
0
0
0
0
0
0
0
0
0
0
0
0
0
0
0
0
0
0
0
0
0
0
0
0
0
0
0
0
0
0
0
0
0
0
0
0
0
0
0
0
0
0
0
0
0
0
0
0
0
0
0
0
0
0
0
0
0
0
0
0
0
0
0
0
0
0
0
0
0
0
0
0
0
0
0
0
0
0
0
0
0
0
0
0
0
0
0
0
0
0
0
0
0
0
0
0
0
0
0
0
0
0
0
0
0
0
0
0
0
0
0
0
0
0
0
0
0
0
0
0
0
0
0
0
0
0
0
0
0
0
0
0
0
0
0
0
0
0
0
0
0
0
0
0
0
0
0
0
0
0
0
0
0
0
0
0
0
0
0
0
0
0
0
0
0
0
0
0
0
0
0
0
0
0
0
0
0
0
0
0
0
0
0
0
0
0
0
0
0
0
0
0
0
0
0
0
0
0
0
0
0
0
0
0
0
0
0
0
0
0
0
0
0
0
0
0
0
0
0
0
0
0
0
0
0
0
0
0
0
0
0
0
0
0
0
0
0
0
0
0
0
0
0
0
0
0
0
0
0
0
0
0
0
0
0
0
0
0
0
0
0
0
0
0
0
0
0
0
0
0
0
0
0
0
0
0
0
0
0
0
0
0
0
0
0
0
0
0
0
0
0
0
0
0
0
0
0
0
0
0
0
0
0
0
0
0
0
0
0
0
0
0
0
0
0
0
0
0
0
0
0
0
0
0
0
0
0
0
0
0
0
0
0
0
0
0
0
0
0
0
0
0
0
0
0
0
0
0
0
0
0
0
0
0
0
0
0
0
0
0
0
0
0
0
0
0
0
0
0
0
0
0
0
0
0
0
0
0
0
0
0
0
0
0
0
0
0
0
0
0
0
0
0
0
0
0
0
0
0
0
0
0
0
0
0
0
0
0
0
0
0
0
0
0
0
0
0
0
0
0
0
0
0
0
0
0
0
0
0
0
0
0
0
0
0
0
0
0
0
0
0
0
0
0
0
0
0
0
0
0
0
0
0
0
0
0
0
0
0
0
0
0
0
0
0
0
0
0
0
0
0
0
0
0
0
0
0
0
0
0
0
0
0
0
0
0
0
0
0
0
0
0
0
0
0
0
0
0
0
0
0
0
0
0
0
0
0
0
0
0
0
0
0
0
0
0
0
0
0
0
0
0
0
0
0
0
0
0
0
0
0
0
0
0
0
0
0
0
0
0
0
0
0
0
0
0
0
0
0
0
0
0
0
0
0
0
0
0
0
0
0
0
0
0
0
0
0
0
0
0
0
0
0
0
0
0
0
0
0
0
0
0
0
0
0
0
0
0
0
0
0
0
0
0
0
0
0
0
0
0
0
0
0
0
0
0
0
0
0
0
0
0
0
0
0
0
0
0
0
0
0
0
0
0
0
0
0
0
0
0
0
0
0
0
0
0
0
0
0
0
0
0
0
0
0
0
0
0
0
0
0
0
0
0
0
0
0
0
0
0
0
0
0
0
0
0
0
0
0
0
0
0
0
0
0
0
0
0
0
0
0
0
0
0
0
0
0
0
0
0
0
0
0
0
0
0
0
0
0
0
0
0
0
0
0
0
0
0
0
0
0
0
0
0
0
0
0
0
0
0
0
0
0
0
0
0
0
0
0
0
0
0
0
0
0
0
0
0
0
0
0
0
0
0
0
0
0
0
0
0
0
0
0
0
0
0
0
0
0
0
0
0
0
0
0
0
0
0
0
0
0
0
0
0
0
0
0
0
0
0
0
0
0
0
0
0
0
0
0
0
0
0
0
0
0
0
0
0
0
0
0
0
0
0
0
0
0
0
0
0
0
0
0
0
0
0
0
0
0
0
0
0
0
0
0
0
0
0
0
0
0
0
0
0
0
0
0
0
0
0
0
0
0
0
0
0
0
0
0
0
0
0
0
0
0
0
0
0
0
0
0
0
0
0
0
0
0
0
0
0
0
0
0
0
0
0
0
0
0
0
0
0
0
0
0
0
0
0
0
0
0
0
0
0
0
0
0
0
0
0
0
0
0
0
0
0
0
0
0
0
0
0
0
0
0
0
0
0
0
0
0
0
0
0
0
0
0
0
0
0
0
0
0
0
0
0
0
0
0
0
0
0
0
0
0
0
0
0
0
0
0
0
0
0
0
0
0
0
0
0
0
0
0
0
0
0
0
0
0
0
0
0
0
0
0
0
0
0
0
0
0
0
0
0
0
0
0
0
0
0
0
0
0
0
0
0
0
0
0
0
0
0
0
0
0
0
0
0
0
0
0
0
0
0
0
0
0
0
0
0
0
0
0
0
0
0
0
0
0
0
0
0
0
0
0
