0
0
0
0
0
0
0
0
0
0
0
0
0
0
0
0
0
0
0
0
0
0
0
0
0
0
0
0
0
0
0
0
0
0
0
0
0
0
0
0
0
0
0
0
0
0
0
0
0
0
0
0
0
0
0
0
0
0
1
0
0
0
0
0
0
0
0
0
0
0
0
0
0
0
0
0
0
0
0
0
0
0
0
0
0
0
0
0
0
0
0
0
0
0
1
0
0
1
0
0
0
0
0
0
0
0
0
0
0
0
0
0
0
0
1
1
0
0
1
0
0
0
0
1
0
0
0
0
0
0
2
0
0
0
0
0
0
0
0
0
0
0
1
0
0
0
0
1
1
1
0
1
0
0
0
0
0
0
0
0
1
0
1
1
0
1
0
1
1
0
2
0
0
0
0
1
0
0
0
0
0
0
2
0
2
3
0
2
1
1
0
0
1
0
1
2
2
0
0
0
2
1
2
0
1
0
1
1
1
0
1
0
1
0
1
2
1
0
1
0
1
3
2
4
1
1
2
3
0
1
2
2
1
3
4
1
3
2
0
2
1
2
0
1
2
2
1
2
2
0
3
1
4
2
3
3
0
2
2
3
4
2
4
4
1
0
4
1
4
3
2
3
2
3
6
2
4
3
1
0
6
3
6
5
2
4
3
3
4
5
3
6
1
7
2
8
7
3
5
2
8
3
3
7
2
6
7
8
6
5
3
4
8
14
5
6
4
7
6
11
13
6
8
7
5
8
7
8
9
8
8
12
9
6
5
7
12
9
10
6
16
9
10
9
11
11
14
11
9
10
3
16
9
8
10
13
12
16
8
11
17
16
13
13
16
19
16
8
16
12
16
15
14
24
12
19
8
22
15
24
15
22
21
26
16
19
17
18
17
17
23
21
18
31
20
24
23
16
30
22
15
36
20
31
23
26
26
19
31
24
25
21
30
25
28
23
27
31
40
41
18
36
25
33
31
30
27
33
26
40
27
36
36
37
34
32
42
31
27
28
39
32
30
37
35
39
53
43
40
42
44
41
50
33
46
41
40
31
41
41
44
45
47
49
48
48
34
48
53
44
36
54
50
45
56
47
43
51
48
66
57
53
62
55
64
62
66
69
48
54
60
56
74
61
71
61
61
72
62
81
83
63
61
75
81
66
77
72
76
56
77
85
82
80
88
73
63
73
92
87
78
66
79
104
96
98
96
78
90
89
87
88
91
94
107
82
106
90
104
83
112
99
89
92
117
96
103
109
102
91
93
112
104
111
94
102
114
120
123
111
130
116
117
101
109
141
125
140
134
124
134
130
136
149
135
134
148
146
120
142
138
132
148
157
160
129
141
134
153
159
202
159
161
137
136
154
162
169
153
129
172
174
165
178
171
168
162
182
172
207
156
209
184
195
175
203
175
194
154
199
176
179
206
188
202
195
203
243
196
189
212
189
228
234
195
228
191
211
212
227
229
220
218
228
221
220
218
220
262
252
249
249
197
246
242
265
236
243
280
251
256
223
256
258
239
263
222
233
274
310
259
260
263
287
285
302
269
274
282
287
298
296
291
299
305
307
291
312
328
295
287
333
328
303
339
318
341
304
348
309
311
299
347
349
324
324
344
332
317
384
329
331
383
349
324
326
369
379
344
383
357
381
385
396
379
387
382
402
416
418
363
402
405
408
412
434
374
434
399
447
407
375
428
416
411
392
394
390
403
432
429
413
445
458
441
446
477
462
460
453
444
441
446
451
506
472
472
480
530
527
438
480
477
485
493
499
499
476
506
512
526
497
498
520
524
517
520
556
544
509
486
565
518
531
535
434
541
540
525
571
579
540
558
572
550
573
577
590
574
572
576
583
580
587
555
689
592
572
590
593
628
617
601
625
620
656
587
616
623
631
607
681
602
648
635
645
682
648
637
651
727
680
611
645
695
686
667
723
669
643
690
665
714
700
692
726
675
692
726
743
722
685
706
741
657
771
717
757
712
714
734
820
722
772
686
669
766
699
772
807
810
770
748
840
776
724
772
750
798
791
783
806
806
798
773
819
841
865
826
859
854
840
786
829
867
820
818
857
802
839
848
876
910
893
812
887
859
831
875
882
889
881
908
726
856
944
938
882
874
930
908
887
934
969
921
925
905
943
856
916
949
879
988
952
927
938
898
941
934
976
925
948
1016
954
948
989
979
988
981
956
1039
968
977
966
1030
998
962
1004
948
966
946
998
1025
1016
1012
1051
1050
959
1000
1083
1070
1044
1030
1082
1029
1027
1035
1035
1032
1060
1082
1126
1113
1075
1037
1095
1029
1004
1058
1101
1142
1103
906
1021
1080
1052
1128
1133
1091
1094
1086
1164
1126
1082
1093
1127
1140
1125
1113
1229
1154
1216
1165
1166
1141
1134
1153
1206
1170
1132
1160
1144
1187
1080
1175
1185
1140
1132
1119
1191
1164
1164
1159
1140
1215
1126
1211
1200
1221
1221
1259
1044
1170
1215
1264
1264
1193
1291
1199
1235
1250
1203
1218
1245
1236
1243
1168
1174
1268
1220
1235
1296
1293
1149
1243
1311
1253
1180
1290
1266
1227
1286
1251
1272
1299
1306
1274
1275
1200
1256
1260
1334
1331
1274
1301
1302
1368
1291
1208
1251
1272
1232
1303
1316
1290
1262
1362
1319
1308
1306
1318
1316
1342
1325
1226
1340
1342
1323
1313
1396
1331
1366
1298
1325
1373
1333
1337
1406
1346
1311
1228
1248
1318
1277
1335
1346
1404
1319
1260
1329
1326
1371
1313
1354
1250
1288
1316
1440
1383
1361
1378
1333
1416
1289
1383
1347
1392
1325
1399
1396
1422
1461
1313
1347
1356
1336
1400
1437
1386
1378
1341
1405
1445
1394
1263
1377
1382
1334
1285
1141
1439
1420
1324
1436
1415
1340
1316
1379
1441
1336
1330
1389
1322
1416
1316
1359
1401
1337
1431
1498
1338
1417
1436
1487
1398
1387
1311
1383
1386
1365
1339
1367
1417
1425
1372
1406
1373
1378
1354
1373
1403
1368
1303
1389
1367
1372
1293
1364
1450
1445
1413
1493
1434
1352
1395
1389
1373
1469
1400
1336
1369
1358
1382
1399
1366
1289
1443
1549
1359
1333
1329
1490
1473
1385
1439
1332
1441
1329
1238
1284
1366
1423
1433
1404
1393
1329
1310
1431
1371
1347
1416
1383
1391
1349
1348
1417
1412
1372
1461
1358
1425
1458
1345
1401
1389
1341
1369
1395
1433
1341
1338
1360
1401
1433
1342
1386
1361
1338
1381
1382
1350
1279
1343
1321
1369
1379
1366
1116
1378
1319
1346
1369
1334
1335
1300
1368
1332
1369
1360
1277
1339
1321
1258
1274
1324
1321
1445
1399
1362
1318
1338
1382
1275
1362
1295
1355
1352
1280
1320
1333
1330
1357
1315
1319
1364
1241
1331
1382
1367
1380
1246
1293
1372
1345
1188
1294
1357
1233
1349
1311
1322
1238
1259
1274
1252
1287
1186
1341
1305
1253
1208
1324
1331
1346
1287
1347
1324
1268
1216
1296
1224
1247
1228
1348
1255
1274
1142
1203
1178
1172
1262
1239
1208
1278
1236
1256
1229
1202
1136
1189
1234
1242
1197
1256
1197
1181
1143
1255
1301
1216
1189
1220
1146
1213
1190
1235
1184
1226
1165
1251
1209
1159
1235
1238
1203
1202
1156
1193
1166
1062
1147
1218
1194
1206
1164
972
1204
1136
1186
1213
1105
1175
1142
1168
1127
1102
1083
1171
1115
1071
1129
1124
1126
1147
1086
1192
1126
1031
1130
1141
1116
1063
1000
1132
1080
1103
1055
1051
1074
1129
1098
1130
1012
1096
1073
1090
1101
1072
1061
1086
1065
1046
908
1047
1065
1046
1060
1045
1038
1042
1037
1041
1071
998
1020
1024
1082
996
947
988
1060
960
981
1003
1053
961
943
1023
935
984
950
993
1034
965
918
868
990
938
956
1005
995
957
927
986
940
973
901
975
1014
899
914
950
963
936
972
1001
892
979
923
947
921
885
896
948
912
857
906
957
942
916
899
862
919
853
864
906
860
855
887
897
882
897
847
689
887
877
876
861
878
886
847
840
794
812
852
887
833
854
785
739
800
810
807
830
829
828
796
870
813
751
747
790
800
816
812
784
756
816
790
809
760
761
794
794
790
760
778
792
698
761
644
785
770
741
719
757
753
688
735
748
785
667
717
760
686
703
712
714
745
679
748
739
718
718
682
659
675
678
732
715
681
710
618
603
673
662
676
653
676
666
663
651
691
607
609
679
671
665
615
688
597
599
677
622
659
615
610
617
641
614
589
625
630
588
601
614
552
604
550
630
595
594
580
566
616
550
609
544
572
565
543
464
608
557
533
656
569
540
538
558
526
552
529
540
552
550
497
511
541
524
545
511
556
540
511
543
508
527
505
499
490
510
527
560
517
496
505
528
497
468
486
514
500
481
451
508
452
471
456
488
483
481
470
455
479
467
438
480
470
470
423
457
437
462
481
447
461
414
454
415
408
419
446
447
400
446
431
425
403
431
371
374
440
402
430
412
449
356
395
408
398
400
360
416
410
425
366
431
369
377
414
390
379
393
365
339
384
355
375
407
333
364
330
364
314
348
315
364
365
335
376
338
375
346
350
321
295
319
319
281
352
355
323
352
329
321
343
328
308
301
354
328
292
324
325
309
293
323
350
322
279
307
314
325
280
289
267
319
292
284
272
282
299
289
291
293
305
272
262
273
279
272
268
247
263
279
257
254
239
253
289
281
248
279
266
263
241
277
248
240
262
261
259
252
243
245
206
233
241
254
217
244
249
253
208
231
218
209
220
195
207
227
207
220
240
212
224
206
208
203
199
213
222
237
222
221
206
187
185
216
215
214
183
195
187
189
205
189
191
186
180
176
186
197
180
192
163
209
204
162
172
160
177
181
185
180
194
154
176
162
178
166
155
145
175
162
169
173
152
152
164
163
162
146
177
169
148
159
176
167
154
167
157
144
145
159
153
133
161
148
131
148
138
177
131
150
147
143
151
155
125
141
123
148
109
146
133
121
137
139
120
139
144
123
127
136
125
129
104
117
134
107
117
128
122
117
108
109
129
117
117
105
93
92
104
108
101
105
106
123
112
128
115
97
107
111
103
96
105
113
106
107
98
97
102
100
89
99
92
100
113
102
99
82
87
108
72
120
101
83
85
79
83
97
93
70
87
84
76
77
90
77
80
80
87
63
72
98
86
96
67
94
68
89
91
89
70
78
62
78
57
83
74
79
79
80
75
65
74
72
87
68
67
79
65
64
60
58
60
67
69
70
60
73
77
67
75
74
61
61
85
65
53
76
75
71
72
54
68
60
62
49
53
65
60
64
61
47
67
75
59
40
58
49
63
57
61
53
60
50
47
46
35
60
43
30
55
35
52
65
48
42
47
50
43
44
51
50
47
44
47
35
49
53
36
39
52
30
42
33
44
29
42
27
41
44
41
38
38
44
44
48
37
37
48
34
47
30
28
33
28
26
32
25
37
38
36
33
31
41
36
28
37
34
32
37
34
35
27
36
30
34
39
29
38
29
30
28
31
27
25
31
37
30
37
26
34
25
37
20
33
23
26
27
32
19
34
39
31
24
26
26
25
32
17
15
20
25
25
21
30
18
23
23
18
23
25
22
26
22
25
23
14
21
17
13
17
26
16
18
21
25
15
16
22
16
19
23
18
19
13
20
17
17
28
17
24
21
20
17
16
17
18
18
15
15
15
16
8
21
13
19
12
16
19
9
14
10
14
20
14
13
16
19
15
14
13
19
16
12
17
10
13
14
16
20
19
10
12
15
11
14
10
19
16
12
13
5
17
16
7
10
13
12
7
14
14
15
10
14
9
13
7
13
9
10
4
14
7
13
10
17
11
10
7
10
7
5
6
10
7
19
9
15
4
7
9
4
12
8
9
13
9
6
12
6
7
11
8
12
10
7
12
12
8
10
7
8
10
9
6
5
6
6
6
1
5
8
8
6
11
4
10
9
9
5
5
5
3
3
8
6
10
6
9
8
9
3
8
3
9
4
2
8
4
6
4
5
4
2
12
3
7
4
4
5
6
9
3
3
11
5
4
5
5
8
9
1
3
4
3
6
4
5
2
6
2
1
4
5
3
4
3
2
8
7
4
1
5
5
2
3
5
5
4
4
2
1
3
3
6
1
3
3
3
2
10
5
2
3
3
4
2
0
3
5
1
6
2
5
0
1
3
1
0
0
0
3
3
1
2
2
0
4
3
1
3
3
5
0
2
2
5
6
3
4
3
5
1
4
1
2
2
0
2
1
1
2
1
2
3
3
0
4
2
3
0
0
4
1
1
2
0
4
4
3
0
4
2
1
2
3
2
0
0
0
2
0
2
0
3
5
1
1
3
3
1
1
0
2
4
2
0
1
2
2
1
3
1
1
4
1
4
2
1
0
1
0
1
3
1
0
1
0
1
2
0
2
0
0
0
0
2
0
0
5
1
3
1
0
0
1
1
4
0
2
0
0
1
1
0
0
1
1
0
2
0
1
2
2
1
0
1
1
0
1
0
1
0
1
0
0
0
0
0
0
0
0
0
1
1
0
0
0
3
1
2
1
0
0
1
0
0
1
0
0
0
0
0
2
1
0
1
1
1
0
0
1
0
2
0
1
0
0
1
0
0
1
0
0
0
0
0
0
0
2
0
1
0
0
0
0
1
0
0
1
0
0
0
0
0
0
0
0
0
0
1
1
0
1
0
0
0
0
0
0
0
0
0
0
0
0
0
0
0
0
0
0
0
0
0
0
0
0
0
0
1
0
1
2
0
0
0
0
0
0
0
0
0
1
0
0
0
0
0
0
0
0
1
0
1
0
1
1
0
0
0
0
0
0
0
0
0
0
0
0
0
1
0
0
0
0
0
0
0
0
0
0
0
1
0
0
0
0
0
0
0
0
0
0
0
0
0
0
0
0
0
0
0
0
0
0
0
0
0
0
0
0
0
0
1
0
0
0
1
0
0
0
0
0
0
1
0
0
0
0
0
0
0
0
1
0
0
0
0
0
0
0
0
0
0
0
0
0
0
0
0
0
0
0
0
0
0
0
0
0
0
0
0
0
0
0
0
0
0
0
0
0
0
0
0
0
0
0
0
0
0
1
0
0
0
1
0
0
0
0
0
0
0
0
0
0
0
0
1
0
0
0
0
0
0
0
0
0
0
0
0
0
0
0
0
0
0
0
0
0
0
0
0
0
0
0
0
0
0
0
0
0
0
0
1
0
0
0
0
0
0
0
0
0
0
0
0
0
0
0
0
0
0
0
0
0
0
0
0
0
0
0
0
0
0
0
0
0
0
0
0
0
0
0
0
0
0
0
0
0
1
0
0
0
0
0
0
0
0
0
0
0
0
0
0
0
1
0
0
0
0
0
0
0
0
0
0
0
0
0
0
0
0
0
0
0
0
0
0
0
0
0
0
0
0
0
0
0
0
0
0
0
0
0
0
0
0
0
0
0
0
0
0
0
0
0
0
0
0
0
0
0
0
0
0
0
0
0
0
0
0
0
0
0
0
0
0
0
0
0
0
0
0
0
0
0
0
0
0
0
0
0
0
0
0
0
1
0
0
0
0
0
0
0
0
0
0
0
0
0
0
0
0
0
0
0
0
0
0
0
0
0
0
0
0
0
0
0
0
0
0
0
0
0
0
0
0
0
0
0
0
0
0
0
0
0
0
0
0
0
0
0
0
0
0
0
0
0
0
0
0
0
0
0
0
0
0
0
0
0
0
0
0
0
0
0
0
0
0
0
0
0
0
0
0
0
0
0
0
0
0
0
0
0
0
0
0
0
0
0
0
0
0
0
0
0
0
0
0
0
0
0
0
0
0
0
0
0
0
0
0
0
0
0
0
0
0
0
0
0
0
0
0
0
0
0
0
0
0
0
0
0
0
0
0
0
0
0
0
0
0
0
0
0
0
0
0
0
0
0
0
0
0
0
0
0
0
0
0
0
0
0
0
0
0
0
0
0
0
0
0
0
0
0
0
0
0
0
0
0
0
0
0
0
0
0
0
0
0
0
0
0
0
0
0
0
0
0
0
0
0
0
0
0
0
0
0
0
0
0
0
0
0
0
0
0
0
0
0
0
0
0
0
0
0
0
0
0
0
0
0
0
0
0
0
0
0
0
0
0
0
0
0
0
0
0
0
0
0
0
0
0
0
0
0
0
0
0
0
0
0
0
0
0
0
0
0
0
0
0
0
0
0
0
0
0
0
0
0
0
0
0
0
0
0
0
0
0
0
0
0
0
0
0
0
0
0
0
0
0
0
0
0
0
0
0
0
0
0
0
0
0
0
0
0
0
0
0
0
0
0
0
0
0
0
0
0
0
0
0
0
0
0
0
0
0
0
0
0
0
0
0
0
0
0
0
0
0
0
0
0
0
0
0
0
0
0
0
0
0
0
0
0
0
0
0
0
0
0
0
0
0
0
0
0
0
0
0
0
0
0
0
0
0
0
0
0
0
0
0
0
0
0
0
0
0
0
0
0
0
0
0
0
0
0
0
0
0
0
0
0
0
0
0
0
0
0
0
0
0
0
0
0
0
0
0
0
0
0
0
0
0
0
0
0
0
0
0
0
0
0
0
0
0
0
0
0
0
0
0
0
0
0
0
0
0
0
0
0
0
0
0
0
0
0
0
0
0
0
0
0
0
0
0
0
0
0
0
0
0
0
0
0
0
0
0
0
0
0
0
0
0
0
0
0
0
0
0
0
0
0
0
0
0
0
0
0
0
0
0
0
0
0
0
0
0
0
0
0
0
0
0
0
0
0
0
0
0
0
0
0
0
0
0
0
0
0
0
0
0
0
0
0
0
0
0
0
0
0
0
0
0
0
0
0
0
0
0
0
0
0
0
0
0
0
0
0
0
0
0
0
0
0
0
0
0
0
0
0
0
0
0
0
0
0
0
0
0
0
0
0
0
0
0
0
0
0
0
0
0
0
0
0
0
0
0
0
0
0
0
0
0
0
0
0
0
0
0
0
0
0
0
0
0
0
0
0
0
0
0
0
0
0
0
0
0
0
0
0
0
0
0
0
0
0
0
0
0
0
0
0
0
0
0
0
0
0
0
0
0
0
0
0
0
0
0
0
0
0
0
0
0
0
0
0
0
0
0
0
0
0
0
0
0
0
0
0
0
0
0
0
0
0
0
0
0
0
0
0
0
0
0
0
0
0
0
0
0
0
0
0
0
0
0
0
0
0
0
0
0
0
0
0
0
0
0
0
0
0
0
0
0
0
0
0
0
0
0
0
0
0
0
0
0
0
0
0
0
0
0
0
0
0
0
0
0
0
0
0
0
0
0
0
0
0
0
0
0
0
0
0
0
0
0
0
0
0
0
0
0
0
0
0
0
0
0
0
0
0
0
0
0
0
0
0
0
0
0
0
0
0
0
0
0
0
0
0
0
0
0
0
0
0
0
0
0
0
0
0
0
0
0
0
0
0
0
0
0
0
0
0
0
0
0
0
0
0
0
0
0
0
0
0
0
0
0
0
0
0
0
0
0
0
0
0
0
0
0
0
0
0
0
0
0
0
0
0
0
0
0
0
0
0
0
0
0
0
0
0
0
0
0
0
0
0
0
0
0
0
0
0
0
0
0
0
0
0
0
0
0
0
0
0
0
0
0
0
0
0
0
0
0
0
0
0
0
0
0
0
0
0
0
0
0
0
0
0
0
0
0
0
0
0
0
0
0
0
0
0
0
0
0
0
0
0
0
0
0
0
0
0
0
0
0
0
0
0
0
0
0
0
0
0
0
0
0
0
0
0
0
0
0
0
0
0
0
0
0
0
0
0
0
0
0
0
0
0
0
0
0
0
0
0
0
0
0
0
0
0
0
0
0
0
0
0
0
0
0
0
0
0
0
0
0
0
0
0
0
0
0
0
0
0
0
0
0
0
0
0
0
0
0
0
0
0
0
0
0
0
0
0
0
0
0
0
0
0
0
0
0
0
0
0
0
0
0
0
0
0
0
0
0
0
0
0
0
0
0
0
0
0
0
0
0
0
0
0
0
0
0
0
0
0
0
0
0
0
0
0
0
0
0
0
0
0
0
0
0
0
0
0
0
0
0
0
0
0
0
0
0
0
0
0
0
0
0
0
0
0
0
0
0
0
0
0
0
0
0
0
0
0
0
0
0
0
0
0
0
0
0
0
0
0
0
0
0
0
0
0
0
0
0
0
0
0
0
0
0
0
0
0
0
0
0
0
0
0
0
0
0
0
0
0
0
0
0
0
0
0
0
0
0
0
0
0
0
0
0
0
0
0
0
0
0
0
0
0
0
0
0
0
0
0
0
0
0
0
0
0
0
0
0
0
0
0
0
0
0
0
0
0
0
0
0
0
0
0
0
0
0
0
0
0
0
0
0
0
0
0
0
0
0
0
0
0
0
0
0
0
0
0
0
0
0
0
0
0
0
0
0
0
0
0
0
0
0
0
0
0
0
0
0
0
0
0
0
0
0
0
0
0
0
0
0
0
0
0
0
0
0
0
0
0
0
0
0
0
0
0
0
0
0
0
0
0
0
0
0
0
0
0
0
0
0
0
0
0
0
0
0
0
0
0
0
0
0
0
0
0
0
0
0
0
0
0
0
0
0
0
0
0
0
0
0
0
0
0
0
0
0
0
0
0
0
0
0
0
0
0
0
0
0
0
0
0
0
0
0
0
0
0
0
0
0
0
0
0
0
0
0
0
0
0
0
0
0
0
0
0
0
0
0
0
0
0
0
0
0
0
0
0
0
0
0
0
0
0
0
0
0
0
0
0
0
0
0
0
0
0
0
0
0
0
0
0
0
0
0
0
0
0
0
0
0
0
0
0
0
0
0
0
0
0
0
0
0
0
0
0
0
0
0
0
0
0
0
0
0
0
0
0
0
0
0
0
0
0
0
0
0
0
0
0
0
0
0
0
0
0
0
0
0
0
0
0
0
0
0
0
0
0
0
0
0
0
0
0
0
0
0
0
0
0
0
0
0
0
0
0
0
0
0
0
0
0
0
0
0
0
0
0
0
0
0
0
0
0
0
0
0
0
0
0
0
0
0
0
0
0
0
0
0
0
0
0
0
0
0
0
0
0
0
0
0
0
0
0
0
0
0
0
0
0
0
0
0
0
0
0
0
0
0
0
0
0
0
0
0
0
0
0
0
0
0
0
0
0
0
0
0
0
0
0
0
0
0
0
0
0
0
0
0
0
0
0
0
0
0
0
0
0
0
0
0
0
0
0
0
0
0
0
0
0
0
0
0
0
0
0
0
0
0
0
0
0
0
0
0
0
0
0
0
0
0
0
0
0
0
0
0
0
0
0
0
0
0
0
0
0
0
0
0
0
0
0
0
0
0
0
0
0
0
0
0
0
0
0
0
0
0
0
0
0
0
0
0
0
0
0
0
0
0
0
0
0
0
0
0
0
0
0
0
0
0
0
0
0
0
0
0
0
0
0
0
0
0
0
0
0
0
0
0
0
0
0
0
0
0
0
0
0
0
0
0
0
0
0
0
0
0
0
0
0
0
0
0
0
0
0
0
0
0
0
0
0
0
0
0
0
0
0
0
0
0
0
0
0
0
0
0
0
0
0
0
0
0
0
0
0
0
0
0
0
0
0
0
0
0
0
0
0
0
0
0
0
0
0
0
0
0
0
0
0
0
0
0
0
0
0
0
0
0
0
0
0
0
0
0
0
0
0
0
0
0
0
0
0
0
0
0
0
0
0
0
0
0
0
0
0
0
0
0
0
0
0
0
0
0
0
0
0
0
0
0
0
0
0
0
0
0
0
0
0
0
0
0
0
0
0
0
0
0
0
0
0
0
0
0
0
0
0
0
0
0
0
0
0
0
0
0
0
0
0
0
0
0
0
0
0
0
0
0
0
0
0
0
0
0
0
0
0
0
0
0
0
0
0
0
0
0
0
0
0
0
0
0
0
0
0
0
0
0
0
0
0
0
0
0
0
0
0
0
0
0
0
0
0
0
0
0
0
0
0
0
0
0
0
0
0
0
0
0
0
0
0
0
0
0
0
0
0
0
0
0
0
0
0
0
0
0
0
0
0
0
0
0
0
0
0
0
0
0
0
0
0
0
0
0
0
0
0
0
0
0
0
0
0
0
0
0
0
0
0
0
0
0
0
0
0
0
0
0
0
0
0
0
0
0
0
0
0
0
0
0
0
0
0
0
0
0
0
0
0
0
0
0
0
0
0
0
0
0
0
0
0
0
0
0
0
0
0
0
0
0
0
0
0
0
0
0
0
0
0
0
0
0
0
0
0
0
0
0
0
0
0
0
0
0
0
0
0
0
0
0
0
0
0
0
0
0
0
0
0
0
0
0
0
0
0
0
0
0
0
0
0
0
0
0
0
0
0
0
0
0
0
0
0
0
0
0
0
0
0
0
0
0
0
0
0
0
0
0
0
0
0
0
0
0
0
0
0
0
0
0
0
0
0
0
0
0
0
0
0
0
0
0
0
0
0
0
0
0
0
0
0
0
0
0
0
0
0
0
0
0
0
0
0
0
0
0
0
0
0
0
0
0
0
0
0
0
0
0
0
0
0
0
0
0
0
0
0
0
0
0
0
0
0
0
0
0
0
0
0
0
0
0
0
0
0
0
0
0
0
0
0
0
0
0
0
0
0
0
0
0
0
0
0
0
0
0
0
0
0
0
0
0
0
0
0
0
0
0
0
0
0
0
0
0
0
0
0
0
0
0
0
0
0
0
0
0
0
0
0
0
0
0
0
0
0
0
0
0
0
0
0
0
0
0
0
0
0
0
0
0
0
0
0
0
0
0
0
0
0
0
0
0
0
0
0
0
0
0
0
0
0
0
0
0
0
0
0
0
0
0
0
0
0
0
0
0
0
0
0
0
0
0
0
0
0
0
0
0
0
0
0
0
0
0
0
0
0
0
0
0
0
0
0
0
0
0
0
0
0
0
0
0
0
0
0
0
0
0
0
0
0
0
0
0
0
0
0
0
0
0
0
0
0
0
0
0
0
0
0
0
0
0
0
0
0
0
0
0
0
0
0
0
0
0
0
0
0
0
0
0
0
0
0
0
0
0
0
0
0
0
0
0
0
0
0
0
0
0
0
0
0
0
0
0
0
0
0
0
0
0
0
0
0
0
0
0
0
0
0
0
0
0
0
0
0
0
0
0
0
0
0
0
0
0
0
0
0
0
0
0
0
0
0
0
0
0
0
0
0
0
0
0
0
0
0
0
0
0
0
0
0
0
0
0
0
0
0
0
0
0
0
0
0
0
0
0
0
0
0
0
0
0
0
0
0
0
0
0
0
0
0
0
0
0
0
0
0
0
0
0
0
0
0
0
0
0
0
0
0
0
0
0
0
0
0
0
0
0
0
0
0
0
0
0
0
0
0
0
0
0
0
0
0
0
0
0
0
0
0
0
0
0
0
0
0
0
0
0
0
0
0
0
0
0
0
0
0
0
0
0
0
0
0
0
0
0
0
0
0
0
0
0
0
0
0
0
0
0
0
0
0
0
0
0
0
0
0
0
0
0
0
0
0
0
0
0
0
0
0
0
0
0
0
0
0
0
0
0
0
0
0
0
0
0
0
0
0
0
0
0
0
0
0
0
0
0
0
0
0
0
0
0
0
0
0
0
0
0
0
0
0
0
0
0
0
0
0
0
0
0
0
0
0
0
0
0
0
0
0
0
0
0
0
0
0
0
0
0
0
0
0
0
0
0
0
0
0
0
0
0
0
0
0
0
0
0
0
0
0
0
0
0
0
0
0
0
0
0
0
0
0
0
0
0
0
0
0
0
0
0
0
0
0
0
0
0
0
0
0
0
0
0
0
0
0
0
0
0
0
0
0
0
0
0
0
0
0
0
0
0
0
0
0
0
0
0
0
0
0
0
0
0
0
0
0
0
0
0
0
0
0
0
0
0
0
0
0
0
0
0
0
0
0
0
0
0
0
0
0
0
0
0
0
0
0
0
0
0
0
0
0
0
0
0
0
0
0
0
0
0
0
0
0
0
0
0
0
0
0
0
0
0
0
0
0
0
0
0
0
0
0
0
0
0
0
0
0
0
0
0
0
0
0
0
0
0
0
0
0
0
0
0
0
0
0
0
0
0
0
0
0
0
0
0
0
0
0
0
0
0
0
0
0
0
0
0
0
0
0
0
0
0
0
0
0
0
0
0
0
0
0
0
0
0
0
0
0
0
0
0
0
0
0
0
0
0
0
0
0
0
0
0
0
0
0
0
0
0
0
0
0
0
0
0
0
0
0
0
0
0
0
0
0
0
0
0
0
0
0
0
0
0
0
0
0
0
0
0
0
0
0
0
0
0
0
0
0
0
0
0
0
0
0
0
0
0
0
0
0
0
0
0
0
0
0
0
0
0
0
0
0
0
0
0
0
0
0
0
0
0
0
0
0
0
0
0
0
0
0
0
0
0
0
0
0
0
0
0
0
0
0
0
0
0
0
0
0
0
0
0
0
0
0
0
0
0
0
0
0
0
0
0
0
0
0
0
0
0
0
0
0
0
0
0
0
0
0
0
0
0
0
0
0
0
0
0
0
0
0
0
0
0
0
0
0
0
0
0
0
0
0
0
0
0
0
0
0
0
0
0
0
0
0
0
0
0
0
0
0
0
0
0
0
0
0
0
0
0
0
0
0
0
0
0
0
0
0
0
0
0
0
0
0
0
0
0
0
0
0
0
0
0
0
0
0
0
0
0
0
0
0
0
0
0
0
0
0
0
0
0
0
0
0
0
0
0
0
0
0
0
0
0
0
0
0
0
0
0
0
0
0
0
0
0
0
0
0
0
0
0
0
0
0
0
0
0
0
0
0
0
0
0
0
0
0
0
0
0
0
0
0
0
0
0
0
0
0
0
0
0
0
0
0
0
0
0
0
0
0
0
0
0
0
0
0
0
0
0
0
0
0
0
0
0
0
0
0
0
0
0
0
0
0
0
0
0
0
0
0
0
0
0
0
0
0
0
0
0
0
0
0
0
0
0
0
0
0
0
0
0
0
0
0
0
0
0
0
0
0
0
0
0
0
0
0
0
0
0
0
0
0
0
0
0
0
0
0
0
0
0
0
0
0
0
0
0
0
0
0
0
0
0
0
0
0
0
0
0
0
0
0
0
0
0
0
0
0
0
0
0
0
0
0
0
0
0
0
0
0
0
0
0
0
0
0
0
0
0
0
0
0
0
0
0
0
0
0
0
0
0
0
0
0
0
0
0
0
0
0
0
0
0
0
0
0
0
0
0
0
0
0
0
0
0
0
0
0
0
0
0
0
0
0
0
0
0
0
0
0
0
0
0
0
0
0
0
0
0
0
0
0
0
0
0
0
0
0
0
0
0
0
0
0
0
0
0
0
0
0
0
0
0
0
0
0
0
0
0
0
0
0
0
0
0
0
0
0
0
0
0
0
0
0
0
0
0
0
0
0
0
0
0
0
0
0
0
0
0
0
0
0
0
0
0
0
0
0
0
0
0
0
0
0
0
0
0
0
0
0
0
0
0
0
0
0
0
0
0
0
0
0
0
0
0
0
0
0
0
0
0
0
0
0
0
0
0
0
0
0
0
0
0
0
0
0
0
0
0
0
0
0
0
0
0
0
0
0
0
0
0
0
0
0
0
0
0
0
0
0
0
0
0
0
0
0
0
0
0
0
0
0
0
0
0
0
0
0
0
0
0
0
0
0
0
0
0
0
0
0
0
0
0
0
0
0
0
0
0
0
0
0
0
0
0
0
0
0
0
0
0
0
0
0
0
0
0
0
0
0
0
0
0
0
0
0
0
0
0
0
0
0
0
0
0
0
0
0
0
0
0
0
0
0
0
0
0
0
0
0
0
0
0
0
0
0
0
0
0
0
0
0
0
0
0
0
0
0
0
0
0
0
0
0
0
0
0
0
0
0
0
0
0
0
0
0
0
0
0
0
0
0
0
0
0
0
0
0
0
0
0
0
0
0
0
0
0
0
0
0
0
0
0
0
0
0
0
0
0
0
0
0
0
0
0
0
0
0
0
0
0
0
0
0
0
0
0
0
0
0
0
0
0
0
0
0
0
0
0
0
0
0
0
0
0
0
0
0
0
0
0
0
0
0
0
0
0
0
0
0
0
0
0
0
0
0
0
0
0
0
0
0
0
0
0
0
0
0
0
0
0
0
0
0
0
0
0
0
0
0
0
0
0
0
0
0
0
0
0
0
0
0
0
0
0
0
0
0
0
0
0
0
0
0
0
0
0
0
0
0
0
0
0
0
0
0
0
0
0
0
0
0
0
0
0
0
0
0
0
0
0
0
0
0
0
0
0
0
0
0
0
0
0
0
0
0
0
0
0
0
0
0
0
0
0
0
0
0
0
0
0
0
0
0
0
0
0
0
0
0
0
0
0
0
0
0
0
0
0
0
0
0
0
0
0
0
0
0
0
0
0
0
0
0
0
0
0
0
0
0
0
0
0
0
0
0
0
0
0
0
0
0
0
0
0
0
0
0
0
0
0
0
0
0
0
0
0
0
0
0
0
0
0
0
0
0
0
0
0
0
0
0
0
0
0
0
0
0
0
0
0
0
0
0
0
0
0
0
0
0
0
0
0
0
0
0
0
0
0
0
0
0
0
0
0
0
0
0
0
0
0
0
0
0
0
0
0
0
0
0
0
0
0
0
0
0
0
0
0
0
0
0
0
0
0
0
0
0
0
0
0
0
0
0
0
0
0
0
0
0
0
0
0
0
0
0
0
0
0
0
0
0
0
0
0
0
0
0
0
0
0
0
0
0
0
0
0
0
0
0
0
0
0
0
0
0
0
0
0
0
0
0
0
0
0
0
0
0
0
0
0
0
0
0
0
0
0
0
0
0
0
0
0
0
0
0
0
0
0
0
0
0
0
0
0
0
0
0
0
0
0
0
0
0
0
0
0
0
0
0
0
0
0
0
0
0
0
0
0
0
0
0
0
0
0
0
0
0
0
0
0
0
0
0
0
0
0
0
0
0
0
0
0
0
0
0
0
0
0
0
0
0
0
0
0
0
0
0
0
0
0
0
0
0
0
0
0
0
0
0
0
0
0
0
0
0
0
0
0
0
0
0
0
0
0
0
0
0
0
0
0
0
0
0
0
0
0
0
0
0
0
0
0
0
0
0
0
0
0
0
0
0
0
0
0
0
0
0
0
0
0
0
0
0
0
0
0
0
0
0
0
0
0
0
0
0
0
0
0
0
0
0
0
0
0
0
0
0
0
0
0
0
0
0
0
0
0
0
0
0
0
0
0
0
0
0
0
0
0
0
0
0
0
0
0
0
0
0
0
0
0
0
0
0
0
0
0
0
0
0
0
0
0
0
0
0
0
0
0
0
0
0
0
0
0
0
0
0
0
0
0
0
0
0
0
0
0
0
0
0
0
0
0
0
0
0
0
0
0
0
0
0
0
0
0
0
0
0
0
0
0
0
0
0
0
0
0
0
0
0
0
0
0
0
0
0
0
0
0
0
0
0
0
0
0
0
0
0
0
0
0
0
0
0
0
0
0
0
0
0
0
0
0
0
0
0
0
0
0
0
0
0
0
0
0
0
0
0
0
0
0
0
0
0
0
0
0
0
0
0
0
0
0
0
0
0
0
0
0
0
0
0
0
0
0
0
0
0
0
0
0
0
0
0
0
0
0
0
0
0
0
0
0
0
0
0
0
0
0
0
0
0
0
0
0
0
0
0
0
0
0
0
0
0
0
0
0
0
0
0
0
0
0
0
0
0
0
0
0
0
0
0
0
0
0
0
0
0
0
0
0
0
0
0
0
0
0
0
0
0
0
0
0
0
0
0
0
0
0
0
0
0
0
0
0
0
0
0
0
0
0
0
0
0
0
0
0
0
0
0
0
0
0
0
0
0
0
0
0
0
0
0
0
0
0
0
0
0
0
0
0
0
0
0
0
0
0
0
0
0
0
0
0
0
0
0
0
0
0
0
0
0
0
0
0
0
0
0
0
0
0
0
0
0
0
0
0
0
0
0
0
0
0
0
0
0
0
0
0
0
0
0
0
0
0
0
0
0
0
0
0
0
0
0
0
0
0
0
0
0
0
0
0
0
0
0
0
0
0
0
0
0
0
0
0
0
0
0
0
0
0
0
0
0
0
0
0
0
0
0
0
0
0
0
0
0
0
0
0
0
0
0
0
0
0
0
0
0
0
0
0
0
0
0
0
0
0
0
0
0
0
0
0
0
0
0
0
0
0
0
0
0
0
0
0
0
0
0
0
0
0
0
0
0
0
0
0
0
0
0
0
0
0
0
0
0
0
0
0
0
0
0
0
0
0
0
0
0
0
0
0
0
0
0
0
0
0
0
0
0
0
0
0
0
0
0
0
0
0
0
0
0
0
0
0
0
0
0
0
0
0
0
0
0
0
0
0
0
0
0
0
0
0
0
0
0
0
0
0
0
0
0
0
0
0
0
0
0
0
0
0
0
0
0
0
0
0
0
0
0
0
0
0
0
0
0
0
0
0
0
0
0
0
0
0
0
0
0
0
0
0
0
0
0
0
0
0
0
0
0
0
0
0
0
0
0
0
0
0
0
0
0
0
0
0
0
0
0
0
0
0
0
0
0
0
0
0
0
0
0
0
0
0
0
0
0
0
0
0
0
0
0
0
0
0
0
0
0
0
0
0
0
0
0
0
0
0
0
0
0
0
0
0
0
0
0
0
0
0
0
0
0
0
0
0
0
0
0
0
0
0
0
0
0
0
0
0
0
0
0
0
0
0
0
0
0
0
0
0
0
0
0
0
0
0
0
0
0
0
0
0
0
0
0
0
0
0
0
0
0
0
0
0
0
0
0
0
0
0
0
0
0
0
0
0
0
0
0
0
0
0
0
0
0
0
0
0
0
0
0
0
0
0
0
0
0
0
0
0
0
0
0
0
0
0
0
0
0
0
0
0
0
0
0
0
0
0
0
0
0
0
0
0
