0
0
0
0
0
0
0
0
0
0
0
0
0
0
0
0
0
0
0
0
0
0
0
0
0
0
0
0
0
0
0
0
0
0
0
0
0
0
0
0
0
0
0
0
1
0
0
1
0
0
0
0
0
0
0
0
0
0
0
0
0
1
0
0
0
1
0
2
0
1
1
0
0
1
0
1
0
0
1
0
0
0
0
0
0
0
0
1
0
0
0
1
0
0
0
3
0
1
1
2
0
0
0
1
0
1
0
0
0
0
0
0
0
0
0
0
1
0
0
0
0
0
0
0
0
0
0
0
0
1
1
0
0
1
0
0
0
1
0
2
0
0
0
0
2
1
0
0
1
2
1
0
1
0
0
0
0
1
0
1
2
0
0
0
1
1
1
0
2
2
2
0
0
2
0
0
0
3
1
3
0
0
0
2
1
2
1
2
3
1
0
3
1
1
2
0
1
2
0
1
1
1
1
4
0
2
1
2
1
0
1
2
1
2
4
2
3
2
3
0
2
1
0
0
1
2
0
2
2
1
1
1
0
2
1
1
5
0
1
5
3
2
4
1
1
3
1
1
3
3
0
1
4
4
0
4
0
3
1
4
2
7
1
5
3
4
1
4
3
3
2
4
3
4
4
1
3
2
1
4
4
5
2
1
3
3
3
1
2
2
6
1
3
3
4
2
2
5
3
3
1
4
7
4
4
5
2
6
5
5
4
0
7
4
5
3
5
2
5
6
3
4
4
8
8
4
3
8
3
2
4
8
10
4
5
2
7
7
7
6
4
7
1
5
5
7
2
7
6
8
7
4
7
11
5
5
7
6
13
6
8
5
10
7
13
4
5
9
8
10
10
8
8
8
7
9
6
12
5
9
11
8
10
8
7
9
9
5
15
13
7
14
11
5
10
12
10
12
12
14
12
8
14
16
15
11
13
10
11
9
15
9
13
9
15
16
20
19
17
13
16
10
11
21
9
11
9
18
7
12
8
15
16
15
15
11
22
16
18
14
11
15
18
20
23
20
29
15
15
21
19
16
12
18
17
18
23
13
17
17
21
14
19
19
20
21
22
19
22
27
24
22
13
25
21
20
22
15
28
20
15
18
31
22
21
21
27
28
21
17
25
33
18
23
22
25
27
26
24
35
20
24
28
29
28
28
28
26
30
29
27
34
21
31
34
37
28
34
38
26
37
34
27
31
27
32
32
35
36
30
34
36
42
37
27
36
46
42
28
34
42
40
36
42
44
40
52
34
45
36
37
36
42
38
41
31
42
44
47
43
54
39
47
41
44
40
39
44
57
42
57
45
44
49
52
49
63
50
60
47
55
50
39
40
50
65
63
49
45
63
48
52
57
52
77
62
53
50
67
49
66
60
55
66
52
54
63
58
57
60
57
87
58
68
67
62
76
64
54
55
58
66
80
65
75
69
71
58
73
64
78
83
79
80
73
69
60
87
72
76
101
79
80
89
73
79
92
86
71
84
75
94
98
80
92
75
103
106
90
105
87
89
86
110
81
99
81
94
90
84
98
93
114
99
80
99
96
100
130
109
111
99
93
90
118
91
96
109
108
112
93
113
103
103
117
132
123
118
100
137
125
141
113
125
115
121
146
132
121
139
114
131
126
129
117
124
124
143
128
143
128
132
131
116
108
128
121
136
158
154
124
142
148
148
168
143
152
127
133
146
143
188
137
151
140
130
146
118
165
145
167
166
156
162
155
167
161
155
163
167
161
194
145
175
171
169
167
177
176
165
160
190
167
155
183
170
183
195
181
183
186
176
190
172
186
189
198
192
203
196
203
177
201
205
211
157
200
223
194
191
213
218
200
204
225
218
218
207
201
238
209
203
206
193
247
200
199
217
215
266
232
232
226
221
213
222
231
230
234
229
232
268
257
221
238
233
252
237
227
263
236
238
242
263
245
243
253
255
297
259
277
279
248
253
277
264
285
263
251
258
278
262
278
285
271
291
265
296
310
308
278
302
286
286
265
255
282
275
351
305
324
295
313
318
313
334
305
266
324
314
305
325
346
280
337
349
352
296
322
288
349
328
356
341
345
347
375
319
351
347
359
355
332
379
301
380
379
352
357
352
338
370
362
286
353
366
380
380
368
381
386
371
374
373
380
392
369
393
369
380
358
440
396
410
426
381
396
418
407
403
427
441
408
381
425
401
392
418
414
448
425
441
378
449
433
420
407
436
462
442
411
424
481
451
494
440
458
467
441
498
463
456
498
469
493
423
462
488
499
477
471
503
489
478
483
466
487
496
495
518
512
525
424
471
479
512
525
522
480
488
523
510
534
483
481
529
499
515
488
562
491
508
500
575
544
557
516
528
550
510
500
561
539
570
553
558
536
552
592
609
573
568
570
619
580
566
591
597
610
573
592
462
574
614
565
599
579
583
634
610
593
607
595
665
640
627
575
592
605
615
670
651
657
613
588
611
649
686
598
671
605
649
635
643
663
693
627
694
617
648
642
712
685
665
719
719
688
698
696
675
675
669
724
706
691
660
726
712
701
708
674
725
732
661
687
766
672
706
822
744
728
705
688
748
724
753
731
732
717
762
646
679
714
777
700
742
756
739
739
700
761
773
767
769
790
747
721
783
732
754
723
811
767
827
781
791
813
798
840
825
824
794
733
791
835
759
867
843
879
817
774
856
810
858
818
846
832
811
816
694
834
854
860
867
864
877
852
894
876
857
803
852
878
858
789
821
842
833
886
901
889
845
793
846
883
881
855
856
899
916
928
914
852
885
869
930
866
896
907
991
850
852
909
897
962
891
817
901
945
922
928
1003
972
894
964
955
901
937
909
999
920
893
908
907
962
941
963
979
1001
932
946
984
969
975
967
936
966
988
847
894
1000
969
963
1016
950
1018
989
969
979
1009
989
1047
989
1055
955
1013
940
1022
1023
1047
1045
1050
999
1044
1035
1001
960
1024
1028
977
1064
980
1093
988
1025
1095
1031
1084
963
1031
1064
1071
1078
1082
960
1000
1059
834
1094
961
1052
1077
1069
1057
1089
1059
1086
1093
1065
1087
1109
1052
998
1058
1018
1091
1134
1120
1059
1000
1046
1073
1055
1059
1087
1071
1098
1094
1057
1143
1122
1103
1018
1099
1057
1080
1077
1124
1128
1159
1028
1086
1129
1130
994
1199
1104
1154
1118
1105
1111
1126
1137
1110
1094
1056
1120
1144
1166
1069
1072
1104
1176
1136
1132
1140
1155
1117
1119
1165
1132
1152
1122
1147
1131
1090
984
996
1148
1163
1157
1231
1163
1176
1086
1172
1166
1149
1108
1176
1170
1159
1136
1167
1207
1158
1154
1136
1164
1187
1149
1196
1146
1215
1109
1140
1163
1120
1100
1147
1146
1112
1172
1119
1157
1151
1090
1237
1158
1155
1112
1230
1148
1196
1067
959
1203
1157
1130
1208
1138
1136
1226
1208
1150
1222
1155
1174
1173
1192
1083
1176
1196
1162
1153
1177
1126
1210
1230
1229
1186
1187
1114
1199
1184
1173
1165
1217
1208
1167
1138
1231
1218
1180
1176
1226
1166
1155
1147
1189
1233
1162
1169
1231
1130
1155
1242
1191
1216
1208
1171
1236
1197
1203
1171
1198
1169
1209
1156
1195
1179
1177
1149
1266
1144
1206
1213
1127
1115
1239
1209
1208
1172
1144
1074
1051
1242
1196
1193
1215
1158
1170
1119
1186
1188
1155
1114
1215
1180
1119
1161
1249
1173
1169
1194
1175
1188
1134
1095
1184
1183
1209
1204
1129
1161
1164
1155
1118
1171
1147
1148
1212
1157
1123
1131
1146
1133
1180
1180
1160
1159
1173
1056
954
1175
1203
1183
1138
1149
1153
1116
1184
1192
1127
1119
1203
1150
1195
1139
1135
1218
1113
1128
1122
1188
1073
1194
1204
1096
1126
1095
1145
1160
1144
1152
1151
1164
1104
1168
1156
1164
1123
1053
1207
1044
1043
1172
1153
1114
1097
1035
1111
1142
1112
1146
1093
1197
1067
1170
1134
1059
1082
1092
1107
1137
1068
1074
1066
1123
1086
1129
1132
1089
1136
1088
1063
1126
1086
1102
1164
1033
1138
974
993
1211
1071
1111
1094
1105
1015
1125
1095
1101
1077
1062
1053
1074
1083
1014
1103
1084
1058
1126
1107
1058
1080
1016
1098
1129
1085
1098
1083
1127
1048
1077
1060
1072
1069
1053
1075
1065
1130
1074
1083
1006
1021
1035
1064
1093
1066
980
876
1083
1027
1039
1017
1024
979
993
1010
1052
1044
969
1068
977
1043
964
1005
981
1073
1046
1090
1056
1010
992
991
1022
985
1011
999
1019
990
1055
1026
956
992
1029
1025
1025
995
999
993
923
990
969
1033
1011
1016
859
985
1011
948
1009
1018
932
990
938
1027
951
952
933
976
970
952
940
949
923
956
941
939
926
980
863
1043
916
959
950
1002
946
945
803
844
913
961
964
925
915
930
908
932
958
865
869
915
1010
939
913
921
907
856
927
923
885
858
916
907
888
911
898
916
942
830
866
906
906
849
807
850
833
868
840
879
844
866
798
849
915
829
784
739
812
831
816
814
812
841
855
807
861
767
799
854
854
810
853
807
809
803
791
849
822
845
817
867
855
801
791
807
825
780
812
817
807
789
749
785
844
748
746
752
796
761
744
803
784
753
726
751
770
716
819
787
773
796
705
773
759
773
720
784
781
734
744
775
741
706
728
725
700
716
697
747
753
757
692
741
705
714
719
640
717
740
700
735
673
685
711
703
659
691
641
663
684
671
682
672
706
697
683
688
680
626
659
677
667
695
636
621
679
679
609
679
602
642
674
701
646
636
673
684
635
639
626
624
625
609
647
528
611
619
625
612
660
634
595
639
602
615
610
621
618
561
590
611
602
532
576
565
621
610
603
598
561
570
587
565
600
622
534
588
549
533
573
573
561
585
552
574
572
548
561
567
581
524
512
554
569
543
538
593
580
514
503
510
543
524
523
531
575
459
535
536
515
515
521
557
514
517
543
512
499
549
465
497
491
468
470
432
471
468
532
493
447
460
485
519
452
490
486
536
469
479
443
491
480
505
478
471
486
440
452
459
426
443
453
482
473
433
420
444
465
449
454
464
462
456
434
464
440
432
418
435
428
452
400
367
421
400
419
431
430
410
387
384
375
408
424
420
413
397
385
377
413
385
401
403
367
368
401
373
399
403
392
406
399
373
413
377
379
406
359
366
375
359
348
398
378
335
375
395
397
363
363
344
351
373
358
333
343
341
350
376
352
330
330
333
329
353
334
351
292
327
335
378
339
355
320
337
326
320
306
367
332
340
285
291
343
343
314
346
334
298
320
297
293
297
296
282
304
288
288
325
287
320
279
301
292
272
305
288
315
294
295
292
270
268
257
339
266
267
271
265
275
263
275
318
275
272
242
274
251
255
238
207
255
243
251
257
242
248
256
247
237
250
272
245
249
234
244
238
264
243
253
248
254
227
256
223
243
219
196
223
221
231
232
261
218
208
235
217
204
233
218
211
224
236
220
202
196
187
205
231
179
203
215
192
235
210
175
258
200
202
199
199
184
191
206
228
180
194
205
226
199
186
211
197
211
203
198
201
188
167
179
176
144
177
177
189
164
188
183
179
169
186
172
164
182
175
171
168
189
160
156
177
158
160
175
138
148
196
154
186
176
166
143
152
173
161
165
160
149
152
150
167
151
148
149
167
153
145
146
109
133
146
146
159
134
151
136
146
121
143
145
139
141
124
132
147
156
151
167
139
155
120
113
129
142
117
154
153
143
136
120
122
116
126
105
137
126
105
114
112
129
109
136
113
117
136
119
120
129
117
124
118
105
116
112
107
105
114
105
100
109
126
102
117
98
93
96
91
112
108
120
121
112
100
128
104
104
91
101
83
81
114
103
97
100
110
95
96
86
114
107
101
78
84
92
91
99
103
97
84
80
106
104
110
91
80
90
75
92
100
86
97
86
90
82
88
78
72
65
82
77
77
89
91
88
79
87
78
75
72
74
78
89
84
70
84
72
76
66
63
57
71
70
70
73
82
68
66
70
56
54
77
58
76
63
86
62
62
63
62
55
71
76
70
66
59
73
62
66
61
61
57
47
71
61
52
63
55
59
74
48
40
57
59
62
60
70
59
61
41
39
54
62
49
49
51
51
40
49
64
61
44
59
54
51
29
47
45
42
58
46
47
53
48
49
54
45
53
42
37
44
40
46
43
42
57
54
42
54
49
38
39
35
38
48
33
52
43
42
35
50
48
39
38
41
40
32
33
41
40
38
39
47
49
38
41
47
34
35
34
40
33
35
34
47
31
35
32
36
30
41
43
35
25
39
30
42
28
37
28
40
28
41
41
43
28
32
30
26
31
27
37
23
22
26
30
25
34
33
33
33
33
29
29
33
16
26
31
24
31
29
21
24
17
30
19
27
17
28
25
23
25
27
32
26
17
27
22
16
24
17
27
22
34
22
30
28
29
21
19
21
19
30
23
15
23
21
25
21
18
28
7
19
26
19
14
16
28
23
22
18
23
16
22
18
23
19
16
16
26
22
17
19
26
21
17
21
19
15
17
14
20
20
13
15
16
20
17
16
17
12
15
16
10
15
17
19
26
20
13
15
16
18
11
16
9
16
15
7
10
12
16
11
6
17
9
16
10
13
9
14
11
10
13
13
9
10
21
12
15
8
11
17
8
20
17
17
9
17
4
17
10
9
6
8
11
13
13
12
9
7
6
15
10
22
13
5
6
9
9
10
7
5
7
12
8
8
11
10
7
10
13
9
7
9
3
6
12
7
2
10
11
15
16
13
5
10
10
10
10
5
9
14
11
9
11
5
14
12
10
12
7
3
6
4
10
5
15
7
10
11
3
4
2
7
5
6
9
4
8
6
6
9
9
8
12
6
7
7
4
10
3
11
8
4
5
6
6
7
6
8
5
9
8
8
11
5
5
6
5
4
6
6
3
5
2
4
6
5
4
8
6
5
7
1
4
6
3
5
2
2
7
7
4
7
1
4
7
7
10
2
7
4
2
2
5
5
7
4
3
3
6
7
5
3
5
0
1
4
3
4
2
3
4
5
4
1
8
4
5
3
1
6
4
2
2
3
3
6
7
3
2
3
3
2
2
4
3
3
2
5
1
2
0
2
5
2
3
0
4
3
2
1
5
2
7
1
2
4
5
1
1
3
1
3
4
4
2
0
1
3
1
1
4
2
1
2
2
2
2
3
1
2
4
0
0
2
4
4
4
1
1
2
4
6
1
4
2
2
2
3
2
1
0
3
4
3
3
4
2
1
1
1
3
2
1
2
2
1
3
1
2
0
1
1
0
2
4
1
1
2
1
0
1
1
0
1
2
1
0
2
2
1
1
1
2
1
1
2
0
3
0
1
0
0
2
0
2
2
0
0
1
1
6
0
1
4
0
0
3
1
1
0
1
0
0
1
3
1
1
1
0
0
1
1
3
1
0
4
2
1
2
0
0
1
1
0
1
2
1
2
1
1
1
0
1
0
4
1
1
2
0
1
2
0
0
0
1
1
1
0
1
0
1
0
1
2
0
2
0
1
0
1
2
2
1
0
1
0
1
1
0
1
1
0
1
0
0
1
1
1
0
0
0
0
1
0
0
0
1
1
0
0
0
0
0
0
1
2
1
1
0
1
0
0
0
0
0
0
0
0
3
0
1
0
0
0
1
0
0
0
1
0
1
0
1
0
0
0
0
1
0
1
0
0
0
0
1
1
1
0
0
1
1
0
0
0
0
0
0
1
0
0
0
1
1
0
1
0
0
0
0
1
1
0
1
1
0
0
0
1
0
0
0
0
0
1
0
1
0
0
0
0
0
0
0
0
1
0
1
1
0
1
0
0
0
0
0
0
0
0
0
1
0
0
0
0
0
0
0
0
0
0
2
0
0
0
0
0
0
0
0
0
1
0
0
0
0
0
0
0
0
0
0
0
0
0
0
0
0
0
0
0
0
0
0
0
0
0
1
1
0
0
0
0
0
0
0
0
0
0
0
0
1
0
2
1
0
0
0
2
0
0
0
0
0
0
0
0
0
0
0
0
0
0
0
0
0
0
0
0
1
0
0
0
0
0
1
0
0
1
0
0
0
0
1
0
1
0
0
0
0
0
1
0
0
0
0
0
0
0
0
0
0
0
0
0
0
0
0
0
0
0
0
0
0
0
0
0
0
0
0
0
0
0
0
0
0
0
0
0
0
0
0
0
0
0
0
0
0
0
0
0
0
0
0
0
0
0
0
0
0
0
0
0
0
0
0
0
0
0
0
0
0
0
0
0
0
0
0
0
0
0
0
0
0
0
0
0
0
0
0
0
0
0
0
0
0
0
0
0
0
0
0
0
0
0
0
0
0
0
0
0
0
0
0
0
0
0
0
0
0
0
0
0
0
0
0
0
0
0
0
0
0
0
0
0
0
0
0
0
0
0
0
0
0
0
0
0
0
0
0
0
0
0
0
0
0
0
0
0
0
0
0
0
0
1
0
0
0
0
0
0
0
0
0
0
0
0
1
0
0
0
0
0
0
0
0
0
0
0
0
0
0
0
0
1
0
0
0
0
0
0
0
0
0
0
0
0
0
0
0
0
0
0
0
0
0
0
1
0
0
0
0
0
0
0
0
0
0
0
1
0
0
0
0
0
0
0
0
0
0
0
0
0
0
0
0
0
0
0
0
0
0
0
0
0
0
0
0
0
0
0
0
0
0
0
0
0
0
0
0
0
0
0
0
0
0
0
0
0
0
0
0
0
0
0
0
0
0
0
0
0
0
0
0
0
0
0
0
0
0
0
0
0
0
0
0
0
0
0
0
0
0
0
0
0
0
0
0
0
0
0
0
0
0
0
0
0
0
0
0
0
0
0
0
0
0
0
0
0
0
0
0
0
0
0
0
0
0
0
0
0
0
0
0
0
0
0
0
0
0
0
0
0
0
0
0
0
0
0
0
0
0
0
0
0
0
0
0
0
0
0
0
0
0
0
0
0
0
0
0
0
0
0
0
0
0
0
0
0
0
0
0
0
0
0
0
0
0
0
0
0
0
0
0
0
0
0
0
0
0
0
0
0
0
0
0
0
0
0
0
0
0
0
0
0
0
0
0
0
0
0
0
0
0
0
0
0
0
0
0
0
0
0
0
0
0
0
0
0
0
0
0
0
0
0
0
0
0
0
0
0
0
0
0
0
0
0
0
0
0
0
0
0
0
0
0
0
0
0
0
0
0
0
0
0
0
0
0
0
0
0
0
0
0
0
0
0
0
0
0
0
0
0
0
0
0
0
0
0
0
0
0
0
0
0
0
0
0
0
0
0
0
0
0
0
0
0
0
0
0
0
0
0
0
0
0
0
0
0
0
0
0
0
0
0
0
0
0
0
0
0
0
0
0
0
0
0
0
0
0
0
0
0
0
0
0
0
0
0
0
0
0
0
0
0
0
0
0
0
0
0
0
0
0
0
0
0
0
0
0
0
0
0
0
0
0
0
0
0
0
0
0
0
0
0
0
0
0
0
0
0
0
0
0
0
0
0
0
0
0
0
0
0
0
0
0
0
0
0
0
0
0
0
0
0
0
0
0
0
0
0
0
0
0
0
0
0
0
0
0
0
0
0
0
0
0
0
0
0
0
0
0
0
0
0
0
0
0
0
0
0
0
0
0
0
0
0
0
0
0
0
0
0
0
0
0
0
0
0
0
0
0
0
0
0
0
0
0
0
0
0
0
0
0
0
0
0
0
0
0
0
0
0
0
0
0
0
0
0
0
0
0
0
0
0
0
0
0
0
0
0
0
0
0
0
0
0
0
0
0
0
0
0
0
0
0
0
0
0
0
0
0
0
0
0
0
0
0
0
0
0
0
0
0
0
0
0
0
0
0
0
0
0
0
0
0
0
0
0
0
0
0
0
0
0
0
0
0
0
0
0
0
0
0
0
0
0
0
0
0
0
0
0
0
0
0
0
0
0
0
0
0
0
0
0
0
0
0
0
0
0
0
0
0
0
0
0
0
0
0
0
0
0
0
0
0
0
0
0
0
0
0
0
0
0
0
0
0
0
0
0
0
0
0
0
0
0
0
0
0
0
0
0
0
0
0
0
0
0
0
0
0
0
0
0
0
0
0
0
0
0
0
0
0
0
0
0
0
0
0
0
0
0
0
0
0
0
0
0
0
0
0
0
0
0
0
0
0
0
0
0
0
0
0
0
0
0
0
0
0
0
0
0
0
0
0
0
0
0
0
0
0
0
0
0
0
0
0
0
0
0
0
0
0
0
0
0
0
0
0
0
0
0
0
0
0
0
0
0
0
0
0
0
0
0
0
0
0
0
0
0
0
0
0
0
0
0
0
0
0
0
0
0
0
0
0
0
0
0
0
0
0
0
0
0
0
0
0
0
0
0
0
0
0
0
0
0
0
0
0
0
0
0
0
0
0
0
0
0
0
0
0
0
0
0
0
0
0
0
0
0
0
0
0
0
0
0
0
0
0
0
0
0
0
0
0
0
0
0
0
0
0
0
0
0
0
0
0
0
0
0
0
0
0
0
0
0
0
0
0
0
0
0
0
0
0
0
0
0
0
0
0
0
0
0
0
0
0
0
0
0
0
0
0
0
0
0
0
0
0
0
0
0
0
0
0
0
0
0
0
0
0
0
0
0
0
0
0
0
0
0
0
0
0
0
0
0
0
0
0
0
0
0
0
0
0
0
0
0
0
0
0
0
0
0
0
0
0
0
0
0
0
0
0
0
0
0
0
0
0
0
0
0
0
0
0
0
0
0
0
0
0
0
0
0
0
0
0
0
0
0
0
0
0
0
0
0
0
0
0
0
0
0
0
0
0
0
0
0
0
0
0
0
0
0
0
0
0
0
0
0
0
0
0
0
0
0
0
0
0
0
0
0
0
0
0
0
0
0
0
0
0
0
0
0
0
0
0
0
0
0
0
0
0
0
0
0
0
0
0
0
0
0
0
0
0
0
0
0
0
0
0
0
0
0
0
0
0
0
0
0
0
0
0
0
0
0
0
0
0
0
0
0
0
0
0
0
0
0
0
0
0
0
0
0
0
0
0
0
0
0
0
0
0
0
0
0
0
0
0
0
0
0
0
0
0
0
0
0
0
0
0
0
0
0
0
0
0
0
0
0
0
0
0
0
0
0
0
0
0
0
0
0
0
0
0
0
0
0
0
0
0
0
0
0
0
0
0
0
0
0
0
0
0
0
0
0
0
0
0
0
0
0
0
0
0
0
0
0
0
0
0
0
0
0
0
0
0
0
0
0
0
0
0
0
0
0
0
0
0
0
0
0
0
0
0
0
0
0
0
0
0
0
0
0
0
0
0
0
0
0
0
0
0
0
0
0
0
0
0
0
0
0
0
0
0
0
0
0
0
0
0
0
0
0
0
0
0
0
0
0
0
0
0
0
0
0
0
0
0
0
0
0
0
0
0
0
0
0
0
0
0
0
0
0
0
0
0
0
0
0
0
0
0
0
0
0
0
0
0
0
0
0
0
0
0
0
0
0
0
0
0
0
0
0
0
0
0
0
0
0
0
0
0
0
0
0
0
0
0
0
0
0
0
0
0
0
0
0
0
0
0
0
0
0
0
0
0
0
0
0
0
0
0
0
0
0
0
0
0
0
0
0
0
0
0
0
0
0
0
0
0
0
0
0
0
0
0
0
0
0
0
0
0
0
0
0
0
0
0
0
0
0
0
0
0
0
0
0
0
0
0
0
0
0
0
0
0
0
0
0
0
0
0
0
0
0
0
0
0
0
0
0
0
0
0
0
0
0
0
0
0
0
0
0
0
0
0
0
0
0
0
0
0
0
0
0
0
0
0
0
0
0
0
0
0
0
0
0
0
0
0
0
0
0
0
0
0
0
0
0
0
0
0
0
0
0
0
0
0
0
0
0
0
0
0
0
0
0
0
0
0
0
0
0
0
0
0
0
0
0
0
0
0
0
0
0
0
0
0
0
0
0
0
0
0
0
0
0
0
0
0
0
0
0
0
0
0
0
0
0
0
0
0
0
0
0
0
0
0
0
0
0
0
0
0
0
0
0
0
0
0
0
0
0
0
0
0
0
0
0
0
0
0
0
0
0
0
0
0
0
0
0
0
0
0
0
0
0
0
0
0
0
0
0
0
0
0
0
0
0
0
0
0
0
0
0
0
0
0
0
0
0
0
0
0
0
0
0
0
0
0
0
0
0
0
0
0
0
0
0
0
0
0
0
0
0
0
0
0
0
0
0
0
0
0
0
0
0
0
0
0
0
0
0
0
0
0
0
0
0
0
0
0
0
0
0
0
0
0
0
0
0
0
0
0
0
0
0
0
0
0
0
0
0
0
0
0
0
0
0
0
0
0
0
0
0
0
0
0
0
0
0
0
0
0
0
0
0
0
0
0
0
0
0
0
0
0
0
0
0
0
0
0
0
0
0
0
0
0
0
0
0
0
0
0
0
0
0
0
0
0
0
0
0
0
0
0
0
0
0
0
0
0
0
0
0
0
0
0
0
0
0
0
0
0
0
0
0
0
0
0
0
0
0
0
0
0
0
0
0
0
0
0
0
0
0
0
0
0
0
0
0
0
0
0
0
0
0
0
0
0
0
0
0
0
0
0
0
0
0
0
0
0
0
0
0
0
0
0
0
0
0
0
0
0
0
0
0
0
0
0
0
0
0
0
0
0
0
0
0
0
0
0
0
0
0
0
0
0
0
0
0
0
0
0
0
0
0
0
0
0
0
0
0
0
0
0
0
0
0
0
0
0
0
0
0
0
0
0
0
0
0
0
0
0
0
0
0
0
0
0
0
0
0
0
0
0
0
0
0
0
0
0
0
0
0
0
0
0
0
0
0
0
0
0
0
0
0
0
0
0
0
0
0
0
0
0
0
0
0
0
0
0
0
0
0
0
0
0
0
0
0
0
0
0
0
0
0
0
0
0
0
0
0
0
0
0
0
0
0
0
0
0
0
0
0
0
0
0
0
0
0
0
0
0
0
0
0
0
0
0
0
0
0
0
0
0
0
0
0
0
0
0
0
0
0
0
0
0
0
0
0
0
0
0
0
0
0
0
0
0
0
0
0
0
0
0
0
0
0
0
0
0
0
0
0
0
0
0
0
0
0
0
0
0
0
0
0
0
0
0
0
0
0
0
0
0
0
0
0
0
0
0
0
0
0
0
0
0
0
0
0
0
0
0
0
0
0
0
0
0
0
0
0
0
0
0
0
0
0
0
0
0
0
0
0
0
0
0
0
0
0
0
0
0
0
0
0
0
0
0
0
0
0
0
0
0
0
0
0
0
0
0
0
0
0
0
0
0
0
0
0
0
0
0
0
0
0
0
0
0
0
0
0
0
0
0
0
0
0
0
0
0
0
0
0
0
0
0
0
0
0
0
0
0
0
0
0
0
0
0
0
0
0
0
0
0
0
0
0
0
0
0
0
0
0
0
0
0
0
0
0
0
0
0
0
0
0
0
0
0
0
0
0
0
0
0
0
0
0
0
0
0
0
0
0
0
0
0
0
0
0
0
0
0
0
0
0
0
0
0
0
0
0
0
0
0
0
0
0
0
0
0
0
0
0
0
0
0
0
0
0
0
0
0
0
0
0
0
0
0
0
0
0
0
0
0
0
0
0
0
0
0
0
0
0
0
0
0
0
0
0
0
0
0
0
0
0
0
0
0
0
0
0
0
0
0
0
0
0
0
0
0
0
0
0
0
0
0
0
0
0
0
0
0
0
0
0
0
0
0
0
0
0
0
0
0
0
0
0
0
0
0
0
0
0
0
0
0
0
0
0
0
0
0
0
0
0
0
0
0
0
0
0
0
0
0
0
0
0
0
0
0
0
0
0
0
0
0
0
0
0
0
0
0
0
0
0
0
0
0
0
0
0
0
0
0
0
0
0
0
0
0
0
0
0
0
0
0
0
0
0
0
0
0
0
0
0
0
0
0
0
0
0
0
0
0
0
0
0
0
0
0
0
0
0
0
0
0
0
0
0
0
0
0
0
0
0
0
0
0
0
0
0
0
0
0
0
0
0
0
0
0
0
0
0
0
0
0
0
0
0
0
0
0
0
0
0
0
0
0
0
0
0
0
0
0
0
0
0
0
0
0
0
0
0
0
0
0
0
0
0
0
0
0
0
0
0
0
0
0
0
0
0
0
0
0
0
0
0
0
0
0
0
0
0
0
0
0
0
0
0
0
0
0
0
0
0
0
0
0
0
0
0
0
0
0
0
0
0
0
0
0
0
0
0
0
0
0
0
0
0
0
0
0
0
0
0
0
0
0
0
0
0
0
0
0
0
0
0
0
0
0
0
0
0
0
0
0
0
0
0
0
0
0
0
0
0
0
0
0
0
0
0
0
0
0
0
0
0
0
0
0
0
0
0
0
0
0
0
0
0
0
0
0
0
0
0
0
0
0
0
0
0
0
0
0
0
0
0
0
0
0
0
0
0
0
0
0
0
0
0
0
0
0
0
0
0
0
0
0
0
0
0
0
0
0
0
0
0
0
0
0
0
0
0
0
0
0
0
0
0
0
0
0
0
0
0
0
0
0
0
0
0
0
0
0
0
0
0
0
0
0
0
0
0
0
0
0
0
0
0
0
0
0
0
0
0
0
0
0
0
0
0
0
0
0
0
0
0
0
0
0
0
0
0
0
0
0
0
0
0
0
0
0
0
0
0
0
0
0
0
0
0
0
0
0
0
0
0
0
0
0
0
0
0
0
0
0
0
0
0
0
0
0
0
0
0
0
0
0
0
0
0
0
0
0
0
0
0
0
0
0
0
0
0
0
0
0
0
0
0
0
0
0
0
0
0
0
0
0
0
0
0
0
0
0
0
0
0
0
0
0
0
0
0
0
0
0
0
0
0
0
0
0
0
0
0
0
0
0
0
0
0
0
0
0
0
0
0
0
0
0
0
0
0
0
0
0
0
0
0
0
0
0
0
0
0
0
0
0
0
0
0
0
0
0
0
0
0
0
0
0
0
0
0
0
0
0
0
0
0
0
0
0
0
0
0
0
0
0
0
0
0
0
0
0
0
0
0
0
0
0
0
0
0
0
0
0
0
0
0
0
0
0
0
0
0
0
0
0
0
0
0
0
0
0
0
0
0
0
0
0
0
0
0
0
0
0
0
0
0
0
0
0
0
0
0
0
0
0
0
0
0
0
0
0
0
0
0
0
0
0
0
0
0
0
0
0
0
0
0
0
0
0
0
0
0
0
0
0
0
0
0
0
0
0
0
0
0
0
0
0
0
0
0
0
0
0
0
0
0
0
0
0
0
0
0
0
0
0
0
0
0
0
0
0
0
0
0
0
0
0
0
0
0
0
0
0
0
0
0
0
0
0
0
0
0
0
0
0
0
0
0
0
0
0
0
0
0
0
0
0
0
0
0
0
0
0
0
0
0
0
0
0
0
0
0
0
0
0
0
0
0
0
0
0
0
0
0
0
0
0
0
0
0
0
0
0
0
0
0
0
0
0
0
0
0
0
0
0
0
0
0
0
0
0
0
0
0
0
0
0
0
0
0
0
0
0
0
0
0
0
0
0
0
0
0
0
0
0
0
0
0
0
0
0
0
0
0
0
0
0
0
0
0
0
0
0
0
0
0
0
0
0
0
0
0
0
0
0
0
0
0
0
0
0
0
0
0
0
0
0
0
0
0
0
0
0
0
0
0
0
0
0
0
0
0
0
0
0
0
0
0
0
0
0
0
0
0
0
0
0
0
0
0
0
0
0
0
0
0
0
0
0
0
0
0
0
0
0
0
0
0
0
0
0
0
0
0
0
0
0
0
0
0
0
0
0
0
0
0
0
0
0
0
0
0
0
0
0
0
0
0
0
0
0
0
0
0
0
0
0
0
0
0
0
0
0
0
0
0
0
0
0
0
0
0
0
0
0
0
0
0
0
0
0
0
0
0
0
0
0
0
0
0
0
0
0
0
0
0
0
0
0
0
0
0
0
0
0
0
0
0
0
0
0
0
0
0
0
0
0
0
0
0
0
0
0
0
0
0
0
0
0
0
0
0
0
0
0
0
0
0
0
0
0
0
0
0
0
0
0
0
0
0
0
0
0
0
0
0
0
0
0
0
0
0
0
0
0
0
0
0
0
0
0
0
0
0
0
0
0
0
0
0
0
0
0
0
0
0
0
0
0
0
0
0
0
0
0
0
0
0
0
0
0
0
0
0
0
0
0
0
0
0
0
0
0
0
0
0
0
0
0
0
0
0
0
0
0
0
0
0
0
0
0
0
0
0
0
0
0
0
0
0
0
0
0
0
0
0
0
0
0
0
0
0
0
0
0
0
0
0
0
0
0
0
0
0
0
0
0
0
0
0
0
0
0
0
0
0
0
0
0
0
0
0
0
0
0
0
0
0
0
0
0
0
0
0
0
0
0
0
0
0
0
0
0
0
0
0
0
0
0
0
0
0
0
0
0
0
0
0
0
0
0
0
0
0
0
0
0
0
0
0
0
0
0
0
0
0
0
0
0
0
0
0
0
0
0
0
0
0
0
0
0
0
0
0
0
0
0
0
0
0
0
0
0
0
0
0
0
0
0
0
0
0
0
0
0
0
0
0
0
0
0
0
0
0
0
0
0
0
0
0
0
0
0
0
0
0
0
0
0
0
0
0
0
0
0
0
0
0
0
0
0
0
0
0
0
0
0
0
0
0
0
0
0
0
0
0
0
0
0
0
0
0
0
0
0
0
0
0
0
0
0
0
0
0
0
0
0
0
0
0
0
0
0
0
0
0
0
0
0
0
0
0
0
0
0
0
0
0
0
0
0
0
0
0
0
0
0
0
0
0
0
0
0
0
0
0
0
0
0
0
0
0
0
0
0
0
0
0
0
0
0
0
0
0
0
0
0
0
0
0
0
0
0
0
0
0
0
0
0
0
0
0
0
0
0
0
0
0
0
0
0
0
0
0
0
0
0
0
0
0
0
0
0
0
0
0
0
0
0
0
0
0
0
0
0
0
0
0
0
0
0
0
0
0
0
0
0
0
0
0
0
0
0
0
0
0
0
0
0
0
0
0
0
0
0
0
0
0
0
0
0
0
0
0
0
0
0
0
0
0
0
0
0
0
0
0
0
0
0
0
0
0
0
0
0
0
0
0
0
0
0
0
0
0
0
0
0
0
0
0
0
0
0
0
0
0
0
0
0
0
0
0
0
0
0
0
0
0
0
0
0
0
0
0
0
0
0
0
0
0
0
0
0
0
0
0
0
0
0
0
0
0
0
0
0
0
0
0
0
0
0
0
0
0
0
0
0
0
0
0
0
0
0
0
0
0
0
0
0
0
0
0
0
0
0
0
0
0
0
0
0
0
0
0
0
0
0
0
0
0
0
0
0
0
0
0
0
0
0
0
0
0
0
0
0
0
0
0
0
0
0
0
0
0
0
0
0
0
0
0
0
0
0
0
0
0
0
0
0
0
0
0
0
0
0
0
0
0
0
0
0
0
0
0
0
0
0
0
0
0
0
0
0
0
0
0
0
0
0
0
0
0
0
0
0
0
0
0
0
0
0
0
0
0
0
0
0
0
0
0
0
0
0
0
0
0
0
0
0
0
0
0
0
0
0
0
0
0
0
0
0
0
0
0
0
0
0
0
0
0
0
0
0
0
0
0
0
0
0
0
0
0
0
0
0
0
0
0
0
0
0
0
0
0
0
0
0
0
0
0
0
0
0
0
0
0
0
0
0
0
0
0
0
0
0
0
0
0
0
0
0
0
0
0
0
0
0
0
0
0
0
0
0
0
0
0
0
0
0
0
0
0
0
0
0
0
0
0
0
0
0
0
0
0
0
0
0
0
0
0
0
0
0
0
0
0
0
0
0
0
0
0
0
0
0
0
0
0
0
0
0
0
0
0
0
0
0
0
0
0
0
0
0
0
0
0
0
0
0
0
0
0
0
0
0
0
0
0
0
0
0
0
0
0
0
0
0
0
0
0
0
0
0
0
0
0
0
0
0
0
0
0
0
0
0
0
0
0
0
0
0
0
0
0
0
0
0
0
0
0
0
0
0
0
0
0
0
0
0
0
0
0
0
0
0
0
0
0
0
0
0
0
0
0
0
0
0
0
0
0
0
0
0
0
0
0
0
0
0
0
0
0
0
0
0
0
0
0
0
0
0
0
0
0
0
0
0
0
0
0
0
0
0
0
0
0
0
0
0
0
0
0
0
0
0
0
0
0
0
0
0
0
0
0
0
0
0
0
0
0
0
0
0
0
0
0
0
0
0
0
0
0
0
0
0
0
0
0
0
0
0
0
0
0
0
0
0
0
0
0
0
0
0
0
0
0
0
0
0
0
0
0
0
0
0
0
0
0
0
0
0
0
0
0
0
0
0
0
0
0
0
0
0
0
0
0
0
0
0
0
0
0
0
0
0
0
0
0
0
0
0
0
0
0
0
0
0
0
0
0
0
0
0
0
0
0
0
0
0
0
0
0
0
0
0
0
0
0
0
0
0
0
0
0
0
0
0
0
0
0
0
0
0
0
0
0
0
0
0
0
0
0
0
0
0
0
0
0
0
0
0
0
0
0
0
0
0
0
0
0
0
0
0
0
0
0
0
0
0
0
0
0
0
0
0
0
0
0
0
0
0
0
0
0
0
0
0
0
0
0
0
0
0
0
0
0
0
0
0
0
0
0
0
0
0
0
0
0
0
0
0
0
0
0
0
0
0
0
0
0
0
0
0
0
0
0
0
0
0
0
0
0
0
0
0
0
0
0
0
0
0
0
0
0
0
0
0
0
0
0
0
0
0
0
0
0
0
0
0
0
0
0
0
0
0
0
0
0
0
0
0
0
0
0
0
0
0
0
0
0
0
0
0
0
0
0
0
0
0
0
0
0
0
0
0
0
0
0
0
0
0
