0
0
0
1
0
0
0
0
0
0
0
0
0
0
0
0
0
0
0
0
0
0
0
0
0
0
0
0
0
0
0
0
0
0
0
0
0
0
0
0
0
0
0
0
0
0
0
0
0
1
0
0
0
0
0
0
0
0
1
0
0
0
0
0
0
0
0
0
0
0
0
0
0
0
0
0
0
0
0
0
0
0
0
0
0
0
0
1
0
0
1
1
0
0
0
0
0
0
0
0
0
0
0
0
0
0
0
1
0
0
0
0
0
0
0
1
0
0
0
0
0
0
0
0
0
0
0
0
0
0
0
0
0
0
0
0
0
0
0
0
0
0
0
1
0
0
1
1
0
0
0
0
0
0
0
0
0
0
0
0
0
0
1
0
0
0
1
0
0
0
0
0
0
0
0
0
0
0
0
0
1
0
0
0
1
0
0
1
0
0
0
0
0
0
0
0
0
1
1
0
0
0
0
0
0
0
1
0
0
0
0
0
0
0
0
1
0
0
0
0
0
0
1
0
0
0
1
0
0
0
0
0
0
0
0
0
0
1
1
0
1
1
0
0
0
0
1
1
1
1
1
0
0
0
1
0
2
0
1
0
0
0
1
0
0
0
2
1
0
0
0
3
0
0
0
0
1
0
0
0
0
0
0
0
0
0
1
1
0
0
0
1
1
0
1
0
0
0
1
0
0
1
0
0
1
0
1
0
0
0
0
0
0
1
0
0
0
0
1
0
1
0
0
1
1
1
1
2
0
0
1
0
0
0
2
0
0
0
1
0
0
1
1
0
0
1
1
1
1
0
0
1
0
0
0
0
0
0
0
0
2
3
1
2
3
1
0
1
1
1
0
0
2
0
2
0
0
0
1
2
2
1
1
0
2
1
3
3
2
0
1
1
0
0
1
1
0
2
2
0
1
1
0
0
2
1
0
0
1
3
1
1
0
2
1
2
1
1
2
1
3
3
1
2
2
2
3
2
1
1
0
2
2
1
1
0
0
3
4
0
1
0
0
0
1
2
2
3
3
1
1
1
3
3
1
2
1
1
1
1
5
3
0
0
1
0
1
4
0
0
2
3
3
2
2
1
1
1
2
0
6
2
3
5
3
3
3
0
0
2
1
2
0
1
0
0
1
1
2
6
3
5
6
1
2
4
3
5
4
3
4
1
1
5
3
4
0
4
2
4
4
6
0
3
4
3
4
3
2
4
4
0
3
1
6
5
3
2
1
3
5
2
4
6
5
3
2
5
5
6
4
5
7
5
3
4
7
2
4
2
9
4
4
6
4
3
2
4
4
1
4
1
2
5
6
6
5
3
7
5
7
2
5
3
5
6
5
6
3
6
2
7
4
4
4
2
7
3
8
5
7
9
2
2
4
3
6
13
7
1
8
9
7
4
4
6
2
7
4
3
6
5
11
4
8
1
3
5
6
8
3
6
5
5
4
7
3
9
6
8
9
2
10
9
2
8
10
2
5
1
9
2
10
6
9
10
10
11
9
5
7
10
11
5
12
11
8
3
8
8
8
1
4
8
5
11
9
4
6
8
9
7
10
7
8
8
7
9
7
6
10
8
9
12
10
7
7
10
7
6
8
12
10
7
6
6
9
14
11
10
3
13
9
9
17
9
6
6
8
11
9
7
10
15
15
9
10
10
7
8
10
20
12
8
8
14
14
14
18
11
10
7
14
9
10
17
12
11
16
8
6
21
11
10
10
13
8
13
15
17
12
10
14
13
12
12
17
14
11
7
13
12
16
20
8
19
11
17
16
16
8
15
5
22
18
9
15
17
15
18
19
17
16
15
14
13
16
15
15
13
20
19
13
20
20
15
22
15
20
19
19
14
18
16
19
12
12
19
22
30
16
16
11
22
18
18
14
27
15
22
14
20
18
23
14
29
19
28
23
25
19
18
19
26
22
26
20
14
30
16
17
20
18
15
17
18
28
22
21
23
18
19
14
26
25
22
19
24
17
27
20
34
28
24
17
23
27
24
24
27
17
23
32
26
35
30
28
29
22
37
28
28
20
21
30
26
22
13
31
24
18
29
26
29
31
31
22
23
30
30
25
23
25
24
32
28
28
35
40
32
24
34
36
14
33
26
32
22
24
32
37
38
29
28
30
36
30
28
24
26
32
36
33
41
38
34
35
33
32
33
33
34
37
40
37
38
23
35
43
37
28
36
38
47
42
34
29
47
30
32
36
30
37
49
39
34
31
41
37
47
39
29
36
38
43
28
33
35
41
35
29
45
44
32
50
36
42
43
35
36
38
42
27
40
38
56
40
41
34
44
44
40
42
37
44
38
35
45
48
42
44
48
44
45
39
51
49
65
61
44
50
50
43
51
41
55
47
52
40
43
52
59
49
60
57
53
34
47
50
60
50
39
60
45
49
52
66
49
65
64
57
62
42
59
57
58
65
48
63
55
71
64
54
42
56
53
57
48
61
74
75
44
57
64
52
51
68
65
67
62
74
63
74
71
69
76
69
56
52
71
80
63
61
57
68
60
59
77
75
67
61
76
63
64
68
66
61
55
73
64
74
59
75
80
63
62
58
86
59
83
58
58
75
63
79
74
85
57
58
70
65
69
73
69
75
69
67
86
76
75
72
76
81
88
81
97
80
74
73
63
89
71
68
87
89
67
85
90
88
81
80
84
88
88
90
95
85
94
70
56
78
76
83
108
82
90
68
74
77
101
100
86
76
83
79
84
87
81
99
90
87
93
101
95
99
105
101
92
82
77
99
90
96
101
96
107
81
104
93
107
94
106
87
85
83
114
98
118
96
90
121
95
85
105
83
123
105
88
92
107
125
117
107
99
112
110
97
107
103
116
110
111
137
92
125
114
116
125
96
108
123
111
120
129
108
113
129
113
119
137
105
115
122
117
120
127
113
112
109
131
138
131
119
130
144
121
116
138
118
141
127
112
108
130
145
143
137
120
138
129
154
132
120
146
134
135
121
117
103
135
141
132
162
147
150
156
152
129
131
159
166
148
143
162
142
126
119
135
165
147
142
136
165
146
155
146
151
162
116
150
138
128
141
144
146
130
185
165
156
140
141
155
135
146
147
133
157
148
157
154
162
155
151
155
160
151
160
151
171
186
150
164
187
164
167
159
171
172
168
140
153
156
175
169
167
171
144
134
167
157
177
179
166
186
186
187
163
185
177
176
185
172
158
160
170
176
189
178
194
178
170
189
198
169
184
182
182
186
217
180
194
189
171
219
188
183
186
192
203
207
168
168
178
214
197
199
205
187
189
217
207
180
212
182
226
230
186
211
194
218
197
211
224
173
215
230
199
198
221
223
215
228
222
241
211
203
219
187
233
217
226
217
207
235
229
226
249
230
216
251
223
219
200
228
226
209
219
232
232
228
225
230
212
249
215
235
226
210
243
227
236
231
244
208
251
234
231
262
253
236
244
258
244
203
219
213
207
252
254
272
234
248
256
237
244
243
246
267
267
250
275
256
254
259
284
271
252
236
278
260
229
244
239
283
261
266
274
260
248
236
265
252
250
263
273
295
270
250
277
318
285
288
256
216
275
284
287
276
284
276
263
261
275
259
302
313
262
274
278
257
284
308
292
274
305
323
264
295
275
303
269
304
274
301
288
316
289
319
306
279
320
303
287
297
312
330
308
306
292
296
251
323
318
310
321
313
320
297
284
328
314
329
318
314
302
298
327
290
308
346
298
345
350
335
290
331
358
315
319
329
322
332
317
301
310
299
337
367
338
327
322
347
326
350
330
333
333
327
335
333
379
358
353
398
310
344
323
332
368
377
317
332
357
364
345
377
317
362
349
345
372
335
357
369
351
355
334
363
366
399
327
282
368
372
373
389
358
367
382
355
406
394
373
413
376
390
334
335
370
368
382
352
374
382
393
366
358
397
390
399
383
410
381
401
365
423
384
379
384
376
378
412
428
409
427
405
394
396
352
401
437
406
369
389
399
422
393
405
368
427
404
403
384
407
370
412
418
402
416
461
401
434
389
420
422
391
380
419
422
446
358
362
424
388
421
413
413
454
415
427
445
411
433
452
413
404
412
441
439
418
424
447
436
435
448
441
425
445
420
513
431
449
446
483
415
434
457
499
431
474
408
479
482
417
436
497
469
449
440
387
446
423
472
484
465
462
438
462
492
474
462
471
467
455
451
465
488
494
460
487
429
485
477
486
480
488
445
458
468
467
486
493
464
480
496
476
479
466
464
492
479
469
486
474
469
480
451
473
510
483
508
508
486
465
470
473
515
474
440
500
469
470
495
502
523
532
527
523
489
537
526
501
486
504
489
515
500
474
445
483
570
479
560
508
499
494
542
488
515
526
504
560
572
496
565
513
553
504
537
540
508
503
515
577
549
521
514
511
535
558
541
542
550
543
531
541
513
505
555
521
548
527
538
541
564
527
524
454
560
588
564
593
591
543
526
492
545
564
578
529
539
565
541
530
538
538
599
582
582
541
598
544
575
544
612
584
596
543
569
554
559
557
603
538
625
535
554
601
595
578
564
537
559
542
529
615
595
537
585
615
594
603
572
583
547
596
548
582
556
582
601
562
570
600
570
617
599
612
579
594
587
599
557
581
615
584
518
576
614
601
586
585
613
593
598
622
629
590
610
633
603
603
590
610
617
593
623
642
587
625
619
600
625
640
602
628
603
598
599
598
650
638
635
617
637
603
666
655
658
673
604
618
578
633
592
521
656
650
638
599
641
638
678
640
582
636
595
667
641
627
657
640
645
641
637
691
625
585
642
670
692
651
668
675
629
655
636
645
613
633
635
625
680
609
610
656
663
667
642
702
658
635
606
635
705
641
671
673
618
608
657
642
694
665
676
714
661
660
686
656
697
635
636
684
715
649
653
691
726
659
623
670
649
720
599
625
694
685
651
693
632
686
671
668
725
652
685
701
648
670
670
712
653
660
656
686
655
678
630
655
708
724
637
692
659
639
669
693
697
640
715
743
676
703
695
666
678
689
696
709
698
702
700
597
648
687
660
690
689
663
665
705
729
695
686
686
660
709
660
655
724
686
682
691
694
679
653
700
668
659
687
747
715
665
713
718
749
653
667
714
723
653
673
717
716
712
705
698
668
697
660
691
659
715
705
717
696
717
677
705
663
702
697
689
716
650
682
717
721
714
702
740
696
718
730
770
745
765
729
760
713
664
701
628
704
724
724
718
728
655
672
699
760
715
692
692
696
725
704
729
736
659
748
726
729
721
643
734
756
725
721
723
737
675
733
688
715
744
659
743
747
720
720
750
703
713
716
739
782
744
701
636
716
715
699
792
713
717
723
754
714
685
687
766
735
766
632
714
734
762
716
791
746
736
684
754
697
750
685
696
718
762
705
719
739
688
748
709
689
704
679
698
755
704
673
780
738
699
697
691
685
676
767
712
699
712
685
730
718
762
687
730
698
702
674
745
683
707
687
726
687
721
714
719
707
734
738
757
759
714
673
619
672
760
775
827
686
753
755
737
750
744
686
715
735
677
697
716
749
718
682
752
748
714
709
750
704
721
678
722
667
736
707
729
702
706
741
751
744
687
746
716
715
787
700
744
787
740
692
596
714
722
757
742
777
743
701
747
707
719
664
732
741
704
711
708
706
700
724
725
674
720
678
759
715
692
717
721
708
686
704
689
714
707
714
763
739
696
662
651
720
713
747
718
687
651
662
685
703
690
727
737
711
712
698
741
774
739
723
737
712
696
697
755
742
692
718
727
717
665
667
768
667
645
714
744
701
723
644
623
738
677
667
781
700
667
718
681
687
720
669
694
683
719
687
725
737
716
733
686
687
639
687
718
711
703
684
741
674
680
666
734
707
687
746
697
703
671
705
723
699
693
700
703
707
696
665
582
704
654
656
729
704
674
689
706
720
689
674
657
733
686
661
701
694
696
687
719
759
699
686
660
669
669
681
705
650
632
716
696
667
713
704
701
737
602
725
663
693
650
664
703
628
646
627
641
586
679
669
710
676
674
671
637
671
676
642
708
716
683
642
645
662
683
727
740
643
685
650
654
705
707
646
706
637
684
598
590
669
698
680
670
665
696
631
709
694
618
686
649
608
656
685
686
648
696
671
648
727
652
656
604
689
681
704
665
669
692
654
663
666
667
651
657
639
649
685
645
673
617
662
654
619
665
645
554
628
590
650
658
664
670
624
710
629
649
647
687
624
621
570
600
647
596
631
623
638
588
662
649
649
658
624
639
636
663
645
636
598
566
636
659
664
674
636
675
586
603
615
666
626
621
593
618
628
636
604
657
586
579
612
588
620
601
606
608
623
591
590
600
621
628
628
626
645
595
584
601
603
589
586
609
632
572
528
546
578
583
626
672
623
577
589
600
621
558
589
590
632
579
581
579
617
569
627
623
590
577
608
625
606
606
551
625
603
603
555
604
568
566
564
610
585
582
590
580
599
549
568
589
571
595
588
459
595
561
594
633
580
611
592
585
529
541
566
561
616
548
501
535
570
534
576
620
581
543
593
582
531
592
550
569
595
572
562
568
563
522
566
570
566
568
563
567
560
546
560
523
600
538
518
555
529
557
547
549
546
530
540
540
526
527
568
559
571
543
534
511
521
540
545
558
578
531
514
530
511
493
531
536
570
525
500
469
514
527
530
542
570
507
511
564
556
516
502
494
537
532
536
520
541
547
501
556
516
532
476
493
539
504
521
499
524
496
477
520
539
492
515
525
524
512
531
517
510
503
513
492
510
446
502
428
498
495
487
509
549
489
461
522
544
495
487
435
531
489
477
469
496
469
476
520
514
450
453
500
493
473
508
502
463
475
467
491
467
469
476
497
485
445
467
442
489
494
448
474
442
465
492
450
458
493
475
462
418
470
434
503
415
477
438
436
472
445
446
497
449
466
474
459
494
459
447
485
454
457
463
496
428
467
379
413
440
428
396
447
428
414
429
422
432
440
417
421
448
440
422
425
421
430
443
471
395
430
430
400
420
413
417
428
426
438
415
421
403
419
423
393
428
426
397
407
437
425
447
396
425
431
411
322
393
402
422
419
408
464
418
440
396
421
365
443
412
361
401
370
411
405
375
424
444
423
403
409
401
393
422
433
436
385
397
406
380
394
379
416
388
398
355
418
390
383
413
420
417
393
357
389
396
379
421
375
403
359
346
387
409
362
381
416
352
410
359
335
390
350
380
375
338
367
393
347
365
357
324
354
363
357
308
324
360
378
366
363
349
378
345
386
381
374
361
354
361
346
361
327
348
362
346
370
356
380
332
375
350
321
358
362
348
370
321
345
372
349
358
357
326
358
309
352
362
323
312
353
341
347
327
324
345
311
343
348
330
361
313
319
327
341
315
339
300
323
310
348
315
329
331
322
341
326
305
321
334
308
290
320
333
333
315
319
313
277
338
307
288
325
299
308
289
315
317
302
337
292
274
335
309
298
305
313
311
305
268
278
285
321
295
278
297
317
285
298
287
299
300
286
294
256
303
319
281
295
299
307
270
279
244
261
296
283
295
300
270
260
288
288
264
259
313
304
295
283
279
306
274
280
301
296
253
258
251
278
292
262
253
245
252
251
274
247
263
279
273
263
235
247
263
256
269
263
248
305
277
243
239
261
267
279
243
283
264
262
234
262
263
249
253
258
257
260
228
231
271
264
268
277
248
237
267
235
259
231
239
266
254
265
233
246
242
246
247
246
283
243
239
239
282
226
263
255
253
255
218
229
228
237
224
243
223
225
234
226
229
210
244
236
237
243
218
249
219
226
231
263
232
202
225
212
208
228
222
222
238
222
215
215
203
205
200
235
224
199
233
217
229
200
228
206
224
212
204
204
230
208
219
244
228
220
205
216
199
195
197
213
204
206
206
198
234
226
230
226
208
220
217
209
229
212
177
198
222
221
173
165
222
186
171
210
207
187
190
189
189
209
179
186
185
180
213
203
211
200
180
189
184
196
174
176
186
171
168
198
190
179
161
179
163
204
178
168
180
167
171
198
205
193
183
186
166
180
163
190
183
189
178
200
172
199
166
196
171
185
140
188
180
184
183
197
167
169
154
187
164
156
155
178
171
170
171
193
158
171
131
154
173
176
160
151
155
158
147
148
158
179
169
159
173
154
156
163
150
153
154
179
167
166
166
165
165
159
155
139
143
151
123
189
162
156
154
179
139
130
152
166
154
161
159
160
151
160
148
125
145
161
133
164
112
149
132
123
147
128
135
148
132
141
134
151
139
116
149
140
133
112
129
146
133
130
125
125
139
148
157
134
137
123
151
140
143
112
134
132
131
116
122
121
142
116
110
128
136
129
122
113
147
135
123
126
138
135
127
126
116
131
129
133
120
122
122
136
131
127
136
122
127
140
109
104
135
106
102
109
100
118
121
110
111
118
119
97
120
119
114
123
127
124
116
126
106
107
122
120
107
115
118
122
105
119
119
128
133
111
104
103
114
111
95
107
101
100
91
124
103
95
111
105
107
87
111
91
102
104
120
110
106
100
96
104
95
95
99
98
90
103
85
118
93
91
101
98
101
95
106
88
96
94
75
99
98
103
92
101
85
97
90
98
111
94
103
94
74
80
101
83
95
86
79
114
78
104
104
88
93
91
107
94
94
95
80
91
88
99
61
87
97
89
92
68
100
91
66
78
84
82
93
73
78
89
69
75
96
61
87
82
75
90
85
90
74
75
76
74
86
62
67
88
88
71
71
86
95
89
87
88
95
72
75
77
82
73
60
68
73
78
74
64
61
78
88
66
83
67
73
72
74
64
80
58
73
61
62
66
73
72
69
63
71
60
65
77
73
76
75
66
66
57
66
68
59
74
81
77
62
65
63
70
55
68
65
68
62
57
64
55
62
70
59
71
60
68
60
64
53
69
71
60
58
69
55
48
65
58
61
62
60
55
53
44
76
69
72
50
52
50
62
60
66
73
49
57
49
58
55
64
62
61
53
40
54
59
43
59
49
63
39
68
57
52
57
47
54
59
51
48
58
52
50
60
50
52
50
53
64
57
45
54
57
38
45
53
42
49
55
54
47
56
61
47
47
43
56
58
63
55
39
41
47
64
54
49
43
43
48
65
46
54
49
50
45
49
38
50
45
35
48
38
42
39
56
42
45
50
42
38
40
37
43
41
44
41
49
47
34
40
37
45
47
54
57
44
40
56
40
39
43
36
40
29
39
44
35
47
52
45
39
47
50
37
54
39
37
51
39
38
52
40
35
35
33
31
44
34
35
46
33
47
46
28
31
31
37
39
34
38
47
40
35
43
45
37
29
35
41
32
28
25
41
44
45
37
30
45
32
46
25
39
38
33
43
26
39
45
47
41
23
41
50
34
39
31
38
31
54
27
39
29
28
39
34
36
35
40
28
24
28
23
30
26
32
18
32
26
25
24
30
27
27
29
35
38
26
31
37
30
21
25
23
21
30
28
25
29
27
24
25
25
30
33
27
40
22
22
28
23
25
21
27
36
24
23
20
28
23
24
22
36
39
30
20
25
34
24
34
28
19
29
20
25
19
26
22
26
20
21
22
27
22
28
20
19
29
28
36
27
21
27
27
25
36
29
30
25
15
25
27
33
19
27
12
17
19
22
15
23
26
20
34
28
27
32
10
17
16
28
16
22
23
28
16
25
32
19
28
15
16
17
24
16
18
23
19
19
19
23
14
24
25
25
16
26
13
12
19
10
29
14
26
19
23
20
19
18
26
22
11
21
13
23
22
30
19
24
23
17
22
15
18
18
12
20
15
20
15
11
14
20
18
21
17
12
10
13
14
15
22
14
26
13
16
18
23
11
18
6
27
14
18
17
20
15
21
20
11
21
15
20
14
20
19
14
10
12
22
16
14
16
8
15
13
17
13
10
21
15
18
15
11
14
12
11
17
11
9
16
17
19
11
17
10
19
14
11
11
18
17
18
12
15
12
14
17
15
14
12
13
14
11
19
9
19
16
13
13
10
12
13
15
11
7
12
17
9
16
19
14
5
11
8
14
10
13
11
15
18
11
13
11
15
9
9
14
16
11
14
14
13
7
14
7
13
16
11
12
18
9
12
16
11
12
10
8
7
12
11
14
13
14
10
12
10
9
11
10
9
12
4
15
4
11
18
7
10
11
10
14
6
14
11
7
10
11
8
7
10
7
14
9
7
5
14
9
7
11
6
5
8
10
6
4
12
8
8
11
7
10
9
8
3
7
9
4
9
13
6
6
12
8
4
6
6
9
9
16
6
13
9
10
5
10
9
13
7
10
4
10
10
7
4
7
6
10
12
10
5
3
6
4
9
7
6
12
5
7
9
11
6
7
7
8
7
6
6
7
8
4
8
8
7
6
7
7
6
9
5
11
5
4
9
5
5
3
4
5
11
3
13
9
3
8
7
9
12
5
4
7
6
4
5
4
3
6
6
4
9
6
8
5
8
7
9
6
4
7
6
3
5
4
3
2
4
10
6
2
4
1
5
5
6
4
8
3
7
7
2
2
9
5
3
4
6
2
7
5
6
5
6
3
4
3
1
2
3
7
8
8
5
5
3
3
5
4
4
3
4
6
5
3
3
4
2
5
7
2
3
7
5
0
3
3
5
6
5
1
2
1
3
6
1
8
8
6
3
6
8
5
4
4
4
6
8
3
2
4
2
2
4
2
6
3
6
4
4
5
5
4
3
2
2
2
0
3
1
3
4
2
5
3
2
2
2
6
2
2
5
3
3
1
3
7
3
1
3
2
1
4
3
4
3
3
5
4
2
3
3
2
2
1
4
5
3
4
5
0
4
4
4
0
2
3
4
2
2
1
1
4
2
4
0
4
5
5
6
5
3
2
3
4
3
3
0
2
3
3
3
3
3
2
2
3
7
1
4
4
3
1
1
2
0
6
2
2
3
3
3
1
0
1
2
6
3
2
4
2
0
3
1
1
2
1
1
4
1
0
2
1
2
3
1
0
4
3
3
0
3
1
2
2
7
2
2
0
1
2
1
0
1
4
2
1
2
1
2
1
5
3
7
3
2
3
2
2
1
5
0
2
0
2
0
1
0
4
2
2
3
1
1
3
0
2
2
2
0
2
4
2
0
0
4
3
2
2
3
3
2
0
3
2
5
3
1
0
1
1
3
1
1
2
2
1
3
2
0
2
3
2
3
0
4
1
1
3
2
2
0
0
3
1
2
1
2
0
0
3
1
0
0
2
3
5
1
0
1
0
2
0
1
3
4
0
1
0
0
1
1
1
0
2
0
1
0
0
2
2
1
0
0
2
5
0
1
1
0
1
0
1
0
0
0
1
2
1
1
1
1
3
0
2
0
1
0
1
0
0
1
1
1
0
1
0
2
1
0
2
0
0
0
1
1
0
0
1
0
0
0
0
0
0
0
0
0
1
0
1
2
2
0
0
0
1
4
2
0
1
2
1
1
0
0
1
0
1
0
0
0
2
0
1
0
2
0
2
1
0
0
0
2
1
0
0
1
1
1
1
0
1
0
0
0
1
1
1
2
0
1
2
0
1
0
1
1
0
0
0
1
1
0
0
0
1
0
1
1
0
0
4
0
0
1
1
0
0
1
0
1
1
1
0
0
1
1
0
0
1
0
0
0
0
1
1
1
1
0
0
0
0
0
0
0
0
0
1
1
1
0
2
0
1
0
0
0
1
0
0
1
0
0
0
1
1
1
0
0
1
0
0
0
3
1
0
0
0
0
0
0
0
1
2
1
2
0
1
0
1
1
0
0
1
0
0
0
1
2
0
0
0
2
0
0
0
0
0
0
0
0
3
1
0
1
0
1
0
0
0
0
0
0
1
2
1
1
1
1
0
1
0
0
0
0
0
0
0
0
0
1
0
0
0
1
0
0
0
0
0
1
3
1
0
0
0
1
0
1
0
0
0
0
0
0
1
0
1
0
0
0
0
1
0
2
0
0
0
0
0
0
1
0
0
1
2
0
2
1
1
0
0
2
0
0
0
0
0
0
0
1
0
0
1
0
0
0
0
0
2
1
0
0
0
0
0
0
1
0
0
0
1
0
1
0
0
0
0
0
0
1
0
0
0
1
0
0
0
0
0
0
0
1
0
0
0
0
0
0
0
2
0
0
0
1
0
0
0
0
0
0
0
1
0
0
0
1
1
0
0
0
1
0
0
1
0
0
0
0
0
0
0
0
0
0
0
0
0
0
0
1
0
0
0
0
2
0
0
0
0
0
0
0
0
0
0
0
0
0
0
0
0
0
0
0
0
1
0
0
0
0
0
0
0
0
0
0
0
0
0
0
0
0
0
0
0
0
0
0
0
0
0
0
0
0
0
0
0
0
0
0
0
0
0
0
0
2
0
0
0
0
2
0
0
1
0
0
0
0
0
1
0
0
0
1
0
0
0
0
0
0
0
0
0
0
0
0
0
0
1
0
1
0
0
1
0
0
0
1
0
2
0
0
0
0
0
0
0
3
0
0
0
0
0
0
0
0
0
0
1
0
0
0
0
0
0
0
0
0
1
0
1
0
0
0
0
0
1
0
0
0
0
0
0
0
0
0
0
0
0
0
0
1
0
0
0
0
0
0
0
0
0
0
0
0
0
0
0
0
1
0
0
0
0
0
0
0
0
1
0
1
0
0
2
0
0
0
0
0
0
0
0
0
0
0
0
0
0
0
0
0
0
0
0
0
0
0
0
0
0
0
0
0
1
0
0
0
0
0
0
0
0
0
0
0
0
0
0
0
0
0
0
0
0
0
0
0
0
0
0
0
0
0
0
0
0
1
0
0
0
0
0
0
0
1
0
0
0
0
0
0
0
0
1
0
0
0
0
0
0
0
0
0
0
0
0
0
0
0
0
0
0
0
0
0
0
0
0
0
0
0
0
0
0
0
0
0
0
0
0
0
0
0
0
0
0
0
0
0
0
1
0
0
0
0
0
0
0
0
0
0
0
0
0
0
0
0
0
0
0
0
0
0
0
0
0
0
0
0
0
1
0
0
0
0
0
0
0
0
0
0
0
0
0
0
0
0
0
0
0
0
0
0
1
0
0
0
0
0
1
0
0
0
0
0
0
1
0
0
0
0
0
0
0
0
0
0
0
0
0
0
0
1
0
0
0
0
0
0
0
0
0
0
0
0
0
0
0
0
0
0
0
0
0
0
0
0
0
0
0
0
0
0
0
0
0
0
0
0
0
0
0
0
0
0
0
0
0
0
0
0
0
0
0
0
0
0
0
0
0
0
0
0
0
0
1
0
0
0
0
0
0
0
0
0
0
0
0
0
0
0
0
0
0
0
0
0
0
0
0
0
0
0
0
0
0
0
0
0
0
0
0
0
0
0
0
0
0
0
0
0
0
0
0
0
0
0
0
0
0
0
0
0
0
0
0
0
0
0
0
0
0
0
0
0
0
0
0
0
0
0
0
0
0
0
0
0
0
1
0
0
0
0
0
0
0
1
0
0
0
0
0
0
0
0
0
0
0
0
0
0
0
0
0
0
0
0
0
0
0
0
0
0
0
0
0
0
0
0
0
0
0
0
0
0
0
0
0
0
0
0
0
0
0
0
0
0
0
1
0
0
0
0
0
0
0
0
0
0
0
0
0
0
0
0
0
0
0
0
0
0
0
0
0
0
0
0
0
0
0
0
0
0
0
0
0
0
0
0
0
0
0
0
0
0
0
0
0
0
0
0
0
0
0
0
0
0
0
1
0
0
0
0
0
0
0
0
0
0
0
0
0
0
0
0
0
0
0
0
0
0
0
0
0
0
0
0
0
0
0
0
0
0
0
0
0
0
0
0
0
0
0
0
0
0
0
0
0
0
0
0
0
0
0
0
0
0
0
0
0
0
0
0
0
0
0
0
0
0
0
0
0
0
0
0
0
0
0
0
0
0
0
0
0
0
0
0
0
0
0
0
0
0
0
0
0
0
0
0
0
0
0
0
0
0
0
0
0
0
0
0
0
0
0
0
0
0
0
0
0
0
0
0
0
0
0
0
0
0
0
0
0
0
0
0
0
0
0
0
0
0
0
0
0
0
0
0
0
0
0
0
0
0
0
0
0
0
0
0
0
0
0
0
0
0
0
0
0
0
0
0
0
0
0
0
0
0
0
0
0
0
0
0
0
0
0
0
0
0
0
0
0
0
0
0
0
0
0
0
0
0
0
0
0
0
0
0
0
0
0
0
0
0
0
0
0
0
0
0
0
0
0
0
0
0
0
0
0
0
0
0
0
0
0
0
0
0
0
0
0
0
0
0
0
0
0
0
0
0
0
0
0
0
0
0
0
0
0
0
0
0
0
0
0
0
0
0
0
0
0
0
0
0
0
0
0
0
0
0
0
0
0
0
0
0
0
0
0
0
0
0
0
0
0
0
0
0
0
0
0
0
0
0
0
0
0
0
0
0
0
0
0
0
0
0
0
0
0
0
0
0
0
0
0
0
0
0
0
0
0
0
0
0
0
0
0
0
0
0
0
0
0
0
0
0
0
0
0
0
0
0
0
0
0
0
0
0
0
0
0
0
0
0
0
0
0
0
0
0
0
0
0
0
0
0
0
0
0
0
0
0
0
0
0
0
0
0
0
0
0
0
0
0
0
0
0
0
0
0
0
0
0
0
0
0
0
0
0
0
0
0
0
0
0
0
0
0
0
0
0
0
0
0
0
0
0
0
0
0
0
0
0
0
0
0
0
0
0
0
0
0
0
0
0
0
0
0
0
0
0
0
0
0
0
0
0
0
0
0
0
0
0
0
0
0
0
0
0
0
0
0
0
0
0
0
0
0
0
0
0
0
0
0
0
0
0
0
0
0
0
0
0
0
0
0
0
0
0
0
0
0
0
0
0
0
0
0
0
0
0
0
0
0
0
0
0
0
0
0
0
0
0
0
0
0
0
0
0
0
0
0
0
0
0
0
0
0
0
0
0
0
0
0
0
0
0
0
0
0
0
0
0
0
0
0
0
0
0
0
0
0
0
0
0
0
0
0
0
0
0
0
0
0
0
0
0
0
0
0
0
0
0
0
0
0
0
0
0
0
0
0
0
0
0
0
0
0
0
0
0
0
0
0
0
0
0
0
0
0
0
0
0
0
0
0
0
0
0
0
0
0
0
0
0
0
0
0
0
0
0
0
0
0
0
0
0
0
0
0
0
0
0
0
0
0
0
0
0
0
0
0
0
0
0
0
0
0
0
0
0
0
0
0
0
0
0
0
0
0
0
0
0
0
0
0
0
0
0
0
0
0
0
0
0
0
0
0
0
0
0
0
0
0
0
0
0
0
0
0
0
0
0
0
0
0
0
0
0
0
0
0
0
0
0
0
0
0
0
0
0
0
0
0
0
0
0
0
0
0
0
0
0
0
0
0
0
0
0
0
0
0
0
0
0
0
0
0
0
0
0
0
0
0
0
0
0
0
0
0
0
0
0
0
0
0
0
0
0
0
0
0
0
0
0
0
0
0
0
0
0
0
0
0
0
0
0
0
0
0
0
0
0
0
0
0
0
0
0
0
0
0
0
0
0
0
0
0
0
0
0
0
0
0
0
0
0
0
0
0
0
0
0
0
0
0
0
0
0
0
0
0
0
0
0
0
0
0
0
0
0
0
0
0
0
0
0
0
0
0
0
0
0
0
0
0
0
0
0
0
0
0
0
0
0
0
0
0
0
0
0
0
0
0
0
0
0
0
0
0
0
0
0
0
0
0
0
0
0
0
0
0
0
0
0
0
0
0
0
0
0
0
0
0
0
0
0
0
0
0
0
0
0
0
0
0
0
0
0
0
0
0
0
0
0
0
0
0
0
0
0
0
0
0
0
0
0
0
0
0
0
0
0
0
0
0
0
0
0
0
0
0
0
0
0
0
0
0
0
0
0
0
0
0
0
0
0
0
0
0
0
0
0
0
0
0
0
0
0
0
0
0
0
0
0
0
0
0
0
0
0
0
0
0
0
0
0
0
0
0
0
0
0
0
0
0
0
0
0
0
0
0
0
0
0
0
0
0
0
0
0
0
0
0
0
0
0
0
0
0
0
0
0
0
0
0
0
0
0
0
0
0
0
0
0
0
0
0
0
0
0
0
0
0
0
0
0
0
0
0
0
0
0
0
0
0
0
0
0
0
0
0
0
0
0
0
0
0
0
0
0
0
0
0
0
0
0
0
0
0
0
0
0
0
0
0
0
0
0
0
0
0
0
0
0
0
0
0
0
0
0
0
0
0
0
0
0
0
0
0
0
0
0
0
0
0
0
0
0
0
0
0
0
0
0
0
0
0
0
0
0
0
0
0
0
0
0
0
0
0
0
0
0
0
0
0
0
0
0
0
0
0
0
0
0
0
0
0
0
0
0
0
0
0
0
0
0
0
0
0
0
0
0
0
0
0
0
0
0
0
0
0
0
0
0
0
0
0
0
0
0
0
0
0
0
0
0
0
0
0
0
0
0
0
0
0
0
0
0
0
0
0
0
0
0
0
0
0
0
0
0
0
0
0
0
0
0
0
0
0
0
0
0
0
0
0
0
0
0
0
0
0
0
0
0
0
0
0
0
0
0
0
0
0
0
0
0
0
0
0
0
0
0
0
0
0
0
0
0
0
0
0
0
0
0
0
0
0
0
0
0
0
0
0
0
0
0
0
0
0
0
0
0
0
0
0
0
0
0
0
0
0
0
0
0
0
0
0
0
0
0
0
0
0
0
0
0
0
0
0
0
0
0
0
0
0
0
0
0
0
0
0
0
0
0
0
0
0
0
0
0
0
0
0
0
0
0
0
0
0
0
0
0
0
0
0
0
0
0
0
0
0
0
0
0
0
0
0
0
0
0
0
0
0
0
0
0
0
0
0
0
0
0
0
0
0
0
0
0
0
0
0
0
0
0
0
0
0
0
0
0
0
0
0
0
0
0
0
0
0
0
0
0
0
0
0
0
0
0
0
0
0
0
0
0
0
0
0
0
0
0
0
0
0
0
0
0
0
0
0
0
0
0
0
0
0
0
0
0
0
0
0
0
0
0
0
0
0
0
0
0
0
0
0
0
0
0
0
0
0
0
0
0
0
0
0
0
0
0
0
0
0
0
0
0
0
0
0
0
0
0
0
0
0
0
0
0
0
0
0
0
0
0
0
0
0
0
0
0
0
0
0
0
0
0
0
0
0
0
0
0
0
0
0
0
0
0
0
0
0
0
0
0
0
0
0
0
0
0
0
0
0
0
0
0
0
0
0
0
0
0
0
0
0
0
0
0
0
0
0
0
0
0
0
0
0
0
0
0
0
0
0
0
0
0
0
0
0
0
0
0
0
0
0
0
0
0
0
0
0
0
0
0
0
0
0
0
0
0
0
0
0
0
0
0
0
0
0
0
0
0
0
0
0
0
0
0
0
0
0
0
0
0
0
0
0
0
0
0
0
0
0
0
0
0
0
0
0
0
0
0
0
0
0
0
0
0
0
0
0
0
0
0
0
0
0
0
0
0
0
0
0
0
0
0
0
0
0
0
0
0
0
0
0
0
0
0
0
0
0
0
0
0
0
0
0
0
0
0
0
0
0
0
0
0
0
0
0
0
0
0
0
0
0
0
0
0
0
0
0
0
0
0
0
0
0
0
0
0
0
0
0
0
0
0
0
0
0
0
0
0
0
0
0
0
0
0
0
0
0
0
0
0
0
0
0
0
0
0
0
0
0
0
0
0
0
0
0
0
0
0
0
0
0
0
0
0
0
0
0
0
0
0
0
0
0
0
0
0
0
0
0
0
0
0
0
0
0
0
0
0
0
0
0
0
0
0
0
0
0
0
0
0
0
0
0
0
0
0
0
0
0
0
0
0
0
0
0
0
0
0
0
0
0
0
0
0
0
0
0
0
0
0
0
0
0
0
0
0
0
0
0
0
0
0
0
0
0
0
0
0
0
0
0
0
0
0
0
0
0
0
0
0
0
0
0
0
0
0
0
0
0
0
0
0
0
0
0
0
0
0
0
0
0
0
0
0
0
0
0
0
0
0
0
0
0
0
0
0
0
0
0
0
0
0
0
0
0
0
0
0
0
0
0
0
0
0
0
0
0
0
0
0
0
0
0
0
0
0
0
0
0
0
0
0
0
0
0
0
0
0
0
0
0
0
0
0
0
0
0
0
0
0
0
0
0
0
0
0
0
0
0
0
0
0
0
0
0
0
0
0
0
0
0
0
0
0
0
0
0
0
0
0
0
0
0
0
0
0
0
0
0
0
0
0
0
0
0
0
0
0
0
0
0
0
0
0
0
0
0
0
0
0
0
0
0
0
0
0
0
0
0
0
0
0
0
0
0
0
0
0
0
0
0
0
0
0
0
0
0
0
0
0
0
0
0
0
0
0
0
0
0
0
0
0
0
0
0
0
0
0
0
0
0
0
0
0
0
0
0
0
0
0
0
0
0
0
0
0
0
0
0
0
0
0
0
0
0
0
0
0
0
0
0
0
0
0
0
0
0
0
0
0
0
0
0
0
0
0
0
0
0
0
0
0
0
0
0
0
0
0
0
0
0
0
0
0
0
0
0
0
0
0
0
0
0
0
0
0
0
