0
0
0
0
0
0
0
0
0
0
0
0
0
0
0
0
0
0
0
0
0
0
0
0
0
0
0
0
1
0
0
0
0
0
0
0
0
0
0
0
0
0
0
0
0
0
0
0
0
0
0
0
0
0
0
0
0
0
0
0
0
0
0
0
0
0
0
0
1
0
0
0
0
0
0
0
0
0
1
0
0
0
0
0
0
1
0
0
0
1
0
0
1
0
0
0
0
1
0
0
0
0
0
0
1
1
1
0
0
0
0
0
0
0
0
1
0
0
0
0
0
0
0
0
0
0
0
0
0
0
1
1
0
0
0
0
0
0
1
0
0
1
1
0
0
1
0
0
0
1
0
0
0
0
0
0
1
1
0
0
1
2
1
0
0
0
0
0
0
1
0
0
0
0
0
0
0
0
1
1
0
1
1
0
0
1
1
0
0
0
0
2
0
0
0
1
0
0
0
1
0
0
0
0
0
1
1
0
0
3
1
0
0
0
0
0
1
1
0
1
0
3
0
1
1
0
0
0
0
0
0
3
1
2
0
0
3
2
0
1
0
0
0
1
0
1
1
0
0
1
2
1
0
0
0
1
0
1
0
1
0
1
2
3
0
1
1
0
0
0
1
4
0
1
0
0
1
0
0
0
0
1
2
0
0
1
0
2
0
2
0
2
2
0
0
0
1
1
2
0
0
2
1
0
0
0
1
1
0
0
1
1
2
1
0
2
2
2
0
0
2
3
0
0
2
1
0
1
1
2
2
1
1
0
4
1
0
1
0
3
1
1
3
2
1
0
3
1
2
1
4
1
2
1
4
1
3
1
0
0
1
0
0
2
2
0
4
3
1
1
0
4
1
4
2
3
2
1
1
2
2
2
4
2
2
4
3
2
2
4
3
4
1
4
2
1
2
4
2
4
0
4
6
4
4
6
3
3
5
2
6
4
4
3
2
3
1
5
2
2
3
2
2
1
2
3
3
4
1
2
3
6
2
2
3
1
3
4
3
2
2
1
7
1
8
2
3
1
4
4
4
4
1
2
6
3
3
3
3
1
3
4
2
1
5
4
7
8
1
5
6
3
6
3
4
6
4
5
2
5
1
8
7
5
3
3
9
9
4
7
4
1
2
2
6
3
8
7
4
2
5
12
11
8
3
8
3
5
7
6
8
3
8
1
7
4
5
4
6
3
9
8
7
4
4
2
8
8
7
4
5
10
5
7
7
6
9
11
4
6
8
4
8
10
5
6
12
7
4
5
8
8
6
7
4
7
4
4
7
11
7
7
13
12
5
7
7
10
6
8
7
13
13
9
14
7
7
9
3
11
11
9
10
7
11
10
8
11
7
15
5
15
8
12
10
7
9
8
6
11
7
10
6
10
13
11
9
16
10
11
11
8
13
14
14
16
14
9
8
14
11
10
10
9
14
15
14
11
6
13
17
12
8
10
14
15
8
9
10
20
8
14
14
14
14
12
11
11
13
13
9
19
10
20
14
15
15
11
17
23
23
14
11
20
17
18
13
13
16
11
15
15
13
25
17
22
13
9
7
8
18
20
17
18
13
14
15
15
15
15
18
11
13
17
24
29
19
15
25
26
19
15
16
16
22
14
15
25
24
16
24
18
23
13
17
14
23
16
15
30
19
25
19
15
17
22
21
26
20
23
17
29
25
18
22
25
26
21
19
20
23
29
19
22
25
23
26
19
18
23
27
29
21
19
24
23
28
27
28
26
21
26
26
28
32
27
24
36
35
32
26
22
31
34
24
40
33
26
28
33
21
38
27
33
20
28
22
30
34
30
24
37
30
30
20
28
25
26
30
39
26
36
40
40
31
27
30
27
28
30
28
26
28
31
32
34
34
36
43
14
39
37
35
33
35
29
33
41
28
44
40
41
44
56
29
44
41
48
27
39
32
35
34
36
36
34
36
46
46
34
37
24
38
46
47
33
32
30
42
37
33
39
47
46
54
45
39
32
45
43
60
40
49
52
43
33
49
41
45
47
44
46
52
47
49
47
36
61
40
68
49
49
53
39
42
59
49
42
53
42
51
52
52
52
56
41
43
65
59
52
65
59
66
52
49
51
57
52
58
53
58
63
56
51
61
58
47
49
51
60
48
58
41
61
65
57
69
65
63
75
64
51
58
84
46
55
67
66
59
66
64
69
68
58
59
69
74
48
62
68
55
67
52
51
53
66
63
69
75
57
63
66
71
68
70
73
84
78
68
78
81
58
63
71
65
77
85
69
60
78
70
88
85
67
63
93
73
62
92
64
74
72
78
57
83
78
68
87
79
87
70
83
71
73
70
79
84
89
75
84
73
86
81
80
92
73
77
94
96
81
82
82
87
79
80
80
76
88
72
81
75
96
81
94
96
78
83
87
84
89
96
77
92
82
90
79
83
103
81
96
100
90
101
111
102
109
98
106
104
116
120
102
87
117
107
114
100
94
97
103
119
103
92
104
108
107
133
120
117
110
83
121
107
100
98
103
119
100
97
112
110
116
106
120
121
108
133
125
126
111
114
119
127
103
126
140
109
114
126
132
115
123
112
124
125
111
135
120
117
101
126
96
121
140
143
122
118
119
134
129
137
137
138
126
112
125
146
150
119
154
141
147
147
141
124
146
141
122
132
131
155
124
135
127
130
156
159
162
144
156
122
143
157
149
119
171
142
170
128
141
147
145
150
148
149
166
166
151
167
149
157
147
159
141
143
160
151
135
160
170
148
146
167
153
161
170
154
170
180
183
197
139
159
174
166
202
159
157
171
145
173
179
143
174
189
170
146
173
163
189
169
208
187
158
152
173
173
213
180
194
225
166
175
196
188
192
183
184
186
193
168
180
184
177
188
192
180
208
168
178
198
204
190
192
207
219
185
213
198
204
176
200
214
215
220
186
234
218
206
213
214
198
184
197
180
207
199
229
205
209
221
214
213
236
206
193
222
223
206
196
215
235
214
201
236
221
202
200
248
225
212
252
230
221
223
243
218
249
244
247
213
226
225
245
252
272
210
225
221
226
239
233
244
231
242
238
257
234
236
219
246
267
239
266
223
257
266
255
244
272
255
274
241
293
231
233
253
278
214
264
241
263
255
262
227
285
284
270
268
291
269
253
254
287
276
275
269
258
273
308
284
260
292
266
261
271
253
241
282
269
268
261
239
226
294
292
245
268
264
278
305
282
278
304
350
275
306
270
290
263
253
301
347
310
261
340
290
316
302
310
290
316
322
337
281
291
316
336
316
315
267
322
302
305
293
259
308
314
323
337
306
349
370
302
303
323
330
324
325
306
313
326
323
354
324
354
330
309
328
346
328
318
355
332
337
306
332
334
363
341
364
348
342
344
345
312
382
354
359
287
356
359
318
365
358
361
346
333
348
375
342
385
354
321
322
368
340
359
346
368
373
368
354
388
369
367
362
364
375
362
379
413
359
386
362
320
382
415
342
408
373
358
387
394
412
392
404
376
403
413
357
414
380
377
391
399
379
401
393
400
368
397
386
437
418
379
370
375
382
398
390
403
394
371
406
383
444
427
423
413
398
401
393
385
393
373
427
404
421
397
460
397
420
415
422
436
389
441
427
445
419
453
411
457
457
425
439
423
455
438
424
443
478
469
423
427
433
488
473
462
444
429
436
439
446
412
466
441
457
416
375
437
493
416
464
485
429
472
468
454
504
465
447
475
446
508
484
506
503
467
444
487
474
500
486
432
459
436
523
457
492
478
415
432
472
493
469
517
528
463
504
500
452
490
463
487
490
491
480
472
487
480
500
523
482
482
494
510
516
507
466
505
516
531
480
543
513
477
487
513
537
471
459
520
521
557
501
544
562
490
512
437
513
487
535
533
490
495
556
529
560
513
512
515
537
560
501
501
552
493
570
541
573
552
497
532
529
565
563
570
557
530
562
516
535
537
554
569
549
527
540
559
555
566
517
570
565
530
508
564
562
587
592
603
560
542
582
591
561
584
574
520
589
606
536
557
557
572
606
575
603
545
566
588
583
582
633
577
638
575
511
549
571
557
559
584
616
615
585
577
586
546
596
612
566
607
558
592
597
580
571
619
609
603
606
643
601
572
553
630
583
565
570
589
560
618
609
597
629
629
602
591
628
616
583
611
636
604
608
494
646
640
628
659
681
634
601
644
603
601
612
652
677
632
570
628
594
641
628
633
617
638
585
657
666
620
634
660
649
644
648
655
692
656
652
651
625
669
608
657
658
644
591
623
629
646
586
586
672
647
614
728
657
685
660
685
643
658
633
725
694
676
637
646
691
662
682
669
708
680
692
702
660
644
661
693
715
683
620
617
703
624
697
687
675
684
638
673
650
674
700
732
641
647
707
669
685
681
651
685
686
644
698
697
660
662
659
710
687
750
695
714
662
685
701
724
689
737
731
714
752
685
703
678
735
688
687
597
710
701
679
770
664
681
690
712
645
692
692
702
698
658
664
705
705
733
742
675
691
721
674
751
723
704
711
768
735
678
678
681
706
759
703
765
732
702
706
745
725
693
710
746
736
714
680
726
696
676
691
741
716
729
721
730
762
706
723
739
743
724
752
724
727
701
733
724
722
749
710
712
757
713
668
741
728
738
647
690
700
718
730
749
727
724
702
744
767
717
774
776
801
738
752
713
716
730
733
769
757
712
750
767
826
768
738
769
745
717
775
722
720
764
831
751
786
745
734
738
740
749
772
790
755
761
756
593
751
731
770
743
813
752
759
738
758
810
797
806
773
711
698
724
806
760
786
758
760
758
743
763
748
757
732
745
752
778
722
807
727
768
734
749
781
786
720
726
741
784
770
779
760
833
688
741
762
750
769
823
816
763
768
834
732
690
784
800
822
777
717
764
756
734
793
838
796
726
722
831
745
783
784
808
811
788
689
666
765
822
769
779
771
787
761
760
793
747
751
830
719
721
721
767
802
783
777
823
792
793
747
749
780
699
754
784
778
740
795
699
769
729
766
825
775
809
780
799
761
793
778
801
794
803
752
681
784
784
736
761
743
749
764
744
752
787
737
753
773
760
782
761
724
751
796
766
802
773
763
783
764
763
782
787
774
809
803
752
775
748
741
838
794
787
765
829
721
743
761
789
775
743
709
764
746
807
763
773
785
804
782
762
788
767
720
863
752
771
761
733
833
735
795
774
763
742
740
788
806
757
727
797
755
775
697
660
755
747
767
798
795
779
768
775
747
781
761
756
760
771
802
809
777
724
768
800
762
778
710
786
786
726
777
736
779
802
740
734
783
777
759
826
746
728
745
715
716
693
738
741
767
727
776
636
719
743
782
729
730
800
751
754
757
740
759
779
751
706
720
752
791
748
779
736
699
694
761
739
729
809
706
743
798
741
727
752
723
708
738
738
775
750
728
800
795
781
700
795
741
734
630
763
732
770
741
772
703
713
696
750
745
729
701
719
744
723
757
650
728
704
751
767
713
688
727
731
720
707
691
706
732
701
703
673
735
701
719
785
733
762
710
805
707
726
739
689
712
705
692
696
731
704
737
701
712
726
701
727
693
718
720
697
685
716
709
691
715
667
700
737
726
673
707
713
691
689
656
732
700
691
673
575
709
736
703
721
696
735
671
740
684
623
715
692
715
739
678
650
718
645
682
684
734
665
703
691
715
719
683
724
756
717
649
702
688
687
677
693
695
636
649
688
703
644
682
703
652
699
676
685
689
674
732
726
649
692
702
695
671
665
670
679
694
662
669
697
680
700
720
752
620
694
688
695
675
656
607
687
613
654
596
640
683
676
631
685
671
628
594
642
671
662
585
680
637
653
618
646
674
645
669
645
702
629
655
689
668
610
669
675
636
641
660
602
632
585
634
666
627
635
637
655
628
658
617
621
623
662
610
522
655
651
624
657
653
641
649
618
640
637
645
643
618
632
588
630
620
633
566
624
648
566
626
596
594
589
582
603
597
648
588
574
565
609
631
642
620
603
595
627
607
595
605
605
546
560
538
594
605
590
629
619
621
568
588
547
621
571
577
646
617
574
589
557
585
600
570
577
608
609
613
603
575
589
530
590
597
606
509
525
594
567
546
576
586
583
562
528
583
570
537
587
553
553
591
545
601
576
568
616
557
561
540
606
595
550
580
546
581
548
532
547
536
538
549
602
536
555
583
604
553
561
529
559
528
562
532
456
538
557
527
540
550
528
596
555
555
527
587
520
534
494
536
516
557
468
564
598
544
537
552
523
544
531
520
536
499
545
504
513
536
513
514
518
517
537
520
488
520
532
490
511
483
491
473
501
488
531
561
518
524
489
483
489
520
488
512
527
524
514
549
516
466
452
514
519
464
501
494
457
540
516
473
477
482
492
436
438
481
473
498
493
482
476
475
482
478
463
483
491
433
463
451
470
484
474
468
485
443
470
469
491
475
475
453
433
457
468
403
478
439
459
455
496
488
439
486
432
453
474
460
443
450
440
460
358
460
416
445
443
449
444
421
412
462
414
456
409
446
408
445
443
466
432
455
449
418
421
438
435
434
422
448
460
421
412
414
473
437
437
434
434
409
453
387
428
422
460
406
435
421
392
386
379
409
421
383
441
421
394
417
421
433
421
404
430
422
433
397
415
400
367
428
413
404
406
387
411
374
402
396
424
406
383
333
364
406
348
404
394
357
402
360
340
384
389
385
367
398
398
381
370
356
378
397
395
396
343
394
349
369
356
370
412
427
387
431
364
379
354
341
399
382
385
372
353
364
361
358
369
362
346
364
304
346
347
335
392
403
364
363
356
375
394
338
355
326
333
322
362
338
342
322
394
378
324
352
346
360
334
364
335
305
351
316
350
310
336
308
325
337
317
299
335
325
315
310
360
321
335
272
325
319
298
319
316
324
330
340
309
327
334
332
307
310
294
266
303
342
320
307
329
349
308
337
325
316
262
318
294
290
298
253
282
300
321
305
304
299
296
282
284
303
275
281
282
318
332
287
285
283
252
280
302
305
271
301
264
293
285
298
283
302
292
279
261
301
292
274
325
278
285
280
267
261
297
278
291
307
301
267
246
312
288
242
305
258
271
257
268
254
295
276
275
263
233
234
282
288
260
250
273
274
270
268
263
244
249
244
262
280
267
249
260
245
233
229
264
228
245
233
236
226
254
249
257
224
255
217
255
256
256
228
255
250
225
216
231
227
239
214
280
249
230
248
239
262
222
249
227
246
245
229
200
244
232
228
254
207
219
232
202
234
206
216
249
255
233
236
220
234
201
225
200
210
218
214
232
200
220
207
221
227
205
191
217
204
210
207
229
208
218
197
228
204
216
197
216
219
191
210
210
212
212
199
227
195
196
186
164
194
189
178
195
208
189
209
172
206
182
192
217
194
184
183
171
200
209
195
212
192
168
207
197
191
190
203
169
187
191
198
168
188
197
168
206
190
170
207
160
190
211
185
170
174
194
170
162
174
160
197
170
166
160
184
180
167
181
172
196
170
175
198
145
153
157
174
183
186
164
167
159
174
155
177
168
141
171
138
139
158
150
169
190
161
151
158
169
162
158
183
180
154
157
130
167
163
168
153
180
146
173
152
145
173
136
138
151
146
145
145
145
151
163
148
124
150
139
161
142
154
161
130
147
126
145
141
108
133
149
146
160
147
133
153
123
131
124
140
144
140
157
137
132
119
157
146
144
137
120
132
142
133
139
148
133
142
136
121
149
143
106
139
132
128
142
131
136
140
126
121
142
129
122
123
153
125
114
141
129
115
119
109
127
149
123
123
137
123
113
114
131
110
107
123
131
112
110
112
123
128
116
119
132
100
105
108
116
123
115
130
146
118
109
126
123
98
128
113
113
117
128
102
127
112
110
108
129
95
107
117
100
108
111
93
103
88
97
123
96
127
100
103
111
91
121
105
104
106
115
95
101
110
118
92
89
118
97
89
102
85
123
84
105
109
109
98
98
95
107
88
75
96
81
80
91
95
98
102
105
84
92
82
100
83
84
88
117
88
101
89
86
78
77
94
102
95
79
60
75
80
100
67
87
81
77
79
88
76
86
94
82
91
71
90
90
83
69
83
81
87
98
84
75
77
69
98
84
78
63
77
91
83
73
68
86
81
72
85
74
75
67
79
64
70
73
86
91
60
86
73
75
74
69
82
80
77
91
77
71
58
77
95
89
68
69
63
72
72
76
68
80
66
71
90
85
62
75
83
68
62
76
47
57
66
62
65
77
68
55
53
53
70
60
59
57
77
64
59
50
63
72
65
59
62
62
51
54
60
61
59
59
69
50
53
59
55
58
61
45
75
63
63
64
57
62
57
55
66
69
53
57
47
58
35
52
59
63
53
55
45
51
59
64
52
55
45
47
53
45
36
62
55
32
49
60
60
50
53
60
64
42
43
48
47
37
41
47
46
57
52
51
47
46
52
50
37
49
45
44
48
59
40
57
42
54
51
37
41
44
57
50
45
39
42
50
46
49
48
42
43
47
50
45
39
37
36
64
38
40
39
41
43
48
46
39
47
51
34
47
47
47
43
50
44
42
31
40
36
46
49
35
43
48
38
41
40
43
35
35
36
38
34
43
42
29
52
45
38
37
25
23
33
29
43
38
40
36
47
39
37
28
34
37
35
32
29
33
35
33
38
32
36
34
36
38
23
33
39
40
31
33
21
39
42
32
33
24
36
32
23
43
38
31
41
26
26
39
31
32
35
35
31
28
33
35
31
29
24
18
35
35
41
32
30
26
25
34
26
37
35
23
32
23
27
21
35
31
36
29
27
33
20
29
32
23
23
27
26
26
26
21
26
28
31
31
24
24
28
22
22
24
21
24
23
17
25
35
23
26
30
24
32
34
28
25
22
30
29
27
24
20
24
22
20
15
24
21
16
30
34
26
31
22
28
25
23
26
24
26
19
32
19
20
16
14
24
18
20
23
24
31
15
22
30
25
22
24
18
19
19
26
27
27
22
22
17
25
16
14
23
23
20
15
21
21
25
19
18
22
10
20
27
27
19
25
14
17
19
11
17
18
19
22
15
16
18
16
15
20
24
15
28
13
17
16
16
14
22
19
13
19
17
16
15
14
17
17
17
15
10
16
14
18
20
22
18
15
23
9
6
19
16
16
21
13
14
22
14
19
14
12
16
12
6
12
14
16
13
16
22
16
14
10
16
11
12
13
12
9
17
14
15
13
19
16
8
16
11
10
10
13
7
20
11
8
12
13
17
12
8
14
14
17
12
15
12
11
11
12
9
15
9
21
16
14
15
14
11
11
15
13
13
8
16
10
11
7
13
6
11
9
9
9
7
11
6
12
11
8
17
12
12
8
11
10
10
6
11
20
12
10
6
7
10
10
10
14
13
9
8
4
13
8
9
5
10
8
12
10
11
11
8
9
10
8
5
9
10
10
13
7
10
4
5
8
10
10
11
9
9
12
3
11
9
10
15
8
10
11
7
13
8
7
8
3
13
9
6
16
4
7
9
6
14
3
8
9
8
8
12
7
6
10
8
4
8
9
6
6
11
8
6
7
11
8
6
11
9
7
5
11
10
4
8
3
8
6
8
6
6
6
2
11
9
6
4
7
6
5
5
5
9
1
13
5
5
6
6
12
6
4
2
8
5
3
9
8
8
9
4
4
4
6
4
5
4
10
4
1
4
6
5
6
3
6
5
7
5
12
9
7
5
9
3
3
9
8
4
6
3
4
4
6
6
4
3
10
3
4
9
5
3
2
4
4
6
6
3
4
3
9
3
2
5
3
6
5
4
3
4
7
7
7
2
3
4
3
5
6
3
12
3
9
3
5
8
3
4
4
4
5
6
3
5
3
5
1
4
4
4
2
4
4
5
6
2
9
4
6
4
2
3
5
3
3
5
3
2
2
2
4
6
6
1
3
2
4
4
2
1
1
5
2
6
3
3
3
0
4
4
5
3
5
3
5
1
4
2
4
6
3
3
3
4
4
3
3
1
5
4
3
6
3
3
4
2
7
9
2
4
2
2
5
2
0
1
2
0
4
4
1
2
2
3
3
1
4
3
3
4
1
1
1
3
1
2
4
0
4
0
3
4
4
4
1
4
4
3
1
3
2
3
1
2
3
1
3
3
3
4
5
2
3
3
0
2
1
4
4
1
1
1
2
4
5
0
0
5
3
2
1
2
2
0
1
3
2
1
3
4
3
2
2
1
1
0
1
2
1
0
4
0
2
3
1
2
3
4
0
1
3
1
3
0
1
1
2
4
1
3
0
2
1
2
2
0
0
2
1
4
2
2
1
1
1
1
0
0
3
2
1
0
2
2
2
0
2
1
0
0
2
1
1
2
3
2
2
2
1
0
4
0
1
0
2
2
2
3
0
0
1
2
1
2
6
0
0
1
1
2
0
0
1
3
0
1
0
3
1
0
0
2
2
3
2
1
0
1
1
2
1
2
2
1
1
0
2
1
0
3
0
1
2
0
0
0
2
1
0
0
0
2
0
1
0
1
0
1
1
1
4
2
1
1
0
1
0
0
2
1
0
0
1
0
2
0
0
1
0
2
3
1
0
1
0
1
0
0
1
2
0
1
1
1
2
1
0
0
0
0
1
0
2
1
1
1
1
1
0
1
1
0
1
0
1
0
1
2
2
2
2
3
0
1
0
0
0
0
1
1
0
2
1
0
1
1
1
0
0
2
2
0
4
1
2
0
0
1
0
0
2
0
0
1
1
0
0
1
0
1
0
1
0
0
0
1
0
1
1
2
0
1
0
0
0
0
0
2
0
1
1
1
3
2
0
0
1
1
3
0
3
0
0
0
1
0
0
2
1
0
2
0
2
0
1
3
0
0
0
0
0
0
0
0
1
0
0
0
0
0
0
0
0
1
2
2
0
2
0
2
0
1
0
0
0
1
1
0
0
0
0
1
0
0
1
1
2
1
0
0
0
0
1
1
0
0
1
1
1
0
0
0
0
3
0
1
0
0
0
0
0
0
0
0
0
0
0
0
0
0
1
1
0
0
0
0
0
2
2
0
0
0
1
0
0
1
0
1
0
0
0
0
0
1
0
1
0
0
1
1
0
0
1
0
0
0
0
0
2
0
0
0
0
0
0
0
1
0
0
0
0
0
0
0
0
1
0
0
0
0
0
0
0
0
0
1
0
1
0
1
0
1
0
1
0
0
0
0
0
0
0
0
0
0
0
0
0
0
0
1
0
0
0
1
0
0
0
0
2
0
0
0
0
0
0
0
0
0
0
0
0
0
0
0
0
2
0
0
0
1
0
0
0
0
0
0
0
0
0
0
0
0
0
0
0
0
0
0
0
1
0
0
0
0
0
0
0
0
0
0
0
1
0
0
1
0
0
1
1
0
1
0
0
0
0
0
0
0
0
0
0
0
0
0
1
0
1
0
0
0
0
0
0
0
0
0
0
0
1
0
0
2
0
0
0
0
0
0
0
0
0
0
0
0
0
0
0
0
0
0
0
0
0
0
0
0
0
0
0
0
0
0
0
0
0
0
0
1
0
0
0
0
0
0
0
0
0
0
0
1
1
0
0
0
0
0
1
0
0
0
0
0
0
0
0
0
0
0
1
0
0
0
0
0
0
0
0
0
0
0
0
0
0
0
0
0
0
0
0
0
0
0
0
0
0
0
0
0
0
0
0
0
0
0
0
0
0
0
0
0
0
0
0
0
0
0
0
0
0
0
0
0
0
0
0
0
0
0
0
0
0
0
0
0
0
0
0
0
0
0
0
0
0
0
0
0
1
0
0
0
0
0
0
0
0
0
0
0
0
0
0
0
0
0
0
0
0
0
0
0
0
0
0
0
0
0
0
0
0
0
0
1
0
0
0
0
0
0
0
0
0
0
0
0
0
0
0
0
0
0
0
0
0
0
0
1
0
0
0
0
0
0
0
0
0
0
0
0
0
0
0
0
0
0
0
0
0
0
0
0
0
0
0
0
1
0
0
0
0
0
0
0
0
0
0
0
0
0
0
0
0
0
0
0
0
0
0
0
0
0
0
0
0
0
0
0
0
0
0
0
0
0
0
0
0
0
0
0
0
0
0
0
0
0
0
0
0
0
0
0
0
0
0
0
0
0
0
0
0
0
0
0
1
0
0
0
0
0
0
0
0
1
0
0
0
0
0
0
0
0
0
0
0
0
0
0
0
0
0
0
0
0
0
0
0
0
0
0
0
0
0
0
0
0
0
0
0
0
0
0
0
0
0
0
0
0
0
0
0
0
0
0
0
0
0
0
0
0
0
0
0
0
0
0
0
0
0
0
0
0
0
0
1
0
0
0
0
0
0
0
0
0
0
0
0
0
0
0
0
0
0
0
0
0
0
0
0
0
0
0
0
0
0
0
0
0
0
0
0
0
0
1
0
0
0
0
0
0
0
0
0
0
0
0
0
0
0
0
0
0
0
0
0
0
0
0
0
0
0
0
0
0
0
1
0
0
0
0
0
0
0
0
0
0
0
0
0
0
0
0
0
0
0
0
0
0
0
0
0
0
0
0
0
0
0
0
0
0
0
0
0
0
0
0
0
0
0
0
0
0
0
0
0
0
0
0
0
0
0
0
0
0
0
0
0
0
0
0
0
0
0
0
0
0
0
0
0
0
0
0
0
0
0
0
0
0
0
0
0
0
0
0
0
0
0
0
0
0
0
0
0
0
0
0
0
0
0
0
0
0
0
0
0
0
0
0
0
0
0
0
0
0
0
0
0
0
0
0
0
0
0
0
0
0
0
0
0
0
0
0
0
0
0
0
0
0
0
0
0
0
0
0
0
0
0
0
0
0
0
0
0
0
0
0
0
0
0
0
0
0
0
0
0
0
0
0
0
0
0
0
0
0
0
0
0
0
0
0
0
0
0
0
0
0
0
0
0
0
0
0
0
0
0
0
0
0
0
0
0
0
0
0
0
0
0
0
0
0
0
0
0
0
0
0
0
0
0
0
0
0
0
0
0
0
0
0
0
0
0
0
0
0
0
0
0
0
0
0
0
0
0
0
0
0
0
0
0
0
0
0
0
0
0
0
0
0
0
0
0
0
0
0
0
0
0
0
0
0
0
0
0
0
0
0
0
0
0
0
0
0
0
0
0
0
0
0
0
0
0
0
0
0
0
0
0
0
0
0
0
0
0
0
0
0
0
0
0
0
0
0
0
0
0
0
0
0
0
0
0
0
0
0
0
0
0
0
0
0
0
0
0
0
0
0
0
0
0
0
0
0
0
0
0
0
0
0
0
0
0
0
0
0
0
0
0
0
0
0
0
0
0
0
0
0
0
0
0
0
0
0
0
0
0
0
0
0
0
0
0
0
0
0
0
0
0
0
0
0
0
0
0
0
0
0
0
0
0
0
0
0
0
0
0
0
0
0
0
0
0
0
0
0
0
0
0
0
0
0
0
0
0
0
0
0
0
0
0
0
0
0
0
0
0
0
0
0
0
0
0
0
0
0
0
0
0
0
0
0
0
0
0
0
0
0
0
0
0
0
0
0
0
0
0
0
0
0
0
0
0
0
0
0
0
0
0
0
0
0
0
0
0
0
0
0
0
0
0
0
0
0
0
0
0
0
0
0
0
0
0
0
0
0
0
0
0
0
0
0
0
0
0
0
0
0
0
0
0
0
0
0
0
0
0
0
0
0
0
0
0
0
0
0
0
0
0
0
0
0
0
0
0
0
0
0
0
0
0
0
0
0
0
0
0
0
0
0
0
0
0
0
0
0
0
0
0
0
0
0
0
0
0
0
0
0
0
0
0
0
0
0
0
0
0
0
0
0
0
0
0
0
0
0
0
0
0
0
0
0
0
0
0
0
0
0
0
0
0
0
0
0
0
0
0
0
0
0
0
0
0
0
0
0
0
0
0
0
0
0
0
0
0
0
0
0
0
0
0
0
0
0
0
0
0
0
0
0
0
0
0
0
0
0
0
0
0
0
0
0
0
0
0
0
0
0
0
0
0
0
0
0
0
0
0
0
0
0
0
0
0
0
0
0
0
0
0
0
0
0
0
0
0
0
0
0
0
0
0
0
0
0
0
0
0
0
0
0
0
0
0
0
0
0
0
0
0
0
0
0
0
0
0
0
0
0
0
0
0
0
0
0
0
0
0
0
0
0
0
0
0
0
0
0
0
0
0
0
0
0
0
0
0
0
0
0
0
0
0
0
0
0
0
0
0
0
0
0
0
0
0
0
0
0
0
0
0
0
0
0
0
0
0
0
0
0
0
0
0
0
0
0
0
0
0
0
0
0
0
0
0
0
0
0
0
0
0
0
0
0
0
0
0
0
0
0
0
0
0
0
0
0
0
0
0
0
0
0
0
0
0
0
0
0
0
0
0
0
0
0
0
0
0
0
0
0
0
0
0
0
0
0
0
0
0
0
0
0
0
0
0
0
0
0
0
0
0
0
0
0
0
0
0
0
0
0
0
0
0
0
0
0
0
0
0
0
0
0
0
0
0
0
0
0
0
0
0
0
0
0
0
0
0
0
0
0
0
0
0
0
0
0
0
0
0
0
0
0
0
0
0
0
0
0
0
0
0
0
0
0
0
0
0
0
0
0
0
0
0
0
0
0
0
0
0
0
0
0
0
0
0
0
0
0
0
0
0
0
0
0
0
0
0
0
0
0
0
0
0
0
0
0
0
0
0
0
0
0
0
0
0
0
0
0
0
0
0
0
0
0
0
0
0
0
0
0
0
0
0
0
0
0
0
0
0
0
0
0
0
0
0
0
0
0
0
0
0
0
0
0
0
0
0
0
0
0
0
0
0
0
0
0
0
0
0
0
0
0
0
0
0
0
0
0
0
0
0
0
0
0
0
0
0
0
0
0
0
0
0
0
0
0
0
0
0
0
0
0
0
0
0
0
0
0
0
0
0
0
0
0
0
0
0
0
0
0
0
0
0
0
0
0
0
0
0
0
0
0
0
0
0
0
0
0
0
0
0
0
0
0
0
0
0
0
0
0
0
0
0
0
0
0
0
0
0
0
0
0
0
0
0
0
0
0
0
0
0
0
0
0
0
0
0
0
0
0
0
0
0
0
0
0
0
0
0
0
0
0
0
0
0
0
0
0
0
0
0
0
0
0
0
0
0
0
0
0
0
0
0
0
0
0
0
0
0
0
0
0
0
0
0
0
0
0
0
0
0
0
0
0
0
0
0
0
0
0
0
0
0
0
0
0
0
0
0
0
0
0
0
0
0
0
0
0
0
0
0
0
0
0
0
0
0
0
0
0
0
0
0
0
0
0
0
0
0
0
0
0
0
0
0
0
0
0
0
0
0
0
0
0
0
0
0
0
0
0
0
0
0
0
0
0
0
0
0
0
0
0
0
0
0
0
0
0
0
0
0
0
0
0
0
0
0
0
0
0
0
0
0
0
0
0
0
0
0
0
0
0
0
0
0
0
0
0
0
0
0
0
0
0
0
0
0
0
0
0
0
0
0
0
0
0
0
0
0
0
0
0
0
0
0
0
0
0
0
0
0
0
0
0
0
0
0
0
0
0
0
0
0
0
0
0
0
0
0
0
0
0
0
0
0
0
0
0
0
0
0
0
0
0
0
0
0
0
0
0
0
0
0
0
0
0
0
0
0
0
0
0
0
0
0
0
0
0
0
0
0
0
0
0
0
0
0
0
0
0
0
0
0
0
0
0
0
0
0
0
0
0
0
0
0
0
0
0
0
0
0
0
0
0
0
0
0
0
0
0
0
0
0
0
0
0
0
0
0
0
0
0
0
0
0
0
0
0
0
0
0
0
0
0
0
0
0
0
0
0
0
0
0
0
0
0
0
0
0
0
0
0
0
0
0
0
0
0
0
0
0
0
0
0
0
0
0
0
0
0
0
0
0
0
0
0
0
0
0
0
0
0
0
0
0
0
0
0
0
0
0
0
0
0
0
0
0
0
0
0
0
0
0
0
0
0
0
0
0
0
0
0
0
0
0
0
0
0
0
0
0
0
0
0
0
0
0
0
0
0
0
0
0
0
0
0
0
0
0
0
0
0
0
0
0
0
0
0
0
0
0
0
0
0
0
0
0
0
0
0
0
0
0
0
0
0
0
0
0
0
0
0
0
0
0
0
0
0
0
0
0
0
0
0
0
0
0
0
0
0
0
0
0
0
0
0
0
0
0
0
0
0
0
0
0
0
0
0
0
0
0
0
0
0
0
0
0
0
0
0
0
0
0
0
0
0
0
0
0
0
0
0
0
0
0
0
0
0
0
0
0
0
0
0
0
0
0
0
0
0
0
0
0
0
0
0
0
0
0
0
0
0
0
0
0
0
0
0
0
0
0
0
0
0
0
0
0
0
0
0
0
0
0
0
0
0
0
0
0
0
0
0
0
0
0
0
0
0
0
0
0
0
0
0
0
0
0
0
0
0
0
0
0
0
0
0
0
0
0
0
0
0
0
0
0
0
0
0
0
0
0
0
0
0
0
0
0
0
0
0
0
0
0
0
0
0
0
0
0
0
0
0
0
0
0
0
0
0
0
0
0
0
0
0
0
0
0
0
0
0
0
0
0
0
0
0
0
0
0
0
0
0
0
0
0
0
0
0
0
0
0
0
0
0
0
0
0
0
0
0
0
0
0
0
0
0
0
0
0
0
0
0
0
0
0
0
0
0
0
0
0
0
0
0
0
0
0
0
0
0
0
0
0
0
0
0
0
0
0
0
0
0
0
0
0
0
0
0
0
0
0
0
0
0
0
0
0
0
0
0
0
0
0
0
0
0
0
0
0
0
0
0
0
0
0
0
0
0
0
0
0
0
0
0
0
0
0
0
0
0
0
0
0
0
0
0
0
0
0
0
0
0
0
0
0
0
0
0
0
0
0
0
0
0
0
0
0
0
0
0
0
0
0
0
0
0
0
0
0
0
0
0
0
0
0
0
0
0
0
0
0
0
0
0
0
0
0
0
0
0
0
0
0
0
0
0
0
0
0
0
0
0
0
0
0
0
0
0
0
0
0
0
0
0
0
0
0
0
0
0
0
0
0
0
0
0
0
0
0
0
0
0
0
0
0
0
0
0
0
0
0
0
0
0
0
0
0
0
0
0
0
0
0
0
0
0
0
0
0
0
0
0
0
0
0
0
0
0
0
0
0
0
0
0
0
0
0
0
0
0
0
0
0
0
0
0
0
0
0
0
0
0
0
0
0
0
0
0
0
0
0
0
0
0
0
0
0
0
0
0
0
0
0
0
0
0
0
0
0
0
0
0
0
0
0
0
0
0
0
0
0
0
0
0
0
0
0
0
0
0
0
0
0
0
0
0
0
0
0
0
0
0
0
0
0
0
0
0
0
0
0
0
0
0
0
0
0
0
0
0
0
0
0
0
0
0
0
0
0
0
0
0
0
0
0
0
0
0
0
0
0
0
0
0
0
0
0
0
0
0
0
0
0
0
0
0
0
0
0
0
0
0
0
0
0
0
0
0
0
0
0
0
0
0
0
0
0
0
0
0
0
0
0
0
0
0
0
0
0
0
0
0
0
0
0
0
0
0
0
0
0
0
0
0
0
0
0
0
0
0
0
0
0
0
0
0
0
0
0
0
0
0
0
0
0
0
0
0
0
0
0
0
0
0
0
0
0
0
0
0
0
0
0
0
0
0
0
0
0
0
0
0
0
0
0
0
0
0
0
0
0
0
0
0
0
0
0
0
0
0
0
0
0
0
0
0
0
0
0
0
0
0
0
0
0
0
0
0
0
0
0
0
0
0
0
0
0
0
0
0
0
0
0
0
0
0
0
0
0
0
0
0
0
0
0
0
0
0
0
0
0
0
0
0
0
0
0
0
0
0
0
0
0
0
0
0
0
0
0
0
0
0
0
0
0
0
0
0
0
0
0
0
0
0
0
0
0
0
0
0
0
0
0
0
0
0
0
0
0
0
0
0
0
0
0
0
0
0
0
0
0
0
0
0
0
0
0
0
0
0
0
0
0
0
0
0
0
0
0
0
0
0
0
0
0
0
0
0
0
0
0
0
0
0
0
0
0
0
0
0
0
0
0
0
0
0
0
0
0
0
0
0
0
0
0
0
0
0
0
0
0
0
0
0
0
0
0
0
0
0
0
0
0
0
0
0
0
0
0
0
0
0
0
0
0
0
0
0
0
0
0
0
0
0
0
0
0
0
0
0
0
0
0
0
0
0
0
0
0
0
0
0
0
0
0
0
0
0
0
0
0
0
0
0
0
0
0
0
0
0
0
0
0
0
0
0
0
0
0
0
0
0
0
0
0
0
0
0
0
0
0
0
0
0
0
0
0
0
0
0
0
0
0
0
0
0
0
0
0
0
0
0
0
0
0
0
0
0
0
0
0
0
0
0
0
0
0
0
0
0
0
0
0
0
0
0
0
0
0
0
0
0
0
0
0
0
0
0
0
0
0
0
0
0
0
0
0
0
0
0
0
0
0
0
0
0
0
0
0
0
0
0
0
0
0
0
0
0
0
0
0
0
0
0
0
0
0
0
0
0
0
0
0
0
0
0
0
0
0
0
0
0
0
0
0
0
0
0
0
0
0
0
0
0
0
0
0
0
0
