0
0
1
0
0
0
0
1
1
0
0
0
0
0
0
1
0
0
0
1
2
0
2
0
0
0
0
1
0
1
0
0
2
0
2
1
0
1
1
0
0
1
1
0
0
0
0
0
1
1
0
0
1
1
0
2
1
3
1
3
1
2
2
2
1
1
1
1
2
0
0
2
2
1
0
1
0
2
1
1
0
0
0
1
0
0
0
0
0
1
1
4
1
0
2
0
0
1
0
0
1
1
1
0
2
1
1
3
1
3
0
2
1
2
1
1
3
3
1
1
3
1
3
1
0
1
2
2
2
1
1
1
1
2
0
3
0
1
4
0
1
0
2
0
3
3
4
1
2
1
2
4
2
0
0
1
0
2
4
2
2
0
1
3
2
1
1
2
2
1
2
3
2
1
2
1
2
0
2
2
4
2
7
1
4
3
1
1
6
0
3
2
1
5
0
5
1
3
2
0
0
0
2
3
3
0
2
4
2
3
3
3
0
5
4
5
1
2
2
6
3
1
1
2
2
6
3
6
3
3
3
2
1
2
3
1
3
3
6
1
6
4
4
5
3
3
3
7
8
5
5
5
3
3
7
6
8
2
4
4
4
5
4
4
1
4
5
3
5
6
6
10
3
4
6
4
5
7
4
6
3
11
2
9
3
6
3
7
12
4
4
5
2
5
12
5
7
7
4
7
6
7
6
5
8
10
7
4
5
3
8
3
4
5
5
2
9
8
4
7
5
5
3
6
7
10
11
11
9
3
6
6
11
3
6
9
10
9
10
6
11
6
10
15
5
11
11
7
7
8
9
5
7
14
9
8
9
10
6
6
11
8
6
9
6
7
10
9
13
11
13
11
10
18
11
7
8
7
8
9
8
14
12
15
14
18
6
13
15
8
13
8
16
14
9
10
15
15
8
9
10
14
17
16
15
14
17
12
12
10
11
15
13
9
19
9
23
12
9
14
12
13
13
15
18
13
9
14
7
12
14
9
16
16
21
16
14
14
15
13
16
13
18
18
18
12
18
11
13
26
18
17
14
21
28
19
24
16
23
21
23
24
25
16
12
13
20
21
21
25
30
22
18
23
28
21
17
18
21
19
18
25
23
22
26
26
19
9
27
28
14
22
29
29
26
32
20
24
31
33
23
32
33
29
27
24
23
23
19
24
21
24
19
26
18
25
20
19
37
29
26
24
33
37
35
22
37
28
36
28
34
42
30
26
39
34
27
37
26
24
31
27
34
40
34
39
29
27
39
38
45
35
24
46
29
38
36
39
37
34
31
32
48
34
29
36
30
35
40
43
43
45
32
27
44
47
39
43
36
29
31
29
42
40
44
48
41
48
56
41
51
47
47
56
51
38
56
49
44
57
44
52
42
51
59
50
48
40
42
73
43
40
56
49
55
47
52
38
34
40
60
50
63
68
43
54
41
57
57
54
69
54
59
53
62
59
61
74
64
69
51
53
65
50
58
65
61
58
58
57
53
59
74
55
66
60
69
54
49
71
63
53
77
70
68
80
65
63
53
71
60
64
80
87
68
75
68
73
69
64
71
67
70
73
84
57
67
62
73
73
74
58
72
85
84
81
75
76
68
90
69
88
92
77
83
85
92
75
94
68
83
86
86
66
73
93
75
70
77
105
69
89
91
102
95
76
95
94
98
86
112
102
86
97
97
94
95
90
116
108
105
80
96
104
97
95
91
89
93
118
89
120
101
93
98
106
95
116
87
107
107
96
99
125
115
108
92
113
132
108
136
98
93
100
114
104
109
128
112
114
111
114
115
137
109
119
108
117
112
118
120
135
120
128
111
95
121
115
127
139
121
122
122
145
128
129
118
125
140
137
144
110
154
143
127
132
132
123
125
127
139
120
123
120
156
128
160
143
128
147
127
129
122
130
124
161
157
138
138
160
151
147
131
153
145
143
163
156
152
144
146
161
141
152
159
162
155
137
148
159
166
174
173
183
170
145
165
188
173
172
160
161
177
169
188
169
174
171
187
204
180
175
171
175
175
187
195
172
180
158
204
207
185
172
158
197
203
221
198
177
185
163
173
203
216
203
201
190
212
196
212
187
209
223
202
211
177
195
185
197
194
200
205
162
203
220
199
238
225
216
211
211
194
199
248
201
221
203
206
204
220
203
230
238
237
237
214
226
256
214
236
246
239
233
228
221
266
249
255
261
261
230
241
217
264
225
231
271
252
256
250
264
245
235
257
264
235
235
227
249
243
249
222
257
276
257
259
233
271
275
283
243
233
256
275
290
270
266
273
275
274
295
236
259
291
276
277
332
273
278
285
314
280
263
272
276
304
291
283
270
291
297
277
329
258
293
299
311
323
302
291
313
311
324
273
316
302
320
333
329
331
319
309
349
307
318
313
368
301
336
305
275
339
339
331
323
355
300
310
346
333
321
356
338
335
326
316
340
340
348
346
338
362
336
320
353
323
359
325
380
370
359
333
331
369
354
378
380
359
355
351
352
361
351
378
392
378
369
348
379
384
354
352
414
385
374
372
383
365
399
361
408
412
389
350
378
432
351
396
395
384
407
402
394
393
415
393
396
354
426
371
416
403
420
445
407
385
410
413
388
407
391
378
430
408
426
424
372
397
460
447
449
438
399
429
424
435
447
453
448
449
464
462
377
414
431
436
450
449
480
462
486
462
413
407
457
445
431
430
389
425
443
485
490
480
459
461
460
491
440
470
471
468
494
467
490
483
449
523
501
499
493
482
518
474
513
481
500
492
465
465
474
492
501
489
506
507
456
489
456
461
504
505
513
512
507
474
470
539
485
503
531
504
552
453
484
522
597
535
531
528
514
500
577
555
520
529
564
541
572
478
553
546
521
516
596
549
530
497
510
569
576
546
561
502
563
525
560
584
571
539
585
550
532
595
541
573
526
545
606
583
612
545
577
588
549
598
584
625
541
557
588
628
608
596
624
617
570
607
608
555
583
619
555
642
584
584
549
597
643
617
616
632
612
643
600
579
650
598
650
582
627
607
591
604
681
604
598
628
664
635
667
659
601
619
687
676
667
622
666
632
595
631
690
642
666
618
667
637
596
623
680
667
654
571
660
677
645
635
696
689
642
681
676
668
671
673
673
667
695
671
686
662
653
751
722
681
670
639
672
695
684
656
703
649
688
611
580
647
674
724
687
698
683
664
730
713
675
655
771
656
701
706
699
697
738
677
723
682
740
712
747
702
716
726
772
697
718
738
682
683
732
735
744
759
704
716
721
731
725
710
786
682
774
719
632
776
744
771
744
760
691
742
811
768
703
759
748
762
724
700
756
763
727
752
706
730
777
724
760
781
754
788
748
773
758
763
816
774
793
764
787
766
786
822
761
819
754
784
745
761
747
706
755
761
819
822
824
747
867
742
796
775
770
801
775
825
779
760
852
798
742
867
818
784
801
735
776
791
807
777
805
786
802
728
757
811
795
825
822
813
767
862
774
870
817
805
852
761
810
785
851
817
810
822
863
832
806
847
792
820
816
810
868
818
840
866
837
803
879
832
853
838
845
809
860
828
807
851
826
819
839
800
696
849
770
833
867
871
789
819
854
897
879
870
867
839
793
860
865
828
851
846
901
850
892
808
874
901
808
819
899
882
840
867
856
878
820
871
922
915
909
878
847
833
851
826
878
845
849
754
867
908
811
892
904
874
869
843
903
893
841
829
878
888
851
852
899
898
875
866
916
901
875
830
902
861
899
855
939
858
928
776
738
896
924
896
933
910
910
903
907
904
879
884
962
888
874
853
893
908
932
902
851
923
905
880
918
894
904
835
925
953
904
849
863
910
926
927
881
925
904
903
973
931
929
877
914
889
860
965
786
904
904
902
882
870
911
847
928
955
909
932
910
975
872
859
888
923
892
888
931
946
945
849
934
976
880
879
960
926
944
898
882
896
867
878
982
902
920
916
907
891
878
841
990
934
886
878
900
940
937
947
932
950
877
902
910
895
948
881
943
957
951
926
919
908
912
875
952
880
944
882
936
872
878
887
916
911
902
844
871
888
933
856
931
907
933
915
998
901
878
954
908
929
937
904
944
924
934
857
983
916
879
871
907
894
869
899
889
948
865
866
874
918
860
882
867
927
921
944
940
925
898
890
900
857
929
892
751
918
889
906
922
897
882
882
893
883
880
889
935
937
871
864
868
928
877
869
934
859
905
861
909
908
918
873
877
904
858
930
896
898
923
853
956
911
878
886
904
920
938
901
890
945
878
776
893
935
865
955
972
921
883
915
899
896
916
870
897
885
865
869
875
896
855
882
940
847
877
901
876
876
891
915
887
904
871
791
779
894
884
861
892
861
872
840
913
912
846
840
891
874
878
835
888
849
843
911
862
894
897
852
857
879
840
877
861
855
858
876
866
874
855
865
913
874
858
854
892
885
863
844
857
818
847
853
690
825
839
851
920
871
882
776
863
821
762
846
859
861
840
801
825
863
861
819
830
849
805
795
846
822
834
797
886
828
763
804
866
861
857
844
852
815
806
776
822
780
797
779
883
866
831
753
880
786
809
838
813
816
795
779
834
783
813
822
815
780
769
795
806
885
824
809
774
801
842
808
794
785
746
797
807
770
806
719
713
797
778
753
820
761
811
767
789
772
789
785
802
798
769
766
783
754
768
753
782
753
758
755
783
793
700
726
776
767
800
723
795
775
782
813
751
771
817
792
790
759
773
721
719
731
759
755
603
752
733
775
798
750
693
769
777
772
722
745
751
745
719
693
720
741
761
754
721
713
699
736
714
708
762
732
739
724
701
705
734
728
677
744
704
744
798
662
766
746
703
722
746
772
720
653
757
747
710
698
760
715
714
706
684
700
656
726
756
720
681
718
731
676
685
700
708
662
693
661
668
676
681
681
671
686
698
612
620
693
640
695
714
710
656
668
714
657
666
690
716
667
664
677
656
669
677
683
699
672
647
624
625
671
682
633
663
652
685
615
653
659
585
686
644
698
604
610
665
630
610
593
635
594
644
631
551
634
618
671
588
614
588
623
658
625
582
620
626
588
644
560
608
610
600
589
630
632
605
640
598
584
541
580
585
602
597
606
641
586
588
586
561
571
588
567
605
591
562
589
542
586
533
535
601
584
593
610
586
582
576
564
616
576
603
537
555
542
537
559
540
543
552
589
558
543
513
567
560
584
568
551
616
544
528
496
488
526
515
550
567
527
545
546
529
570
554
532
542
552
557
543
532
496
508
512
545
486
554
552
536
505
502
491
518
525
531
488
538
465
486
493
532
517
527
483
487
541
493
508
499
485
470
486
393
482
480
491
475
466
478
474
532
505
484
517
483
515
500
475
480
503
499
496
467
469
482
490
503
488
446
481
475
510
479
441
509
461
429
435
498
468
455
441
462
469
440
453
456
496
445
405
457
430
438
467
431
437
433
426
435
420
420
419
448
462
440
406
439
403
413
434
405
397
428
390
428
402
445
425
415
438
400
383
379
424
372
407
451
416
390
410
423
400
401
398
419
373
406
384
433
411
373
399
405
373
373
379
410
394
386
382
368
361
378
336
382
358
392
407
372
400
352
370
331
352
337
357
336
390
388
365
335
378
366
364
379
379
369
361
350
354
352
343
345
328
343
336
357
361
324
332
377
369
351
314
348
366
328
352
353
340
339
337
328
350
362
342
354
333
309
327
364
309
304
314
342
320
300
273
351
296
316
333
318
299
324
333
318
351
326
308
316
278
290
295
305
306
325
297
308
307
305
309
321
287
307
310
344
310
317
253
259
298
319
288
282
299
268
279
291
293
292
284
300
274
273
271
264
236
246
293
311
300
289
301
292
280
254
267
252
264
279
277
253
274
271
273
245
275
247
260
286
300
236
261
270
244
282
264
226
267
282
267
276
253
266
255
281
237
241
230
230
254
246
220
250
258
257
275
258
239
247
248
223
262
233
225
230
240
239
243
261
269
231
231
223
257
227
214
190
245
233
226
242
249
225
206
209
238
220
235
228
210
207
192
227
222
207
203
231
216
210
204
205
201
213
210
194
215
205
225
239
222
190
215
189
206
220
188
197
158
202
185
202
184
191
188
202
192
182
192
182
196
203
178
177
206
211
213
162
188
185
214
156
199
160
192
203
186
221
161
198
197
166
156
178
173
184
169
154
130
174
193
181
164
163
156
129
169
167
179
188
176
163
198
173
199
162
182
171
170
157
161
170
181
159
155
167
170
184
150
166
151
180
160
175
185
158
125
164
153
146
144
161
135
142
166
154
163
144
153
148
153
154
147
140
134
136
157
161
122
143
141
168
145
125
138
143
157
124
152
141
134
142
135
129
127
140
132
148
134
130
156
134
130
133
125
101
156
114
142
138
123
136
94
138
136
138
124
122
132
119
102
122
112
108
135
115
120
113
115
128
112
120
124
99
125
131
105
131
147
97
118
110
129
104
117
124
118
132
96
96
114
107
99
95
97
112
94
116
113
121
109
101
131
107
92
105
104
88
86
115
101
101
112
88
113
95
99
87
113
104
113
115
86
119
90
76
83
88
102
104
86
91
101
96
97
102
89
97
104
87
95
106
99
98
77
74
101
102
83
80
79
97
80
83
88
87
83
80
90
77
76
79
87
86
84
77
89
84
95
76
75
82
77
60
90
78
76
75
57
81
71
79
80
75
70
76
78
99
75
67
75
63
70
83
68
74
70
67
80
75
77
65
64
67
59
68
66
82
74
79
86
62
65
66
64
73
78
65
62
82
68
56
78
67
66
69
70
65
68
70
61
73
65
60
65
60
64
62
60
60
71
58
57
67
65
57
65
60
47
63
56
42
67
51
62
60
57
56
49
51
54
49
53
48
50
51
64
62
34
77
47
60
43
44
41
47
54
49
54
44
63
53
58
56
48
49
60
46
46
36
43
61
47
45
48
49
45
46
38
56
48
36
50
57
45
53
35
52
41
44
38
45
50
47
50
49
45
44
47
47
35
53
45
34
44
38
46
35
39
44
36
44
43
45
42
41
43
44
45
48
44
40
33
39
35
40
45
49
38
30
31
41
32
27
47
38
35
35
31
40
47
44
44
29
35
44
35
42
38
57
38
33
29
37
32
37
23
32
25
39
30
30
29
22
39
36
25
23
34
27
29
38
24
28
32
42
28
40
37
26
26
28
36
24
26
31
23
23
35
28
34
24
25
42
26
24
28
27
19
23
30
36
21
45
19
26
34
19
25
15
28
17
33
31
26
22
28
25
25
19
21
21
26
35
21
17
29
27
27
25
19
19
24
26
25
24
14
28
21
25
21
18
22
17
17
26
24
24
19
15
23
19
14
15
23
21
14
10
18
22
28
27
29
19
17
24
23
18
18
20
23
16
23
17
17
18
16
17
17
20
21
16
16
17
21
17
21
16
14
18
20
19
18
20
23
16
13
18
17
18
24
21
14
17
14
18
15
12
16
14
13
15
15
17
20
20
14
19
15
15
18
15
16
17
11
24
15
13
12
12
13
15
8
17
17
12
10
11
11
12
18
21
16
19
13
12
11
20
20
19
13
8
17
12
8
10
10
12
11
9
17
15
14
17
15
11
10
10
5
13
15
10
13
12
13
13
9
8
15
12
13
11
10
9
10
13
12
13
6
10
10
10
13
16
6
7
8
14
16
12
9
6
13
11
9
8
6
14
11
4
6
11
6
9
9
6
17
10
10
8
13
2
14
7
9
10
8
12
11
5
10
9
8
7
7
12
7
5
6
8
2
7
9
16
9
10
9
8
6
9
5
12
8
13
9
8
9
5
8
8
10
7
8
8
6
6
16
8
9
6
11
10
14
7
2
4
5
7
10
6
3
6
5
11
8
12
8
8
8
6
8
7
3
7
11
2
6
7
6
10
7
5
5
5
4
5
10
5
8
6
3
9
5
0
3
5
6
5
2
4
7
4
3
9
4
4
5
5
9
7
7
10
6
3
6
5
4
2
5
10
6
3
4
4
4
3
6
5
8
4
2
6
6
7
3
6
6
5
1
5
3
8
3
0
2
2
9
2
4
2
5
5
3
4
7
3
2
4
0
7
2
4
6
6
6
2
4
2
1
7
4
7
0
2
1
2
2
3
3
3
4
5
2
6
4
3
3
5
5
2
0
2
4
5
3
5
4
0
1
5
2
2
4
4
4
3
3
1
2
5
2
2
4
5
4
0
1
4
4
3
4
4
2
3
3
3
4
2
5
2
4
2
5
4
2
0
3
1
4
2
6
1
1
1
1
2
1
4
2
8
4
0
4
1
4
3
2
2
3
3
3
1
6
2
7
5
2
2
1
2
1
6
0
3
3
3
3
4
3
2
2
1
3
1
1
4
2
2
4
1
1
4
2
5
2
1
1
2
1
5
4
0
2
0
2
2
1
3
1
0
1
0
1
2
2
3
3
1
1
2
2
2
2
1
3
3
1
1
0
1
3
1
1
1
2
1
1
0
4
2
2
1
1
3
1
1
3
1
2
1
0
2
4
1
1
1
2
0
0
0
1
1
0
1
0
3
1
2
3
0
0
3
3
0
2
1
1
0
2
2
0
1
0
0
0
2
1
0
0
0
0
2
0
0
1
1
1
1
1
1
2
0
0
0
2
0
0
1
0
0
0
1
0
1
0
0
1
1
1
0
1
2
0
1
0
0
0
0
0
2
0
0
0
0
1
1
1
0
2
1
0
0
1
3
1
1
1
0
1
2
0
1
0
0
2
0
1
0
0
1
1
1
3
1
3
1
0
2
0
0
0
0
0
1
2
1
1
0
1
0
0
0
0
1
2
0
0
0
1
2
0
0
0
0
0
0
2
1
1
0
0
0
1
1
0
0
1
0
0
3
0
0
1
1
0
1
0
0
1
2
0
0
0
0
0
0
0
0
0
0
0
1
1
0
0
0
0
1
1
0
0
1
0
0
0
1
0
0
0
0
0
1
1
0
0
0
0
0
0
0
1
0
0
1
0
0
0
0
0
0
0
1
0
0
1
0
0
0
0
0
2
1
1
0
0
0
0
2
0
4
0
0
1
0
0
1
0
0
0
0
1
0
0
1
0
0
0
0
0
0
1
0
0
0
1
0
0
0
1
0
0
1
1
1
0
0
1
0
0
0
0
0
0
0
0
1
1
0
0
0
0
0
0
0
0
0
0
1
1
0
0
0
0
0
0
0
0
0
1
0
1
0
0
0
0
0
0
0
0
0
0
0
0
0
0
0
0
0
0
0
0
0
0
0
0
0
0
0
0
0
0
1
1
0
0
2
0
0
0
0
0
0
0
1
0
0
0
1
0
0
0
1
1
0
0
0
0
0
0
1
0
0
1
0
0
1
1
0
0
0
1
1
0
0
0
0
0
0
0
0
0
0
0
0
0
0
0
0
0
0
0
0
0
0
2
0
0
0
0
0
0
0
0
0
0
0
0
0
0
0
0
0
0
0
0
0
0
0
0
0
0
0
0
0
0
0
0
0
0
0
0
0
0
0
0
0
0
0
0
0
0
1
0
0
0
0
0
0
1
0
0
0
0
0
0
0
0
1
0
0
0
0
0
0
0
0
0
0
0
0
0
0
0
0
0
0
0
0
0
0
0
0
0
0
0
0
0
0
0
0
1
0
0
0
0
0
0
0
0
0
0
0
0
0
0
1
1
0
0
0
0
0
0
0
0
0
0
0
0
0
0
0
0
0
0
0
0
0
0
0
0
0
0
0
0
0
0
0
0
0
0
0
0
0
0
0
0
0
0
0
0
0
0
0
0
0
0
0
0
0
0
0
0
0
0
0
0
0
0
0
0
0
0
0
1
0
0
0
0
0
0
0
0
0
0
0
0
0
0
0
0
0
0
0
0
0
0
0
0
0
0
0
0
0
0
0
0
0
0
0
0
0
0
0
0
0
0
0
0
0
0
0
0
0
1
0
0
0
0
0
0
0
0
0
1
0
0
0
0
0
0
0
0
0
0
0
0
0
0
0
0
0
0
0
0
0
0
0
0
0
0
0
0
0
0
0
0
0
0
0
0
0
0
0
0
0
0
0
0
0
0
0
0
0
0
0
0
0
0
0
0
0
0
0
0
0
0
0
0
0
0
0
0
0
0
0
0
0
0
0
0
0
0
0
0
0
0
0
0
0
0
0
0
0
0
0
0
0
0
0
0
0
0
0
0
0
0
0
0
0
0
0
0
0
0
0
0
0
0
0
0
0
0
0
0
0
0
0
0
0
0
0
0
0
0
0
0
0
0
0
0
0
0
0
0
0
0
0
0
0
0
0
0
0
0
0
0
0
0
0
0
0
0
0
0
0
0
0
0
0
0
0
0
0
0
0
0
0
0
0
0
0
0
0
0
0
0
0
0
0
0
0
0
0
0
0
0
0
0
0
0
0
0
0
0
0
0
0
0
0
0
0
0
0
0
0
0
0
0
0
0
0
0
0
0
0
0
0
0
0
0
0
0
0
0
0
0
0
0
0
0
0
0
0
0
0
0
0
0
0
0
0
0
0
0
0
0
0
0
0
0
0
0
0
0
0
0
0
0
0
0
0
0
0
0
0
0
0
0
0
0
0
0
0
0
0
0
0
0
0
0
0
0
0
0
0
0
0
0
0
0
0
0
0
0
0
0
0
0
0
0
0
0
0
0
0
0
0
0
0
0
0
0
0
0
0
0
0
0
0
0
0
0
0
0
0
0
0
0
0
0
0
0
0
0
0
0
0
0
0
0
0
0
0
0
0
0
0
0
0
0
0
0
0
0
0
0
0
0
0
0
0
0
0
0
0
0
0
0
0
0
0
0
0
0
0
0
0
0
0
0
0
0
0
0
0
0
0
0
0
0
0
0
0
0
0
0
0
0
0
0
0
0
0
0
0
0
0
0
0
0
0
0
0
0
0
0
0
0
0
0
0
0
0
0
0
0
0
0
0
0
0
0
0
0
0
0
0
0
0
0
0
0
0
0
0
0
0
0
0
0
0
0
0
0
0
0
0
0
0
0
0
0
0
0
0
0
0
0
0
0
0
0
0
0
0
0
0
0
0
0
0
0
0
0
0
0
0
0
0
0
0
0
0
0
0
0
0
0
0
0
0
0
0
0
0
0
0
0
0
0
0
0
0
0
0
0
0
0
0
0
0
0
0
0
0
0
0
0
0
0
0
0
0
0
0
0
0
0
0
0
0
0
0
0
0
0
0
0
0
0
0
0
0
0
0
0
0
0
0
0
0
0
0
0
0
0
0
0
0
0
0
0
0
0
0
0
0
0
0
0
0
0
0
0
0
0
0
0
0
0
0
0
0
0
0
0
0
0
0
0
0
0
0
0
0
0
0
0
0
0
0
0
0
0
0
0
0
0
0
0
0
0
0
0
0
0
0
0
0
0
0
0
0
0
0
0
0
0
0
0
0
0
0
0
0
0
0
0
0
0
0
0
0
0
0
0
0
0
0
0
0
0
0
0
0
0
0
0
0
0
0
0
0
0
0
0
0
0
0
0
0
0
0
0
0
0
0
0
0
0
0
0
0
0
0
0
0
0
0
0
0
0
0
0
0
0
0
0
0
0
0
0
0
0
0
0
0
0
0
0
0
0
0
0
0
0
0
0
0
0
0
0
0
0
0
0
0
0
0
0
0
0
0
0
0
0
0
0
0
0
0
0
0
0
0
0
0
0
0
0
0
0
0
0
0
0
0
0
0
0
0
0
0
0
0
0
0
0
0
0
0
0
0
0
0
0
0
0
0
0
0
0
0
0
0
0
0
0
0
0
0
0
0
0
0
0
0
0
0
0
0
0
0
0
0
0
0
0
0
0
0
0
0
0
0
0
0
0
0
0
0
0
0
0
0
0
0
0
0
0
0
0
0
0
0
0
0
0
0
0
0
0
0
0
0
0
0
0
0
0
0
0
0
0
0
0
0
0
0
0
0
0
0
0
0
0
0
0
0
0
0
0
0
0
0
0
0
0
0
0
0
0
0
0
0
0
0
0
0
0
0
0
0
0
0
0
0
0
0
0
0
0
0
0
0
0
0
0
0
0
0
0
0
0
0
0
0
0
0
0
0
0
0
0
0
0
0
0
0
0
0
0
0
0
0
0
0
0
0
0
0
0
0
0
0
0
0
0
0
0
0
0
0
0
0
0
0
0
0
0
0
0
0
0
0
0
0
0
0
0
0
0
0
0
0
0
0
0
0
0
0
0
0
0
0
0
0
0
0
0
0
0
0
0
0
0
0
0
0
0
0
0
0
0
0
0
0
0
0
0
0
0
0
0
0
0
0
0
0
0
0
0
0
0
0
0
0
0
0
0
0
0
0
0
0
0
0
0
0
0
0
0
0
0
0
0
0
0
0
0
0
0
0
0
0
0
0
0
0
0
0
0
0
0
0
0
0
0
0
0
0
0
0
0
0
0
0
0
0
0
0
0
0
0
0
0
0
0
0
0
0
0
0
0
0
0
0
0
0
0
0
0
0
0
0
0
0
0
0
0
0
0
0
0
0
0
0
0
0
0
0
0
0
0
0
0
0
0
0
0
0
0
0
0
0
0
0
0
0
0
0
0
0
0
0
0
0
0
0
0
0
0
0
0
0
0
0
0
0
0
0
0
0
0
0
0
0
0
0
0
0
0
0
0
0
0
0
0
0
0
0
0
0
0
0
0
0
0
0
0
0
0
0
0
0
0
0
0
0
0
0
0
0
0
0
0
0
0
0
0
0
0
0
0
0
0
0
0
0
0
0
0
0
0
0
0
0
0
0
0
0
0
0
0
0
0
0
0
0
0
0
0
0
0
0
0
0
0
0
0
0
0
0
0
0
0
0
0
0
0
0
0
0
0
0
0
0
0
0
0
0
0
0
0
0
0
0
0
0
0
0
0
0
0
0
0
0
0
0
0
0
0
0
0
0
0
0
0
0
0
0
0
0
0
0
0
0
0
0
0
0
0
0
0
0
0
0
0
0
0
0
0
0
0
0
0
0
0
0
0
0
0
0
0
0
0
0
0
0
0
0
0
0
0
0
0
0
0
0
0
0
0
0
0
0
0
0
0
0
0
0
0
0
0
0
0
0
0
0
0
0
0
0
0
0
0
0
0
0
0
0
0
0
0
0
0
0
0
0
0
0
0
0
0
0
0
0
0
0
0
0
0
0
0
0
0
0
0
0
0
0
0
0
0
0
0
0
0
0
0
0
0
0
0
0
0
0
0
0
0
0
0
0
0
0
0
0
0
0
0
0
0
0
0
0
0
0
0
0
0
0
0
0
0
0
0
0
0
0
0
0
0
0
0
0
0
0
0
0
0
0
0
0
0
0
0
0
0
0
0
0
0
0
0
0
0
0
0
0
0
0
0
0
0
0
0
0
0
0
0
0
0
0
0
0
0
0
0
0
0
0
0
0
0
0
0
0
0
0
0
0
0
0
0
0
0
0
0
0
0
0
0
0
0
0
0
0
0
0
0
0
0
0
0
0
0
0
0
0
0
0
0
0
0
0
0
0
0
0
0
0
0
0
0
0
0
0
0
0
0
0
0
0
0
0
0
0
0
0
0
0
0
0
0
0
0
0
0
0
0
0
0
0
0
0
0
0
0
0
0
0
0
0
0
0
0
0
0
0
0
0
0
0
0
0
0
0
0
0
0
0
0
0
0
0
0
0
0
0
0
0
0
0
0
0
0
0
0
0
0
0
0
0
0
0
0
0
0
0
0
0
0
0
0
0
0
0
0
0
0
0
0
0
0
0
0
0
0
0
0
0
0
0
0
0
0
0
0
0
0
0
0
0
0
0
0
0
0
0
0
0
0
0
0
0
0
0
0
0
0
0
0
0
0
0
0
0
0
0
0
0
0
0
0
0
0
0
0
0
0
0
0
0
0
0
0
0
0
0
0
0
0
0
0
0
0
0
0
0
0
0
0
0
0
0
0
0
0
0
0
0
0
0
0
0
0
0
0
0
0
0
0
0
0
0
0
0
0
0
0
0
0
0
0
0
0
0
0
0
0
0
0
0
0
0
0
0
0
0
0
0
0
0
0
0
0
0
0
0
0
0
0
0
0
0
0
0
0
0
0
0
0
0
0
0
0
0
0
0
0
0
0
0
0
0
0
0
0
0
0
0
0
0
0
0
0
0
0
0
0
0
0
0
0
0
0
0
0
0
0
0
0
0
0
0
0
0
0
0
0
0
0
0
0
0
0
0
0
0
0
0
0
0
0
0
0
0
0
0
0
0
0
0
0
0
0
0
0
0
0
0
0
0
0
0
0
0
0
0
0
0
0
0
0
0
0
0
0
0
0
0
0
0
0
0
0
0
0
0
0
0
0
0
0
0
0
0
0
0
0
0
0
0
0
0
0
0
0
0
0
0
0
0
0
0
0
0
0
0
0
0
0
0
0
0
0
0
0
0
0
0
0
0
0
0
0
0
0
0
0
0
0
0
0
0
0
0
0
0
0
0
0
0
0
0
0
0
0
0
0
0
0
0
0
0
0
0
0
0
0
0
0
0
0
0
0
0
0
0
0
0
0
0
0
0
0
0
0
0
0
0
0
0
0
0
0
0
0
0
0
0
0
0
0
0
0
0
0
0
0
0
0
0
0
0
0
0
0
0
0
0
0
0
0
0
0
0
0
0
0
0
0
0
0
0
0
0
0
0
0
0
0
0
0
0
0
0
0
0
0
0
0
0
0
0
0
0
0
0
0
0
0
0
0
0
0
0
0
0
0
0
0
0
0
0
0
0
0
0
0
0
0
0
0
0
0
0
0
0
0
0
0
0
0
0
0
0
0
0
0
0
0
0
0
0
0
0
0
0
0
0
0
0
0
0
0
0
0
0
0
0
0
0
0
0
0
0
0
0
0
0
0
0
0
0
0
0
0
0
0
0
0
0
0
0
0
0
0
0
0
0
0
0
0
0
0
0
0
0
0
0
0
0
0
0
0
0
0
0
0
0
0
0
0
0
0
0
0
0
0
0
0
0
0
0
0
0
0
0
0
0
0
0
0
0
0
0
0
0
0
0
0
0
0
0
0
0
0
0
0
0
0
0
0
0
0
0
0
0
0
0
0
0
0
0
0
0
0
0
0
0
0
0
0
0
0
0
0
0
0
0
0
0
0
0
0
0
0
0
0
0
0
0
0
0
0
0
0
0
0
0
0
0
0
0
0
0
0
0
0
0
0
0
0
0
0
0
0
0
0
0
0
0
0
0
0
0
0
0
0
0
0
0
0
0
0
0
0
0
0
0
0
0
0
0
0
0
0
0
0
0
0
0
0
0
0
0
0
0
0
0
0
0
0
0
0
0
0
0
0
0
0
0
0
0
0
0
0
0
0
0
0
0
0
0
0
0
0
0
0
0
0
0
0
0
0
0
0
0
0
0
0
0
0
0
0
0
0
0
0
0
0
0
0
0
0
0
0
0
0
0
0
0
0
0
0
0
0
0
0
0
0
0
0
0
0
0
0
0
0
0
0
0
0
0
0
0
0
0
0
0
0
0
0
0
0
0
0
0
0
0
0
0
0
0
0
0
0
0
0
0
0
0
0
0
0
0
0
0
0
0
0
0
0
0
0
0
0
0
0
0
0
0
0
0
0
0
0
0
0
0
0
0
0
0
0
0
0
0
0
0
0
0
0
0
0
0
0
0
0
0
0
0
0
0
0
0
0
0
0
0
0
0
0
0
0
0
0
0
0
0
0
0
0
0
0
0
0
0
0
0
0
0
0
0
0
0
0
0
0
0
0
0
0
0
0
0
0
0
0
0
0
0
0
0
0
0
0
0
0
0
0
0
0
0
0
0
0
0
0
0
0
0
0
0
0
0
0
0
0
0
0
0
0
0
0
0
0
0
0
0
0
0
0
0
0
0
0
0
0
0
0
0
0
0
0
0
0
0
0
0
0
0
0
0
0
0
0
0
0
0
0
0
0
0
0
0
0
0
0
0
0
0
0
0
0
0
0
0
0
0
0
0
0
0
0
0
0
0
0
0
0
0
0
0
0
0
0
0
0
0
0
0
0
0
0
0
0
0
0
0
0
0
0
0
0
0
0
0
0
0
0
0
0
0
0
0
0
0
0
0
0
0
0
0
0
0
0
0
0
0
0
0
0
0
0
0
0
0
0
0
0
0
0
0
0
0
0
0
0
0
0
0
0
0
0
0
0
0
0
0
0
0
0
0
0
0
0
0
0
0
0
0
0
0
0
0
0
0
0
0
0
0
0
0
0
0
0
0
0
0
0
0
0
0
0
0
0
0
0
0
0
0
0
0
0
0
0
0
0
0
0
0
0
0
0
0
0
0
0
0
0
0
0
0
0
0
0
0
0
0
0
0
0
0
0
0
0
0
0
0
0
0
0
0
0
0
0
0
0
0
0
0
0
0
0
0
0
0
0
0
0
0
0
0
0
0
0
0
0
0
0
0
0
0
0
0
0
0
0
0
0
0
0
0
0
0
0
0
0
0
0
0
0
0
0
0
0
0
0
0
0
0
0
0
0
0
0
0
0
0
0
0
0
0
0
0
0
0
0
0
0
0
0
0
0
0
0
0
0
0
0
0
0
0
0
0
0
0
0
0
0
0
0
0
0
0
0
0
0
0
0
0
0
0
0
0
0
0
0
0
0
0
0
0
0
0
0
0
0
0
0
0
0
0
0
0
0
0
0
0
0
0
0
0
0
0
0
0
0
0
0
0
0
0
0
0
0
0
0
0
0
0
0
0
0
0
0
0
0
0
0
0
0
0
0
0
0
0
0
0
0
0
0
0
0
0
0
0
0
0
0
0
0
0
0
0
0
0
0
0
0
0
0
0
0
0
0
0
0
0
0
0
0
0
0
0
0
0
0
0
0
0
0
0
0
0
0
0
0
0
0
0
0
0
0
0
0
0
0
0
0
0
0
0
0
0
0
0
0
0
0
0
0
0
0
0
0
0
0
0
0
0
0
0
0
0
0
0
0
0
0
0
0
0
0
0
0
0
0
0
0
0
0
0
0
0
0
0
0
0
0
0
0
0
0
0
0
0
0
0
0
0
0
0
0
0
0
0
0
0
0
0
0
0
0
0
0
0
0
0
0
0
0
0
0
0
0
0
0
0
0
0
0
0
0
0
0
0
0
0
0
0
0
0
0
0
0
0
0
0
0
0
0
0
0
0
0
0
0
0
0
0
0
0
0
0
0
0
0
0
0
0
0
0
0
0
0
0
0
0
0
0
0
0
0
0
0
0
0
0
0
0
0
0
0
0
0
0
0
0
0
0
0
0
0
0
0
0
0
0
0
0
0
0
0
0
0
0
0
0
0
0
0
0
0
0
0
0
0
0
0
0
0
0
0
0
0
0
0
0
0
0
0
0
0
0
0
0
0
0
0
0
0
0
0
0
0
0
0
0
0
0
0
0
0
0
0
0
0
0
0
0
0
0
0
0
0
0
0
0
0
0
0
0
0
0
0
0
0
0
0
0
0
0
0
0
0
0
0
0
0
0
0
0
0
0
0
0
0
0
0
0
0
0
0
0
0
0
0
0
0
0
0
0
0
0
0
0
0
0
0
0
0
0
0
0
0
0
0
0
0
0
0
0
0
0
0
0
0
0
0
0
0
0
0
0
0
0
0
0
0
0
0
0
0
0
0
0
0
0
0
0
0
0
0
0
0
0
0
0
0
0
0
0
0
0
0
0
0
0
0
0
0
0
0
0
0
0
0
0
0
0
0
0
0
0
0
0
0
0
0
0
0
0
0
0
0
0
0
0
0
0
0
0
0
0
0
0
0
0
0
0
0
0
0
0
0
0
0
0
0
0
0
0
0
0
0
0
0
0
0
0
0
0
0
0
0
0
0
0
0
0
0
0
0
0
0
0
0
0
0
0
0
0
0
0
0
0
0
0
0
0
0
0
0
0
0
0
0
0
0
0
0
0
0
0
0
0
0
0
0
0
0
0
0
0
0
0
0
0
0
0
0
0
0
0
0
0
0
0
0
0
0
0
0
0
0
0
0
0
0
0
0
0
0
0
0
0
0
0
0
0
0
0
0
0
0
0
0
0
0
0
0
0
0
0
0
0
0
0
0
0
0
0
0
0
0
0
0
0
0
0
0
0
0
0
0
0
0
0
0
0
0
0
0
0
0
0
0
0
0
0
0
0
0
0
0
0
0
0
0
0
0
0
0
0
0
0
0
0
0
0
0
0
0
0
0
0
0
0
0
0
0
0
0
0
0
0
0
0
0
0
0
0
0
0
0
0
0
0
0
0
0
0
0
0
0
0
0
0
0
0
0
0
0
0
0
0
0
0
0
0
0
0
0
0
0
0
0
0
0
0
0
0
0
0
0
0
0
0
0
0
0
0
0
0
0
0
0
0
0
0
0
0
0
0
0
0
0
0
0
0
0
0
0
0
0
0
0
0
0
0
0
0
0
0
0
0
0
0
0
0
0
0
0
0
0
0
0
0
0
0
0
0
0
0
0
0
0
0
0
0
0
0
0
0
0
0
0
0
0
0
0
0
0
0
0
0
0
0
0
0
0
0
0
0
0
0
0
0
