0
0
0
0
0
0
0
0
0
0
0
0
0
0
0
0
0
0
0
0
0
0
0
0
0
0
0
0
0
0
0
0
0
0
0
0
0
0
0
0
0
0
0
0
0
0
0
0
0
0
0
0
0
0
0
0
0
0
0
0
0
0
0
0
0
0
0
0
0
0
0
0
0
0
0
0
0
0
0
0
0
0
0
0
0
0
0
0
0
0
0
0
0
0
0
0
0
0
0
0
0
0
0
0
0
0
0
0
0
0
0
0
0
0
0
0
0
0
0
0
0
0
0
0
0
0
0
0
0
0
0
0
0
0
0
0
0
0
0
0
0
0
0
0
0
0
0
0
0
0
0
0
0
0
0
0
0
0
0
0
0
0
0
0
0
0
0
0
0
0
0
0
0
0
0
0
0
0
0
0
0
0
0
0
0
0
0
0
0
0
0
0
0
0
0
0
0
0
0
0
0
0
0
0
0
0
0
0
0
0
0
0
0
0
0
0
0
0
0
0
0
0
0
0
0
0
0
0
0
0
0
0
0
0
0
0
0
0
0
1
0
0
0
0
0
0
0
0
0
0
0
0
0
0
0
0
0
0
0
0
0
0
0
0
0
0
0
0
0
0
0
0
0
0
0
0
0
0
0
0
0
0
0
0
0
0
0
0
0
0
0
0
0
0
0
0
0
0
0
0
0
0
0
0
0
0
0
0
0
0
0
0
0
0
0
0
0
0
0
0
0
0
0
0
0
0
0
0
0
0
0
0
0
0
0
0
0
0
0
0
0
0
0
0
0
0
0
0
0
0
0
0
0
0
0
0
0
1
0
0
0
0
0
0
0
0
0
0
0
0
0
0
0
1
1
0
1
0
1
0
0
0
0
1
0
0
1
1
0
0
0
0
0
0
0
1
1
0
0
0
0
0
0
1
0
0
0
0
0
0
0
1
0
0
0
0
0
0
0
0
0
1
0
1
0
1
0
0
0
0
0
0
0
0
0
0
0
1
1
0
0
0
0
0
0
0
0
1
1
0
0
1
2
0
1
0
0
0
0
1
1
1
0
0
0
1
2
1
1
2
0
2
1
0
1
1
1
1
1
1
0
1
1
0
1
1
0
0
1
1
1
0
0
1
1
0
0
0
0
0
0
0
0
0
0
0
1
0
1
3
1
1
0
0
0
0
1
0
3
0
2
1
0
1
1
1
2
0
0
1
1
1
1
1
1
0
0
0
0
0
0
0
0
1
0
0
1
1
2
1
0
1
3
1
0
1
1
0
3
1
1
0
2
2
0
2
1
2
3
0
3
0
0
0
0
2
0
2
2
1
1
3
1
2
0
0
1
4
1
3
2
1
1
1
2
1
2
1
0
3
0
2
0
1
1
0
2
2
0
2
0
4
1
1
2
3
4
1
2
1
1
1
1
2
2
2
2
1
3
0
3
2
0
3
1
2
0
2
1
2
2
4
4
3
2
5
5
1
4
3
2
1
2
3
1
1
2
3
1
3
5
2
6
1
3
4
4
5
2
2
4
4
3
3
3
4
3
0
4
3
2
0
1
3
1
1
4
2
4
5
4
5
2
1
2
4
2
4
1
0
6
3
8
1
7
6
4
2
6
9
4
3
2
4
2
6
4
3
2
6
2
10
3
3
4
3
4
3
6
2
7
9
5
11
2
1
9
8
4
4
3
3
8
9
5
5
5
5
3
7
6
3
8
1
5
4
8
6
10
8
5
5
4
5
7
7
7
5
8
7
7
8
5
6
7
7
9
5
9
14
7
7
8
9
9
5
7
3
12
4
8
5
10
12
10
10
7
11
12
9
8
13
7
5
12
9
7
8
9
10
5
10
12
7
4
9
15
12
15
10
6
11
10
11
5
11
5
18
10
8
12
17
12
11
12
19
7
17
14
8
14
12
13
12
13
4
14
10
8
16
10
13
9
15
10
14
8
12
14
14
15
16
10
14
13
14
17
10
13
13
21
14
16
24
14
12
15
11
17
11
11
17
18
11
11
14
19
13
13
16
14
16
18
22
16
13
25
25
16
16
18
21
17
14
14
14
16
13
18
24
21
33
19
22
24
20
17
22
18
20
19
22
26
14
17
20
19
19
20
17
24
22
14
16
25
24
23
25
23
17
19
18
20
31
13
27
14
19
24
26
28
20
19
27
31
25
27
19
23
28
22
29
27
32
20
28
26
27
30
23
13
23
30
31
29
23
27
33
23
29
27
30
36
29
26
29
22
25
31
26
29
28
33
29
30
30
33
39
25
37
35
36
23
35
36
37
24
35
26
34
28
26
21
35
32
40
43
34
30
43
34
34
44
36
39
41
35
33
38
44
47
36
38
49
51
41
46
45
32
41
39
37
39
45
36
41
40
48
55
54
53
43
48
53
59
45
36
35
33
42
50
55
49
44
40
40
35
49
40
46
51
45
38
45
45
52
49
59
62
59
58
50
57
59
49
54
50
70
45
66
52
44
61
51
62
65
56
64
53
48
57
57
64
64
55
56
52
58
53
65
54
61
64
63
54
50
61
60
66
62
59
57
69
54
61
58
75
61
68
67
70
51
64
72
63
60
77
51
67
81
52
72
72
70
72
83
69
75
97
73
65
76
78
76
64
79
78
79
78
69
87
73
76
88
87
81
84
76
77
78
88
80
76
69
78
76
77
82
87
59
96
87
91
76
89
95
96
108
100
77
90
86
101
86
86
101
92
90
89
97
84
97
88
79
92
101
86
88
91
94
94
103
119
90
94
98
118
108
111
103
88
115
110
110
115
103
109
102
122
107
120
109
105
108
118
105
85
115
110
111
141
113
124
106
132
109
125
122
122
135
122
123
109
141
109
124
119
130
105
122
141
111
120
139
114
132
131
123
136
123
130
141
119
139
112
139
113
138
136
143
132
133
127
135
149
130
143
149
127
150
140
133
158
147
173
147
159
159
137
162
159
143
147
138
153
123
134
118
154
161
171
157
165
166
162
157
145
181
161
162
157
181
159
188
165
182
159
186
148
165
140
150
151
160
171
173
154
171
175
178
181
172
159
193
181
196
155
175
175
185
170
164
180
169
179
198
150
180
186
187
175
180
190
213
163
179
186
176
197
179
182
180
193
197
203
197
186
185
195
189
217
224
205
214
221
213
193
178
224
216
200
246
190
227
220
207
220
227
203
224
229
206
223
246
212
217
219
225
221
241
196
227
262
223
218
235
241
248
221
244
250
222
231
234
233
224
237
231
245
248
249
244
240
237
239
186
237
276
246
249
263
251
240
248
262
257
264
232
258
269
240
263
253
271
268
280
262
279
265
287
294
250
242
277
272
285
261
280
316
280
262
315
251
272
261
277
268
270
275
320
309
258
273
318
277
318
293
295
328
280
279
292
267
309
277
297
300
287
324
322
290
317
312
291
310
266
312
296
287
322
326
320
302
346
280
285
348
301
330
341
305
349
324
312
344
321
313
324
332
353
345
302
362
317
340
387
371
339
344
397
335
314
351
381
332
364
317
350
320
334
314
386
375
356
351
386
374
345
350
382
387
360
374
282
352
352
372
361
379
376
350
406
399
386
316
388
421
377
367
359
360
377
393
379
382
378
418
386
388
377
379
424
373
370
376
422
384
435
382
389
444
435
409
470
390
398
356
412
434
405
399
388
426
424
431
422
398
424
420
442
436
460
444
410
434
474
419
461
445
423
462
449
463
450
418
464
415
426
427
408
432
436
400
444
406
420
462
464
477
441
489
480
464
459
497
496
460
473
454
460
427
486
481
469
485
489
488
501
460
463
424
493
481
444
454
544
513
496
514
482
516
484
494
507
539
557
471
509
483
523
477
427
513
485
498
491
566
528
513
522
486
532
533
558
506
555
454
482
523
519
476
508
519
513
509
542
505
544
504
533
551
519
512
558
539
505
531
626
518
531
559
569
533
582
527
532
598
523
527
542
551
560
542
545
542
564
584
534
577
566
585
577
581
583
585
581
553
547
572
586
563
573
533
575
597
614
513
614
624
618
554
528
581
589
599
659
607
644
607
654
599
572
587
620
609
596
595
652
641
625
594
646
652
569
605
630
617
610
649
629
639
603
573
572
648
616
654
638
645
643
632
605
682
692
614
667
641
643
676
571
683
640
682
691
664
620
614
684
688
655
655
690
615
641
608
587
624
680
662
643
686
694
626
684
642
711
645
707
702
669
676
679
701
611
632
707
666
639
700
688
670
679
660
714
667
730
682
702
708
693
722
696
734
668
667
698
656
689
670
717
718
693
733
721
717
745
749
757
709
715
716
781
730
719
687
725
693
735
651
665
732
732
741
767
747
721
742
714
735
700
773
766
743
734
737
740
706
724
713
802
765
717
689
732
755
755
711
727
794
739
732
775
765
729
791
782
760
761
715
791
754
794
751
770
817
808
733
626
733
810
793
822
787
727
729
834
805
754
753
771
807
770
745
766
793
801
801
814
822
770
755
804
781
769
818
784
836
761
732
744
845
751
756
792
773
800
756
781
810
765
806
830
745
795
728
782
805
721
846
858
841
808
815
832
837
825
801
812
790
804
785
892
769
787
873
841
838
788
781
834
784
827
778
789
829
857
738
749
836
837
781
830
785
799
751
781
821
795
839
811
865
854
741
825
833
849
856
851
815
830
852
834
790
851
838
860
871
834
843
819
812
881
870
832
784
853
815
813
875
836
824
834
850
878
802
685
833
838
866
849
838
874
878
863
857
849
844
880
870
868
814
851
888
871
839
855
843
852
837
881
868
868
810
897
820
834
848
757
847
836
891
868
869
889
851
865
865
818
896
909
879
843
800
821
867
811
875
904
891
930
839
863
862
845
842
912
859
862
884
873
869
931
857
883
833
870
897
901
829
850
866
896
864
865
788
795
915
862
897
860
855
840
850
921
832
845
876
904
874
925
897
910
866
847
858
915
912
911
773
886
842
872
931
885
888
832
881
898
847
842
857
929
890
900
865
874
875
924
896
870
868
908
853
753
863
822
953
916
897
884
896
901
892
893
830
878
852
849
861
832
907
919
945
947
849
897
834
882
929
817
876
883
941
891
826
933
893
911
904
880
880
887
857
930
885
893
894
862
914
852
869
855
892
859
890
869
890
857
859
888
902
825
907
875
884
891
863
859
898
840
922
904
957
893
873
888
934
894
824
921
923
887
803
768
877
906
920
882
822
870
867
843
915
847
855
905
946
841
866
885
906
881
847
907
856
897
854
866
864
922
834
861
876
876
847
916
899
861
859
805
877
873
865
878
840
863
815
893
904
843
844
705
859
841
848
902
966
854
849
885
827
818
867
869
870
800
770
845
876
879
916
948
884
901
828
878
855
858
845
901
860
791
848
904
886
812
826
894
843
842
835
866
852
825
858
900
860
867
802
784
848
831
834
841
881
806
836
798
851
838
824
842
840
801
830
865
798
807
835
858
834
856
818
859
832
817
800
836
864
800
735
767
828
880
814
890
832
829
855
863
828
833
787
829
798
776
805
848
865
809
826
898
777
795
839
789
882
801
819
772
859
785
751
765
807
826
841
833
802
817
822
859
828
817
789
817
811
830
828
663
821
803
783
891
850
803
822
812
792
790
748
812
755
797
738
738
831
808
837
809
815
789
743
770
795
781
755
765
765
775
792
783
750
802
785
774
789
762
781
799
731
765
817
784
752
769
665
718
814
783
758
833
782
758
747
758
787
733
762
748
761
785
734
774
764
761
772
719
760
735
747
754
772
735
730
744
779
789
636
671
743
805
737
750
762
719
732
766
735
722
688
697
749
715
677
738
776
695
691
738
722
715
697
704
736
717
714
743
746
743
664
687
666
716
708
744
734
738
692
653
773
670
673
720
721
687
701
590
705
735
659
707
712
654
702
685
703
730
691
688
705
706
667
638
678
704
719
724
677
694
683
658
680
666
703
677
635
710
679
638
694
679
658
712
710
718
634
627
684
676
630
597
672
666
582
691
640
647
700
662
641
637
641
657
649
663
628
640
601
655
603
623
651
632
657
654
612
637
576
620
711
671
608
663
655
567
524
553
583
655
611
692
610
623
643
619
620
594
661
622
673
587
605
659
598
599
578
693
594
591
607
571
603
579
615
594
622
615
576
626
621
546
592
557
585
603
561
599
590
548
526
592
563
572
595
481
617
542
590
575
568
579
576
555
597
571
582
564
537
577
547
569
630
583
548
579
550
588
543
534
593
535
546
553
543
533
512
572
555
537
607
572
551
525
554
554
562
562
516
577
556
542
469
525
557
541
513
536
591
538
526
528
501
542
556
578
524
520
504
569
550
522
519
540
524
503
512
520
531
492
514
486
506
504
451
476
507
511
524
523
503
491
468
520
496
463
476
482
471
528
509
513
497
485
510
480
488
476
501
469
482
499
503
494
495
467
464
459
473
509
474
467
475
457
466
479
502
433
455
476
487
477
466
384
439
463
488
434
480
454
434
468
467
463
407
453
434
470
414
434
429
443
442
458
454
448
426
457
466
427
442
430
421
470
424
434
428
448
444
449
405
442
391
403
425
429
435
407
405
437
405
382
415
437
419
421
410
419
426
404
403
366
421
401
405
418
415
408
382
381
412
408
432
423
357
414
425
412
346
414
386
402
380
313
372
365
370
391
349
392
381
394
400
383
373
386
385
364
368
399
358
363
351
406
342
389
361
359
372
355
369
388
343
398
338
375
320
380
348
357
386
340
337
361
361
351
336
358
347
347
351
277
344
348
325
362
365
339
334
314
330
338
345
359
341
358
308
318
366
326
360
336
305
314
320
351
369
321
336
274
316
290
311
302
346
335
337
325
327
339
301
311
291
321
288
344
330
316
271
307
280
317
294
292
306
284
334
280
306
304
290
310
300
296
293
326
285
280
288
308
275
275
279
279
284
291
271
292
317
294
258
252
291
276
298
298
306
269
281
279
269
265
277
278
280
248
267
260
290
278
258
266
268
286
273
296
255
288
258
287
257
256
256
272
291
256
252
231
236
244
229
268
273
233
251
254
249
242
233
185
265
245
219
243
251
253
239
270
248
256
207
236
225
235
213
250
255
200
211
235
228
226
229
243
218
231
223
225
230
249
241
235
244
229
234
215
237
216
221
201
237
235
206
223
222
216
207
227
188
226
218
230
227
200
220
218
224
186
206
215
196
205
239
206
194
209
206
222
205
195
196
210
205
189
200
216
180
196
191
187
200
201
185
200
202
180
207
201
210
195
181
207
181
181
210
211
187
203
188
194
164
177
190
189
150
192
189
190
173
144
157
186
188
176
192
180
185
161
172
158
168
174
154
190
183
161
180
155
152
163
184
195
156
162
183
144
178
171
161
170
174
172
137
172
188
159
189
163
169
151
151
149
172
141
142
160
152
164
148
164
133
142
145
153
134
164
140
145
150
143
157
138
145
163
122
153
141
140
148
154
138
138
133
160
124
131
131
145
135
138
133
134
129
153
144
122
126
123
125
144
131
135
128
137
133
130
121
118
143
134
138
138
129
152
122
128
140
130
113
148
140
113
119
116
118
137
129
129
123
111
109
121
125
125
116
136
110
127
124
132
120
123
104
127
114
122
137
132
105
112
114
115
95
89
98
107
105
107
127
115
118
112
115
109
113
123
101
103
123
108
118
102
104
97
116
99
116
105
111
97
106
89
119
97
106
91
103
104
124
92
112
96
98
96
105
98
112
94
73
118
111
91
96
91
108
82
90
103
91
110
88
101
93
101
100
104
88
86
104
80
95
88
89
89
87
90
77
85
94
91
83
99
86
100
69
83
68
81
86
77
88
83
78
82
92
73
81
80
78
83
81
80
81
86
97
93
73
80
68
95
80
69
84
83
80
80
77
73
66
64
77
68
79
70
81
74
96
62
78
91
74
74
58
49
62
72
74
64
53
61
82
75
71
74
78
71
75
63
68
79
72
70
77
74
63
70
69
66
67
56
61
65
73
64
67
61
68
66
69
68
64
39
63
76
63
64
52
63
58
64
58
70
53
68
54
45
55
47
63
58
45
53
56
54
45
55
53
63
45
35
58
50
53
46
68
55
51
42
61
53
41
51
40
52
50
48
47
62
51
55
46
45
36
56
52
42
50
50
42
44
57
50
52
45
53
46
48
44
44
57
53
44
49
51
48
56
45
55
41
36
66
36
40
38
49
41
46
41
43
43
36
46
39
41
51
42
44
50
51
53
49
43
30
42
49
41
39
39
40
34
37
44
41
32
39
36
45
46
38
42
46
40
35
36
30
52
31
39
34
53
36
43
39
33
36
43
39
30
36
29
30
27
45
35
42
32
37
39
31
34
36
38
36
27
29
37
31
27
35
39
25
28
36
45
25
26
26
25
26
31
23
24
28
27
32
32
24
22
24
34
26
23
25
43
26
23
28
35
35
28
22
27
38
29
30
24
32
21
30
32
32
27
26
23
24
25
28
26
25
34
23
28
29
30
25
18
26
26
18
22
25
24
24
19
41
33
27
29
22
24
29
25
21
26
25
26
32
24
19
25
17
15
25
17
24
22
21
27
24
26
13
16
23
22
9
21
15
27
20
18
19
22
24
19
21
26
19
35
14
30
19
26
19
14
15
18
19
18
28
20
17
20
16
14
16
24
24
12
20
13
11
22
13
14
21
26
14
21
10
21
11
20
15
20
15
13
20
9
20
17
18
18
12
16
15
13
19
17
17
12
13
16
23
19
16
13
18
14
18
21
17
20
21
14
11
18
12
17
19
15
17
16
15
19
23
13
19
15
10
13
12
13
7
13
12
12
20
19
17
21
16
11
13
12
16
20
10
12
13
14
17
17
13
9
14
12
18
10
12
15
12
10
9
4
17
12
8
16
14
10
8
14
9
13
12
9
11
13
16
8
16
7
9
13
10
12
12
6
10
11
14
19
15
4
7
10
15
13
8
11
6
11
9
10
15
7
11
11
11
8
8
7
10
6
10
10
7
5
16
8
7
8
14
11
8
5
7
5
6
6
9
2
6
11
7
8
11
7
6
6
6
14
6
11
5
5
7
6
5
8
11
8
5
2
7
6
12
6
6
6
7
8
12
6
9
8
8
6
4
6
7
11
8
1
7
8
7
8
6
7
5
10
6
6
9
5
6
6
8
5
8
3
13
3
2
5
9
7
4
4
4
5
4
6
3
11
4
6
3
10
2
5
6
8
7
2
3
9
8
7
5
2
3
5
6
7
4
7
8
3
0
5
8
5
7
3
3
1
4
5
5
2
2
6
10
4
0
5
6
6
6
4
2
4
2
5
4
4
6
7
6
7
7
1
3
11
8
3
2
7
2
7
4
1
4
5
3
4
1
3
8
5
2
4
6
5
3
6
3
4
5
2
7
4
2
1
5
3
2
6
4
6
5
7
5
7
1
1
4
4
1
3
0
4
2
4
4
1
4
4
2
1
1
4
1
3
8
4
3
7
5
4
4
8
1
2
4
2
1
3
4
3
2
3
2
3
2
2
2
5
3
1
4
6
0
2
1
1
4
6
3
2
2
1
4
6
1
3
1
5
6
2
7
3
4
1
1
4
2
1
1
4
1
0
2
6
2
3
0
1
5
2
2
2
6
0
4
5
3
3
2
2
1
1
2
1
1
1
4
1
4
2
2
2
3
2
3
0
2
2
3
2
2
2
1
2
2
2
2
2
2
0
3
3
2
3
2
3
3
0
1
1
2
0
2
2
2
3
1
2
2
0
0
3
1
2
1
1
2
3
0
0
0
3
2
0
3
0
5
2
3
1
0
2
0
2
2
0
2
1
0
1
1
1
2
0
1
2
0
1
0
1
0
2
1
2
2
4
1
1
0
2
2
0
1
1
0
1
0
1
1
2
1
1
2
0
0
0
0
0
1
3
2
1
0
0
0
0
1
2
1
1
1
0
1
4
1
0
0
2
1
1
1
3
3
0
0
1
0
0
0
1
0
0
0
1
1
0
0
1
0
1
2
0
2
1
1
1
1
0
0
0
1
1
0
1
0
3
0
1
0
0
1
2
1
2
0
0
2
1
0
1
0
1
0
1
2
1
2
0
1
0
1
0
2
1
0
3
0
1
0
4
2
0
0
1
0
0
1
1
0
2
1
1
0
0
2
0
0
0
0
0
0
0
0
0
0
0
0
3
0
0
0
0
1
1
1
0
1
0
0
3
0
1
0
1
1
0
0
1
1
1
1
1
0
1
1
0
0
1
1
0
1
0
0
0
0
1
1
1
0
0
0
1
0
0
1
0
0
0
0
0
0
0
0
1
0
0
0
0
0
0
2
0
0
0
0
0
1
1
0
0
0
1
0
0
1
0
1
1
0
1
0
1
0
0
2
0
0
0
0
0
1
0
0
0
2
0
1
0
2
0
0
0
0
0
0
0
0
0
0
0
0
0
1
0
0
0
0
0
0
0
0
1
1
0
1
0
0
0
1
0
0
0
0
0
0
0
1
0
0
0
1
0
0
0
0
0
0
0
0
0
1
0
0
0
0
0
0
0
0
0
0
0
0
1
1
1
0
0
0
0
0
0
0
1
0
0
0
0
0
0
1
0
0
0
0
0
0
0
0
0
0
1
0
1
0
0
1
0
0
0
1
0
0
0
0
0
0
0
0
0
1
0
0
0
0
0
1
0
0
0
0
1
0
1
0
0
0
0
0
0
1
0
0
0
0
0
0
0
0
0
0
0
0
0
0
0
0
0
0
0
0
0
0
0
0
0
0
0
0
0
0
0
0
0
1
0
0
0
0
0
0
0
0
0
0
0
0
0
1
0
0
0
0
1
0
0
1
0
0
0
0
0
0
0
0
0
0
0
0
0
0
0
0
0
0
0
0
0
0
0
0
0
1
0
0
0
1
0
0
0
0
0
0
0
0
0
0
0
0
0
0
0
0
0
0
0
0
1
1
0
0
0
0
0
0
0
0
0
0
0
0
0
0
0
0
0
0
0
0
0
0
0
0
1
0
1
0
0
0
0
0
0
0
0
0
0
0
0
0
0
0
0
0
0
0
0
0
0
0
0
0
0
1
1
0
0
0
1
0
0
0
0
0
0
0
0
0
0
0
0
0
0
0
0
0
0
0
0
0
0
0
0
0
0
0
0
1
1
0
0
0
0
0
0
0
0
0
0
0
0
0
0
0
0
0
0
0
0
0
0
0
0
0
0
0
0
0
0
0
0
0
0
0
0
0
0
0
0
0
0
0
0
0
0
0
0
0
0
0
0
0
0
0
0
0
0
0
0
0
0
0
0
0
0
0
0
0
0
0
0
0
0
0
0
1
0
0
0
0
0
0
0
0
0
0
0
0
0
0
0
0
0
0
1
0
0
0
0
0
0
0
0
1
0
0
0
0
0
0
0
0
0
0
0
0
0
0
0
0
0
0
0
0
0
0
0
0
0
0
0
0
0
0
0
0
0
0
0
0
0
0
0
0
0
0
0
0
0
0
0
0
0
0
0
0
0
0
0
0
0
0
0
0
0
0
0
0
0
0
0
0
0
0
0
0
0
0
0
0
0
0
0
0
0
0
0
0
0
0
0
0
1
0
0
0
0
0
0
0
0
0
0
0
0
0
0
0
0
0
0
0
0
0
0
0
0
0
0
0
0
0
0
0
0
0
0
0
0
0
0
0
0
0
0
0
0
0
0
0
0
0
0
0
0
0
0
0
0
0
0
0
0
0
0
0
0
0
0
0
0
0
0
0
0
0
0
0
0
0
0
0
0
0
0
0
0
0
0
0
0
0
0
0
0
0
0
0
0
0
0
0
0
0
0
0
0
0
0
0
0
0
0
0
0
0
0
0
0
0
0
0
0
0
0
0
0
0
0
0
0
0
0
0
0
0
0
0
0
0
0
0
0
0
0
0
0
0
0
0
0
0
0
0
0
0
0
0
0
0
0
0
0
0
0
0
0
0
0
0
0
0
0
0
0
0
0
0
0
0
0
0
0
0
0
0
0
0
0
0
0
0
0
0
0
0
0
0
0
0
0
0
0
0
0
0
0
0
0
0
0
0
0
0
0
0
0
0
0
0
0
0
0
0
0
0
0
0
0
0
0
0
0
0
0
0
0
0
0
0
0
0
0
0
0
0
0
0
0
0
0
0
0
0
0
0
0
0
0
0
0
0
0
0
0
0
0
0
0
0
0
0
0
0
0
0
0
0
0
0
0
0
0
0
0
0
0
0
0
0
0
0
0
0
0
0
0
0
0
0
0
0
0
0
0
0
0
0
0
0
0
0
0
0
0
0
0
0
0
0
0
0
0
0
0
0
0
0
0
0
0
0
0
0
0
0
0
0
0
0
0
0
0
0
0
0
0
0
0
0
0
0
0
0
0
0
0
0
0
0
0
0
0
0
0
0
0
0
0
0
0
0
0
0
0
0
0
0
0
0
0
0
0
0
0
0
0
0
0
0
0
0
0
0
0
0
0
0
0
0
0
0
0
0
0
0
0
0
0
0
0
0
0
0
0
0
0
0
0
0
0
0
0
0
0
0
0
0
0
0
0
0
0
0
0
0
0
0
0
0
0
0
0
0
0
0
0
0
0
0
0
0
0
0
0
0
0
0
0
0
0
0
0
0
0
0
0
0
0
0
0
0
0
0
0
0
0
0
0
0
0
0
0
0
0
0
0
0
0
0
0
0
0
0
0
0
0
0
0
0
0
0
0
0
0
0
0
0
0
0
0
0
0
0
0
0
0
0
0
0
0
0
0
0
0
0
0
0
0
0
0
0
0
0
0
0
0
0
0
0
0
0
0
0
0
0
0
0
0
0
0
0
0
0
0
0
0
0
0
0
0
0
0
0
0
0
0
0
0
0
0
0
0
0
0
0
0
0
0
0
0
0
0
0
0
0
0
0
0
0
0
0
0
0
0
0
0
0
0
0
0
0
0
0
0
0
0
0
0
0
0
0
0
0
0
0
0
0
0
0
0
0
0
0
0
0
0
0
0
0
0
0
0
0
0
0
0
0
0
0
0
0
0
0
0
0
0
0
0
0
0
0
0
0
0
0
0
0
0
0
0
0
0
0
0
0
0
0
0
0
0
0
0
0
0
0
0
0
0
0
0
0
0
0
0
0
0
0
0
0
0
0
0
0
0
0
0
0
0
0
0
0
0
0
0
0
0
0
0
0
0
0
0
0
0
0
0
0
0
0
0
0
0
0
0
0
0
0
0
0
0
0
0
0
0
0
0
0
0
0
0
0
0
0
0
0
0
0
0
0
0
0
0
0
0
0
0
0
0
0
0
0
0
0
0
0
0
0
0
0
0
0
0
0
0
0
0
0
0
0
0
0
0
0
0
0
0
0
0
0
0
0
0
0
0
0
0
0
0
0
0
0
0
0
0
0
0
0
0
0
0
0
0
0
0
0
0
0
0
0
0
0
0
0
0
0
0
0
0
0
0
0
0
0
0
0
0
0
0
0
0
0
0
0
0
0
0
0
0
0
0
0
0
0
0
0
0
0
0
0
0
0
0
0
0
0
0
0
0
0
0
0
0
0
0
0
0
0
0
0
0
0
0
0
0
0
0
0
0
0
0
0
0
0
0
0
0
0
0
0
0
0
0
0
0
0
0
0
0
0
0
0
0
0
0
0
0
0
0
0
0
0
0
0
0
0
0
0
0
0
0
0
0
0
0
0
0
0
0
0
0
0
0
0
0
0
0
0
0
0
0
0
0
0
0
0
0
0
0
0
0
0
0
0
0
0
0
0
0
0
0
0
0
0
0
0
0
0
0
0
0
0
0
0
0
0
0
0
0
0
0
0
0
0
0
0
0
0
0
0
0
0
0
0
0
0
0
0
0
0
0
0
0
0
0
0
0
0
0
0
0
0
0
0
0
0
0
0
0
0
0
0
0
0
0
0
0
0
0
0
0
0
0
0
0
0
0
0
0
0
0
0
0
0
0
0
0
0
0
0
0
0
0
0
0
0
0
0
0
0
0
0
0
0
0
0
0
0
0
0
0
0
0
0
0
0
0
0
0
0
0
0
0
0
0
0
0
0
0
0
0
0
0
0
0
0
0
0
0
0
0
0
0
0
0
0
0
0
0
0
0
0
0
0
0
0
0
0
0
0
0
0
0
0
0
0
0
0
0
0
0
0
0
0
0
0
0
0
0
0
0
0
0
0
0
0
0
0
0
0
0
0
0
0
0
0
0
0
0
0
0
0
0
0
0
0
0
0
0
0
0
0
0
0
0
0
0
0
0
0
0
0
0
0
0
0
0
0
0
0
0
0
0
0
0
0
0
0
0
0
0
0
0
0
0
0
0
0
0
0
0
0
0
0
0
0
0
0
0
0
0
0
0
0
0
0
0
0
0
0
0
0
0
0
0
0
0
0
0
0
0
0
0
0
0
0
0
0
0
0
0
0
0
0
0
0
0
0
0
0
0
0
0
0
0
0
0
0
0
0
0
0
0
0
0
0
0
0
0
0
0
0
0
0
0
0
0
0
0
0
0
0
0
0
0
0
0
0
0
0
0
0
0
0
0
0
0
0
0
0
0
0
0
0
0
0
0
0
0
0
0
0
0
0
0
0
0
0
0
0
0
0
0
0
0
0
0
0
0
0
0
0
0
0
0
0
0
0
0
0
0
0
0
0
0
0
0
0
0
0
0
0
0
0
0
0
0
0
0
0
0
0
0
0
0
0
0
0
0
0
0
0
0
0
0
0
0
0
0
0
0
0
0
0
0
0
0
0
0
0
0
0
0
0
0
0
0
0
0
0
0
0
0
0
0
0
0
0
0
0
0
0
0
0
0
0
0
0
0
0
0
0
0
0
0
0
0
0
0
0
0
0
0
0
0
0
0
0
0
0
0
0
0
0
0
0
0
0
0
0
0
0
0
0
0
0
0
0
0
0
0
0
0
0
0
0
0
0
0
0
0
0
0
0
0
0
0
0
0
0
0
0
0
0
0
0
0
0
0
0
0
0
0
0
0
0
0
0
0
0
0
0
0
0
0
0
0
0
0
0
0
0
0
0
0
0
0
0
0
0
0
0
0
0
0
0
0
0
0
0
0
0
0
0
0
0
0
0
0
0
0
0
0
0
0
0
0
0
0
0
0
0
0
0
0
0
0
0
0
0
0
0
0
0
0
0
0
0
0
0
0
0
0
0
0
0
0
0
0
0
0
0
0
0
0
0
0
0
0
0
0
0
0
0
0
0
0
0
0
0
0
0
0
0
0
0
0
0
0
0
0
0
0
0
0
0
0
0
0
0
0
0
0
0
0
0
0
0
0
0
0
0
0
0
0
0
0
0
0
0
0
0
0
0
0
0
0
0
0
0
0
0
0
0
0
0
0
0
0
0
0
0
0
0
0
0
0
0
0
0
0
0
0
0
0
0
0
0
0
0
0
0
0
0
0
0
0
0
0
0
0
0
0
0
0
0
0
0
0
0
0
0
0
0
0
0
0
0
0
0
0
0
0
0
0
0
0
0
0
0
0
0
0
0
0
0
0
0
0
0
0
0
0
0
0
0
0
0
0
0
0
0
0
0
0
0
0
0
0
0
0
0
0
0
0
0
0
0
0
0
0
0
0
0
0
0
0
0
0
0
0
0
0
0
0
0
0
0
0
0
0
0
0
0
0
0
0
0
0
0
0
0
0
0
0
0
0
0
0
0
0
0
0
0
0
0
0
0
0
0
0
0
0
0
0
0
0
0
0
0
0
0
0
0
0
0
0
0
0
0
0
0
0
0
0
0
0
0
0
0
0
0
0
0
0
0
0
0
0
0
0
0
0
0
0
0
0
0
0
0
0
0
0
0
0
0
0
0
0
0
0
0
0
0
0
0
0
0
0
0
0
0
0
0
0
0
0
0
0
0
0
0
0
0
0
0
0
0
0
0
0
0
0
0
0
0
0
0
0
0
0
0
0
0
0
0
0
0
0
0
0
0
0
0
0
0
0
0
0
0
0
0
0
0
0
0
0
0
0
0
0
0
0
0
0
0
0
0
0
0
0
0
0
0
0
0
0
0
0
0
0
0
0
0
0
0
0
0
0
0
0
0
0
0
0
0
0
0
0
0
0
0
0
0
0
0
0
0
0
0
0
0
0
0
0
0
0
0
0
0
0
0
0
0
0
0
0
0
0
0
0
0
0
0
0
0
0
0
0
0
0
0
0
0
0
0
0
0
0
0
0
0
0
0
0
0
0
0
0
0
0
0
0
0
0
0
0
0
0
0
0
0
0
0
0
0
0
0
0
0
0
0
0
0
0
0
0
0
0
0
0
0
0
0
0
0
0
0
0
0
0
0
0
0
0
0
0
0
0
0
0
0
0
0
0
0
0
0
0
0
0
0
0
0
0
0
0
0
0
0
0
0
0
0
0
0
0
0
0
0
0
0
0
0
0
0
0
0
0
0
0
0
0
0
0
0
0
0
0
0
0
0
0
0
0
0
0
0
0
0
0
0
0
0
0
0
0
0
0
0
0
0
0
0
0
0
0
0
0
0
0
0
0
0
0
0
0
0
0
0
0
0
0
0
0
0
0
0
0
0
0
0
0
0
0
0
0
0
0
0
0
0
0
0
0
0
0
0
0
0
0
0
0
0
0
0
0
0
0
0
0
0
0
0
0
0
0
0
0
0
0
0
0
0
0
0
0
0
0
0
0
0
0
0
0
0
0
0
0
0
0
0
0
0
0
0
0
0
0
0
0
0
0
0
0
0
0
0
0
0
0
0
0
0
0
0
0
0
0
0
0
0
0
0
0
0
0
0
0
0
0
0
0
0
0
0
0
0
0
0
0
0
0
0
0
0
0
0
0
0
0
0
0
0
0
0
0
0
0
0
0
0
0
0
0
0
0
0
0
0
0
0
0
0
0
0
0
0
0
0
0
0
0
0
0
0
0
0
0
0
0
0
0
0
0
0
0
0
0
0
0
0
0
0
0
0
0
0
0
0
0
0
0
0
0
0
0
0
0
0
0
0
0
0
0
0
0
0
0
0
0
0
0
0
0
0
0
0
0
0
0
0
0
0
0
0
0
0
0
0
0
0
0
0
0
0
0
0
0
0
0
0
0
0
0
0
0
0
0
0
0
0
0
0
0
0
0
0
0
0
0
0
0
0
0
0
0
0
0
0
0
0
0
0
0
0
0
0
0
0
0
0
0
0
0
0
0
0
0
0
0
0
0
0
0
0
0
0
0
0
0
0
0
0
0
0
0
0
0
0
0
0
0
0
0
0
0
0
0
0
0
0
0
0
0
0
0
0
0
0
0
0
0
0
0
0
0
0
0
0
0
0
0
0
0
0
0
0
0
0
0
0
0
0
0
0
0
0
0
0
0
0
0
0
0
0
0
0
0
0
0
0
0
0
0
0
0
0
0
0
0
0
0
0
0
0
0
0
0
0
0
0
0
0
0
0
0
0
0
0
0
0
0
0
0
0
0
0
0
0
0
0
0
0
0
0
0
0
0
0
0
0
0
0
0
0
0
0
0
0
0
0
0
0
0
0
0
0
0
0
0
0
0
0
0
0
0
0
0
0
0
0
0
0
0
0
0
0
0
0
0
0
0
0
0
0
0
0
0
0
0
0
0
0
0
0
0
0
0
0
0
0
0
0
0
0
0
0
0
0
0
0
0
0
0
0
0
0
0
0
0
0
0
0
0
0
0
0
0
0
0
0
0
0
0
0
0
0
0
0
0
0
0
0
0
0
0
0
0
0
0
0
0
0
0
0
0
0
0
0
0
0
0
0
0
0
0
0
0
0
0
0
0
0
0
0
0
0
0
0
0
0
0
0
0
0
0
0
0
0
0
0
0
0
0
0
0
0
0
0
0
0
0
0
0
0
0
0
0
0
0
0
0
0
0
0
0
0
0
0
0
0
0
0
0
0
0
0
0
0
0
0
0
0
0
0
0
0
0
0
0
0
0
0
0
0
0
0
0
0
0
0
0
0
0
0
0
0
0
0
0
0
0
0
0
0
0
0
0
0
0
0
0
0
0
0
0
0
0
0
0
0
0
0
0
0
0
0
0
0
0
0
0
0
0
0
0
0
0
0
0
0
0
0
0
0
0
0
0
0
0
0
0
0
0
0
0
0
0
0
0
0
0
0
0
0
0
0
0
0
0
0
0
0
0
0
0
0
0
0
0
0
0
0
0
0
0
0
0
0
0
0
0
0
0
0
0
0
0
0
0
0
0
0
0
0
0
0
0
0
0
0
0
0
0
0
0
0
0
0
0
0
0
0
0
0
0
0
0
0
0
0
0
0
0
0
0
0
0
0
0
0
0
0
0
0
0
0
0
0
0
0
0
0
0
0
0
0
0
0
0
0
0
0
0
0
0
0
0
0
0
0
0
0
0
0
0
0
0
0
0
0
0
0
0
0
0
0
0
0
0
0
0
0
0
0
0
0
0
0
0
0
0
0
0
0
0
0
0
0
0
0
0
0
0
0
0
0
0
0
0
0
0
0
0
0
0
0
0
0
0
0
0
0
0
0
0
0
0
0
0
0
0
0
0
0
0
0
0
0
0
