0
0
1
0
0
0
0
0
0
0
0
0
0
0
0
1
1
0
0
0
0
1
0
0
0
0
0
0
1
0
0
0
0
1
0
0
0
0
0
0
0
0
0
0
0
0
0
0
0
0
0
0
0
0
0
0
1
0
0
0
0
0
0
1
0
0
0
0
0
0
0
0
0
0
0
0
0
0
0
0
0
0
0
0
0
0
0
0
0
0
0
0
0
0
0
0
0
0
0
0
0
0
0
0
0
0
0
0
0
0
0
0
0
0
0
0
0
0
0
0
0
0
0
0
0
0
0
0
0
0
0
0
1
1
0
0
0
0
0
0
0
0
0
0
0
1
0
0
0
0
1
0
0
0
0
0
0
0
0
0
0
1
0
0
0
0
0
0
0
0
0
0
0
0
0
0
0
0
0
0
0
0
0
0
0
0
0
0
0
1
0
0
0
2
0
0
0
1
0
0
0
0
1
0
1
0
1
0
1
0
0
0
0
0
0
0
0
1
0
0
0
0
0
1
0
0
0
0
1
1
0
1
0
0
1
0
0
0
0
0
2
0
0
0
0
0
1
0
0
1
0
0
1
1
1
1
0
2
1
1
0
1
2
0
0
0
0
0
1
1
0
0
0
1
2
0
0
0
2
1
0
0
1
0
0
0
0
1
0
1
2
2
0
1
1
1
0
2
0
1
0
0
0
0
0
2
0
0
0
0
1
0
0
3
1
0
2
0
1
0
1
1
0
4
0
1
1
1
2
0
1
0
2
0
0
2
1
1
0
2
0
1
2
0
1
1
0
0
1
0
1
0
1
1
1
0
0
1
0
1
1
1
1
0
2
1
1
4
2
1
1
3
3
1
1
2
0
1
2
2
2
0
2
1
2
1
1
1
1
2
2
0
1
3
1
1
0
1
0
1
1
0
2
1
1
1
3
3
0
3
1
2
0
1
3
1
1
2
1
4
1
3
3
2
2
1
1
2
1
2
2
1
2
1
0
1
1
1
0
1
1
0
1
4
3
5
1
1
5
0
1
4
3
1
4
4
1
1
3
3
1
1
3
3
5
2
4
4
2
2
2
2
3
0
5
2
1
4
0
2
1
5
0
5
3
3
7
5
1
4
1
5
0
3
6
5
5
3
1
2
5
2
5
10
3
2
4
3
5
2
4
8
1
3
3
1
3
1
3
6
4
1
1
11
2
7
1
5
5
4
4
3
5
1
3
3
6
2
6
2
5
6
5
7
6
2
8
5
4
2
5
6
4
6
6
3
2
3
4
3
5
6
3
2
4
4
3
5
6
2
4
6
6
2
5
6
5
6
8
4
4
6
1
5
1
3
3
2
5
7
6
12
3
2
2
6
6
7
5
5
5
5
2
8
6
6
5
4
5
3
8
7
5
6
3
10
6
7
4
2
4
6
7
3
9
10
2
5
3
9
9
14
9
6
10
8
10
7
7
12
14
6
10
6
4
8
7
6
12
13
11
10
6
14
9
6
7
9
8
6
9
16
13
11
10
9
20
11
9
6
6
9
11
8
4
10
10
11
7
10
10
6
10
10
6
9
12
8
7
8
7
11
13
14
16
17
18
12
13
12
9
21
6
17
10
9
10
16
14
10
9
15
13
9
14
7
13
10
10
17
20
13
16
16
5
17
13
15
16
12
11
11
11
18
18
17
13
13
7
10
24
14
13
21
9
16
5
18
11
15
12
10
10
20
17
20
18
11
15
19
14
10
14
9
14
16
24
19
21
14
13
21
19
16
19
16
15
15
11
15
20
10
14
22
17
14
21
17
21
18
20
15
19
23
6
17
26
14
13
23
16
12
16
20
27
18
20
22
20
14
19
25
11
19
29
21
23
25
16
19
16
26
19
19
12
22
22
20
20
23
24
20
23
18
29
12
23
27
21
22
25
16
20
16
18
19
22
15
29
23
25
25
21
27
28
26
33
27
22
27
21
25
21
18
21
23
30
24
11
16
27
29
31
36
29
24
30
43
24
29
35
28
26
29
21
41
32
29
40
33
26
34
22
34
34
30
29
29
31
26
36
28
27
37
34
40
23
26
39
32
41
36
45
23
29
36
30
31
20
50
31
44
18
22
38
29
45
39
35
38
29
39
34
46
35
35
36
39
30
26
30
40
38
36
37
40
33
42
26
29
38
37
30
34
27
44
29
39
37
39
41
44
46
42
46
44
38
37
46
48
35
42
42
47
46
41
49
46
40
47
41
49
43
43
49
41
40
48
48
42
45
45
51
51
37
34
53
47
49
51
39
53
42
47
43
59
52
51
46
62
36
47
55
53
48
59
48
56
52
48
55
58
60
55
53
61
66
61
45
51
43
55
44
53
48
51
58
60
54
66
76
62
47
63
61
60
63
56
61
55
59
49
48
61
59
71
50
60
53
53
61
62
62
69
71
56
61
59
69
70
76
58
68
69
53
74
63
66
74
56
75
73
45
70
67
74
69
76
65
69
74
70
75
74
77
73
73
65
65
66
72
61
75
84
73
63
77
73
66
75
88
79
70
81
81
67
80
62
86
77
89
81
82
75
71
79
90
82
69
83
82
80
84
85
96
81
86
89
89
82
88
96
91
77
79
82
104
86
88
104
64
89
79
72
91
86
100
91
103
91
82
85
104
91
91
103
95
98
75
102
96
110
89
92
83
105
89
100
91
70
109
95
94
104
99
113
101
95
108
96
87
119
103
90
107
123
110
85
109
110
96
122
117
97
106
111
124
115
113
128
90
97
117
94
116
101
99
115
106
106
109
113
98
116
109
122
123
133
123
117
120
123
123
123
124
132
128
112
146
135
126
112
114
124
148
122
137
128
106
119
145
141
124
125
125
144
132
133
131
130
151
132
115
135
139
156
118
151
133
135
117
153
139
149
132
145
128
139
143
129
146
132
134
141
154
142
135
171
140
159
151
190
155
153
141
145
162
130
147
151
159
154
131
160
148
151
153
112
173
180
176
155
133
139
163
173
155
139
165
143
155
164
130
143
176
158
161
186
190
184
167
172
154
177
164
181
176
185
181
174
172
161
169
201
178
181
134
174
178
155
159
185
181
155
183
177
207
170
136
206
200
181
175
176
199
187
190
169
208
168
174
199
189
195
185
180
224
203
167
209
186
215
208
172
201
197
191
187
187
206
210
195
189
210
188
207
193
177
201
223
229
210
210
211
202
180
198
239
232
192
206
192
216
231
221
232
221
235
192
227
227
218
258
221
193
214
217
207
184
229
212
226
219
220
250
179
239
259
210
214
218
222
216
262
203
243
219
267
251
221
215
237
229
235
228
254
226
263
230
211
247
243
218
235
258
233
241
257
256
240
198
245
234
259
240
251
251
235
275
245
276
266
215
254
285
276
232
269
247
235
246
242
264
261
247
252
258
247
256
250
278
265
279
281
282
298
253
307
282
279
302
261
284
260
261
253
245
278
284
282
283
278
287
275
299
291
257
282
295
269
290
306
289
278
293
312
297
309
298
322
292
282
287
282
308
289
281
302
310
268
290
325
300
295
303
310
306
271
312
305
290
313
300
279
295
263
334
327
286
315
303
302
295
340
283
339
324
300
302
292
334
338
341
313
334
328
334
311
337
319
304
312
324
321
344
354
348
296
326
342
373
300
334
340
325
319
345
366
309
350
325
313
316
324
330
374
356
355
312
375
359
326
352
345
353
358
329
381
377
358
341
389
364
319
354
344
349
375
338
376
373
353
318
323
352
364
362
359
365
387
330
357
375
397
330
393
362
357
393
377
379
347
371
415
390
363
369
384
392
384
382
406
407
403
338
400
407
378
383
397
432
388
376
367
389
392
392
413
392
388
391
344
375
400
407
420
430
447
418
425
422
421
438
425
418
421
390
414
459
417
392
401
428
406
412
436
480
426
415
417
432
428
445
461
399
431
450
469
433
389
408
449
423
438
397
453
447
458
415
449
478
467
426
451
458
445
414
488
429
497
452
482
467
437
456
425
484
437
429
455
439
436
464
468
459
473
461
472
446
481
429
403
469
480
473
490
430
443
442
473
492
446
481
486
441
484
436
498
490
449
462
520
489
468
465
472
441
487
462
510
479
443
464
486
480
470
483
459
466
479
464
491
468
492
509
507
495
499
489
380
501
534
466
522
490
496
482
451
527
486
516
513
545
527
505
521
497
495
527
529
468
522
483
528
557
491
525
515
505
536
515
557
510
522
585
539
500
503
536
545
520
476
551
570
547
535
464
508
548
516
513
552
526
575
591
576
596
534
526
559
603
533
523
514
549
581
554
532
551
510
519
551
535
523
522
570
537
553
492
528
571
556
510
558
593
598
546
558
550
546
552
558
538
572
562
607
577
543
578
606
614
603
553
583
570
589
539
604
548
603
579
586
570
586
544
573
593
595
589
575
579
612
575
611
618
534
615
529
602
608
602
626
577
605
629
616
594
609
574
631
585
633
569
576
593
603
606
630
636
598
624
575
626
532
632
631
623
617
615
629
594
602
641
648
629
560
607
609
626
609
659
622
588
570
614
571
646
638
623
667
618
648
616
659
634
622
612
639
615
657
610
698
620
650
630
650
631
597
605
665
679
644
627
639
614
651
545
535
631
604
639
635
612
634
633
629
642
594
671
675
696
684
640
637
607
600
638
625
684
640
620
647
676
611
646
671
674
613
613
615
652
607
629
654
724
653
637
633
662
639
631
666
635
637
634
546
605
663
673
686
666
657
646
692
631
670
672
712
675
678
613
705
668
708
653
685
662
659
674
683
679
723
668
671
675
674
662
708
662
638
661
709
664
636
683
711
662
686
680
736
677
705
635
656
683
687
684
679
703
706
661
709
691
607
694
714
677
639
727
717
737
693
680
703
714
670
662
712
705
674
730
737
688
711
634
616
688
696
661
657
684
696
682
736
664
693
659
740
738
721
687
689
672
697
634
703
697
666
701
735
708
722
692
699
723
659
710
709
683
667
732
736
667
682
677
672
692
717
705
723
714
708
676
609
702
738
701
760
744
754
681
727
700
689
680
654
711
702
688
683
713
692
712
791
704
686
763
698
706
724
724
750
709
766
691
728
756
725
755
731
668
750
699
730
705
738
717
719
692
687
660
760
721
710
688
763
769
738
688
727
763
739
725
755
768
698
705
732
792
755
760
785
748
753
712
661
740
724
769
760
751
728
651
642
709
720
745
814
779
720
736
757
738
743
726
768
704
714
727
712
681
756
760
771
713
691
700
783
780
725
758
793
775
768
723
682
773
694
726
805
673
698
753
766
733
739
751
760
736
752
722
590
733
741
751
761
733
658
739
779
703
757
740
766
763
756
726
717
759
708
748
784
703
731
741
763
691
745
745
760
785
714
740
767
780
720
765
767
702
733
734
721
788
758
721
749
735
747
662
778
739
739
795
770
720
696
716
715
692
684
747
769
701
699
727
747
743
718
744
761
761
709
729
750
740
746
706
755
703
678
643
657
799
727
744
734
733
712
707
778
706
738
701
719
731
733
730
750
735
694
752
695
714
727
703
748
761
687
720
777
716
725
698
729
750
717
708
762
732
680
684
681
708
723
695
737
711
711
762
592
659
735
691
765
728
639
698
684
744
695
700
746
734
727
730
690
734
710
677
767
729
682
758
732
699
754
703
773
704
715
734
748
719
747
708
768
650
708
714
792
739
714
661
757
718
660
650
714
732
690
724
705
732
697
669
724
687
690
712
682
719
726
683
733
737
689
716
734
774
673
703
762
714
701
673
711
654
676
639
630
726
703
766
715
704
672
653
696
727
706
695
734
689
685
654
744
702
663
701
757
744
675
692
727
695
712
664
659
711
680
752
662
715
711
702
725
657
628
727
690
662
679
640
683
728
712
686
592
658
685
684
685
655
693
717
721
695
706
681
684
720
656
655
641
687
683
668
748
741
683
631
700
667
707
668
701
674
630
692
704
668
687
696
652
643
696
678
660
674
686
666
673
634
654
642
634
660
679
669
707
644
660
671
630
662
655
676
645
651
649
641
695
655
655
657
707
658
666
624
679
643
655
660
672
638
609
583
565
661
639
663
691
701
626
607
650
668
635
666
669
629
670
683
644
660
673
612
713
661
624
610
686
656
610
652
644
644
642
628
646
631
625
628
636
607
596
616
654
622
632
604
586
607
667
610
507
648
660
629
663
585
623
609
601
659
616
605
664
625
591
596
594
641
628
619
634
609
653
632
620
653
657
582
617
621
609
606
625
623
609
601
605
557
611
584
617
592
594
601
566
597
634
580
548
600
602
619
628
624
609
522
615
634
621
587
637
563
579
614
623
632
594
577
615
637
584
582
574
593
559
567
611
541
555
541
492
554
554
579
627
540
578
569
561
585
597
598
530
569
567
515
605
569
546
568
593
582
555
592
574
554
556
573
583
564
564
530
598
591
544
579
603
560
558
572
538
572
524
561
557
536
576
546
436
565
539
532
583
558
526
561
532
508
518
517
556
526
519
512
536
549
497
583
548
526
553
541
542
479
534
489
534
527
527
518
590
538
519
504
512
549
513
482
521
538
533
505
515
519
526
510
481
518
549
497
562
485
520
541
498
514
528
540
484
474
462
489
503
548
513
539
535
536
536
550
476
533
517
465
496
500
458
448
469
472
528
521
528
499
468
477
466
500
519
516
540
496
526
499
511
452
500
492
480
505
483
465
495
464
493
459
501
526
492
447
472
473
463
483
463
479
443
430
459
451
485
466
482
447
513
472
364
514
417
456
512
463
493
397
456
494
471
438
479
431
447
437
442
446
463
446
446
440
456
475
456
454
442
413
451
454
446
410
439
467
436
444
463
407
464
409
438
414
406
440
431
435
403
409
416
448
420
426
411
435
422
418
433
424
401
420
468
427
380
418
410
434
439
429
419
463
444
393
386
438
390
401
438
401
405
366
355
420
390
417
393
434
385
366
377
412
424
410
399
415
376
330
408
391
398
417
398
369
405
397
445
374
407
440
406
404
431
359
402
384
375
381
391
371
367
406
383
349
414
382
405
369
380
354
310
392
397
391
371
390
373
361
356
370
393
394
367
364
365
365
346
385
401
361
407
382
374
386
397
372
377
371
366
378
374
334
378
355
345
381
371
346
352
338
388
352
365
345
353
383
335
375
352
345
345
354
335
325
304
345
341
347
312
317
368
359
323
344
330
322
317
319
362
335
362
331
367
313
327
346
336
336
348
301
288
326
298
361
335
335
318
318
363
304
296
336
346
352
313
327
293
293
310
318
291
318
321
291
322
327
294
283
327
311
290
284
343
319
326
324
306
318
321
322
331
287
313
322
297
344
308
295
282
286
320
310
306
301
280
264
300
312
289
286
283
315
294
282
299
260
323
296
318
288
276
293
293
274
277
285
271
271
289
283
301
283
278
254
299
253
278
260
229
303
266
250
285
274
267
247
272
263
306
253
251
282
274
262
256
289
303
252
265
247
261
264
224
265
252
292
267
252
253
264
286
242
272
263
232
255
262
234
247
262
269
267
262
271
253
246
246
268
220
238
230
264
248
211
232
255
249
208
240
285
236
256
247
228
230
235
248
229
246
205
234
235
236
250
243
254
242
237
234
226
242
230
258
251
228
201
192
210
228
236
233
251
211
229
241
238
215
230
216
204
226
218
181
235
227
226
228
208
198
204
207
227
227
202
212
174
228
229
212
231
214
209
195
214
205
211
221
189
188
178
191
224
185
201
232
198
182
202
173
218
216
214
191
197
224
196
216
174
221
198
200
216
197
195
214
205
182
207
200
204
178
192
209
169
195
162
179
189
189
173
189
174
181
177
210
186
196
158
212
192
165
185
194
200
184
172
185
176
188
180
155
215
186
163
172
162
163
173
171
166
186
171
178
184
161
185
182
198
182
150
188
168
164
168
144
167
171
167
180
164
158
178
160
169
180
159
166
146
160
157
160
158
173
168
168
147
186
150
157
153
145
172
157
152
151
157
129
189
162
150
164
154
172
155
150
166
144
145
175
154
139
150
153
137
135
150
144
163
144
140
167
159
156
133
152
146
138
135
158
130
136
136
134
144
127
156
148
153
136
148
125
134
137
119
117
134
144
123
128
135
150
133
149
125
150
129
127
120
115
141
119
146
148
138
97
117
126
130
132
128
115
137
129
128
108
123
127
114
123
114
129
129
122
135
122
110
102
100
126
124
129
137
110
128
113
106
118
125
124
118
116
128
132
113
114
119
130
94
109
113
116
104
127
130
113
118
108
112
110
113
104
105
113
105
118
117
105
101
137
107
104
120
112
121
110
124
100
94
116
81
98
94
88
116
107
117
105
92
89
91
102
105
113
102
90
104
93
88
103
104
104
91
104
92
103
106
98
93
97
119
84
71
96
110
104
110
109
119
80
98
94
80
92
95
101
110
115
115
97
96
106
107
86
95
76
99
83
85
93
94
102
99
85
98
100
88
89
79
94
101
88
89
86
97
95
79
96
89
90
78
54
85
81
70
87
88
90
86
93
86
75
85
72
68
105
77
82
97
81
77
82
63
74
78
97
95
61
72
80
57
71
78
65
86
71
81
82
55
70
80
79
81
89
67
55
60
81
65
74
80
91
80
65
76
58
69
75
64
80
67
66
71
71
78
70
46
80
73
87
86
67
93
65
72
71
75
61
78
78
49
68
61
74
75
67
62
73
65
62
61
60
70
84
57
57
64
71
68
67
53
60
62
57
49
62
61
63
58
58
62
57
58
55
60
59
52
60
68
65
56
56
53
52
49
58
65
59
55
45
58
75
53
70
59
58
66
58
55
51
57
54
64
54
54
52
46
44
53
60
48
76
62
55
50
51
49
55
42
54
48
55
54
51
50
56
44
49
46
51
50
47
52
59
59
52
57
49
50
49
41
49
48
40
39
53
37
65
52
55
33
49
47
46
52
37
41
60
34
51
52
42
48
42
34
37
40
39
39
36
41
35
46
53
51
35
49
44
57
46
45
39
36
47
36
54
33
42
45
42
32
31
38
41
46
50
48
53
35
25
42
31
55
49
35
40
47
41
45
36
47
32
32
43
38
31
42
33
40
33
38
35
50
35
34
43
31
42
31
40
39
37
34
33
39
34
39
41
28
33
31
33
36
35
36
38
44
29
33
43
39
37
24
32
28
31
41
26
30
14
40
43
31
35
31
31
22
32
34
43
31
30
36
31
25
33
28
29
27
37
30
40
30
29
27
28
32
31
31
26
31
33
28
24
26
29
16
21
31
22
25
26
26
30
28
29
23
35
34
28
25
20
25
23
33
26
23
23
35
22
38
24
32
29
26
27
37
30
21
21
30
23
21
19
23
26
26
20
28
26
33
25
23
18
28
22
25
36
20
22
24
19
29
23
14
20
27
29
27
18
32
27
17
31
22
20
20
19
28
32
28
16
23
20
17
23
23
22
27
29
25
31
21
12
21
28
16
18
22
25
22
18
17
20
25
20
22
18
18
22
12
11
20
14
24
22
22
16
14
29
32
15
14
23
16
17
24
14
19
22
23
25
17
25
20
15
20
21
21
22
20
19
15
16
24
19
16
19
20
22
21
17
18
16
21
9
15
14
13
17
7
22
8
24
16
15
13
17
13
15
12
9
17
21
20
18
16
22
18
10
15
13
7
13
18
14
16
16
18
18
12
15
19
13
14
20
17
12
15
18
14
13
15
9
15
16
11
11
13
12
8
13
11
21
9
11
16
9
13
15
7
11
14
13
13
8
14
15
12
8
11
14
9
14
10
12
11
14
11
10
17
5
9
8
18
16
5
11
14
12
16
9
13
10
17
5
7
9
17
10
9
9
4
16
13
6
12
11
15
8
15
14
6
8
15
9
15
16
5
10
13
11
12
11
7
8
8
18
4
7
10
12
16
20
7
13
9
6
9
10
12
5
7
14
4
5
7
8
11
4
14
7
12
10
7
8
8
7
12
11
6
11
10
9
7
12
9
4
7
11
4
10
12
10
10
11
1
11
4
10
12
12
5
10
13
6
11
11
6
13
15
11
9
12
10
6
5
2
7
4
7
4
6
7
5
8
6
10
7
4
4
2
8
7
6
4
5
10
12
9
7
9
8
13
9
5
5
6
11
10
4
7
3
4
5
6
6
5
5
9
4
11
5
13
7
6
6
7
8
4
9
8
8
10
14
9
6
4
5
10
4
4
8
6
3
5
8
4
5
6
4
4
7
3
7
3
6
7
4
4
7
4
10
4
2
4
4
6
6
13
8
8
10
6
3
7
9
3
4
6
8
3
6
2
4
5
4
10
7
9
3
2
8
7
8
1
5
3
6
2
6
3
5
4
1
5
4
3
9
6
3
9
6
4
3
4
7
5
4
7
3
3
7
0
4
4
4
3
7
5
7
6
6
0
6
3
3
0
4
2
5
5
5
4
2
2
2
4
7
6
3
4
5
7
4
4
5
1
8
1
1
2
6
4
5
3
2
5
6
3
2
2
6
2
4
4
3
4
7
3
5
3
4
2
1
7
3
5
6
4
3
7
4
1
2
3
3
4
1
3
0
4
0
3
2
2
1
1
1
1
2
3
1
3
1
1
2
3
3
4
4
3
4
2
2
2
2
2
4
1
3
3
3
2
2
5
2
5
2
3
0
1
1
2
2
2
3
4
4
0
1
4
0
3
2
2
2
3
0
1
2
3
3
5
0
1
2
1
2
3
2
1
2
3
1
2
5
1
0
0
4
2
3
4
2
0
2
1
2
1
3
4
3
2
0
3
1
2
2
1
2
1
3
1
2
1
2
4
0
2
2
2
3
4
3
3
0
0
1
6
2
1
0
3
0
2
1
3
0
4
1
3
2
1
1
4
3
2
1
2
2
2
1
1
2
0
0
0
1
1
4
3
3
2
0
1
0
1
2
0
1
1
0
1
4
1
1
0
4
1
3
2
2
1
1
5
0
1
2
0
1
4
2
1
1
0
0
0
1
1
2
1
0
1
2
1
2
0
0
1
0
0
0
1
3
1
0
3
0
2
1
2
1
0
0
2
2
1
2
0
1
0
2
3
0
0
2
0
1
1
1
1
1
2
1
0
3
0
1
0
1
3
1
0
0
1
2
2
2
1
1
0
1
0
0
1
2
1
1
1
1
1
0
1
1
0
0
3
2
2
0
4
1
1
1
1
1
0
3
2
1
1
2
1
0
0
1
1
0
0
1
2
0
1
0
2
1
1
2
1
2
0
1
2
1
0
0
2
0
0
3
1
2
1
1
1
1
1
0
0
0
0
0
1
0
1
1
1
0
1
0
0
0
1
0
0
0
1
0
2
0
2
1
0
1
1
4
1
0
1
0
0
1
2
2
2
0
0
0
0
1
3
0
1
2
1
0
2
3
2
0
0
0
0
0
0
0
0
0
1
2
2
0
0
1
0
0
0
1
1
0
1
0
0
2
0
1
0
0
0
0
0
2
2
2
0
0
2
1
0
0
0
1
1
1
0
0
0
0
0
0
1
0
1
0
0
1
0
0
1
0
2
1
0
0
2
1
0
0
0
0
0
0
3
1
0
0
0
0
0
0
0
1
0
0
0
0
0
0
0
0
0
0
0
0
0
0
0
1
2
1
0
0
0
0
0
1
0
0
0
0
1
0
0
1
0
0
1
0
0
1
0
0
0
0
0
1
0
2
1
0
0
0
0
0
0
1
1
0
1
1
0
0
1
0
1
0
0
0
0
0
1
0
0
0
0
0
0
0
0
0
0
1
1
0
0
1
0
1
0
0
0
0
0
0
0
0
1
1
0
0
0
0
0
0
0
0
0
0
0
0
1
0
0
0
0
1
0
0
0
0
0
0
0
0
0
0
0
0
0
1
0
0
1
0
0
0
0
0
1
0
0
1
0
0
0
0
0
0
0
0
0
1
0
0
0
0
0
1
0
0
0
0
1
0
0
0
0
0
0
0
1
0
0
0
0
0
0
0
1
0
0
0
0
0
0
0
0
1
0
1
0
0
0
0
0
0
0
0
0
0
0
0
0
1
0
0
0
0
0
0
0
0
0
0
0
0
0
2
0
0
0
0
0
0
0
0
0
0
0
0
0
0
0
0
0
0
0
0
0
0
0
0
0
0
0
0
0
0
0
0
0
0
0
0
0
0
0
0
0
0
0
0
0
0
0
0
0
0
0
0
0
0
1
1
0
0
1
0
0
0
0
0
0
0
1
0
0
1
0
0
0
0
0
0
0
0
1
0
0
1
0
0
0
0
0
0
0
0
0
0
0
0
0
0
0
0
0
0
0
0
1
0
0
0
0
0
0
0
0
0
0
0
1
0
0
0
0
0
0
0
0
0
0
0
0
0
0
0
0
0
0
0
0
0
0
0
0
1
0
0
0
0
0
0
0
1
0
0
0
0
0
0
0
0
0
0
0
0
0
0
0
0
0
0
0
0
0
0
0
0
0
0
0
0
0
0
0
1
0
0
0
0
0
0
0
0
0
0
0
0
0
0
0
0
0
0
0
0
0
0
1
0
0
0
0
0
0
0
0
0
0
0
0
0
0
0
0
0
0
0
0
0
0
0
0
0
0
0
0
0
0
1
0
0
0
0
0
0
0
0
1
0
0
0
0
0
0
0
0
0
0
0
0
0
0
0
0
0
0
0
0
0
0
0
0
0
0
0
0
0
0
0
0
0
0
0
1
0
0
0
0
0
0
0
0
0
0
0
0
0
0
0
0
0
0
0
0
0
0
0
0
0
0
0
0
0
0
0
0
0
0
0
0
0
0
0
0
0
0
0
0
0
0
0
0
0
0
0
0
0
1
0
0
0
0
0
0
0
0
0
0
0
0
0
0
0
0
0
0
0
0
0
0
0
0
0
0
0
0
0
0
0
0
0
0
0
0
0
0
0
0
0
0
0
0
0
0
0
0
0
0
0
0
0
0
0
0
0
0
0
0
0
0
0
0
0
0
0
0
0
0
0
0
0
0
0
0
0
0
0
0
0
0
0
0
0
0
0
0
0
0
0
0
0
0
0
0
0
0
0
0
0
0
0
0
0
0
0
0
0
0
0
0
0
0
0
0
0
0
0
0
0
0
0
0
0
0
0
0
0
0
0
0
0
0
0
0
0
0
0
0
0
0
0
0
0
0
0
0
0
0
0
0
0
0
0
0
0
0
0
0
0
0
0
0
0
0
0
0
0
0
0
0
0
0
0
0
0
0
0
0
0
0
0
0
0
0
0
0
0
0
0
0
0
0
0
0
0
0
0
0
0
0
0
0
0
0
0
0
0
0
0
0
0
0
0
0
0
0
0
0
0
0
0
0
0
0
0
0
0
0
0
0
0
0
0
0
0
0
0
0
0
0
0
0
0
0
0
0
0
0
0
0
0
0
0
0
0
0
0
0
0
0
0
0
0
0
0
0
0
0
0
0
0
0
0
0
0
0
0
0
0
0
0
0
0
0
0
0
0
0
0
0
0
0
0
0
0
0
0
0
0
0
0
0
0
0
0
0
0
0
0
0
0
0
0
0
0
0
0
0
0
0
0
0
0
0
0
0
0
0
0
0
0
0
0
0
0
0
0
0
0
0
0
0
0
0
0
0
0
0
0
0
0
0
0
0
0
0
0
0
0
0
0
0
0
0
0
0
0
0
0
0
0
0
0
0
0
0
0
0
0
0
0
0
0
0
0
0
0
0
0
0
0
0
0
0
0
0
0
0
0
0
0
0
0
0
0
0
0
0
0
0
0
0
0
0
0
0
0
0
0
0
0
0
0
0
0
0
0
1
0
0
0
0
0
0
0
0
0
0
0
0
0
0
0
0
0
0
0
0
0
0
0
0
0
0
0
0
0
0
0
0
0
0
0
0
0
0
0
0
0
0
0
0
0
0
0
0
0
0
0
0
0
0
0
0
0
0
0
0
0
0
0
0
0
0
0
0
0
0
0
0
0
0
0
0
0
0
0
0
0
0
0
0
0
0
0
0
0
0
0
0
0
0
0
0
0
0
0
0
0
0
0
0
0
0
0
0
0
0
0
0
0
0
0
0
0
0
0
0
0
0
0
0
0
0
0
0
0
0
0
0
0
0
0
0
0
0
0
0
0
0
0
0
0
0
0
0
0
0
0
0
0
0
0
0
0
0
0
0
0
0
0
0
0
0
0
0
0
0
0
0
0
0
0
0
0
0
0
0
0
0
0
0
0
0
0
0
0
0
0
0
0
0
0
0
0
0
0
0
0
0
0
0
0
0
0
0
0
0
0
0
0
0
0
0
0
0
0
0
0
0
0
0
0
0
0
0
0
0
0
0
0
0
0
0
0
0
0
0
0
0
0
0
0
0
0
0
0
0
0
0
0
0
0
0
0
0
0
0
0
0
0
0
0
0
0
0
0
0
0
0
0
0
0
0
0
0
0
0
0
0
0
0
0
0
0
0
0
0
0
0
0
0
0
0
0
0
0
0
0
0
0
0
0
0
0
0
0
0
0
0
0
0
0
0
0
0
0
0
0
0
0
0
0
0
0
0
0
0
0
0
0
0
0
0
0
0
0
0
0
0
0
0
0
0
0
0
0
0
0
0
0
0
0
0
0
0
0
0
0
0
0
0
0
0
0
0
0
0
0
0
0
0
0
0
0
0
0
0
0
0
0
0
0
0
0
0
0
0
0
0
0
0
0
0
0
0
0
0
0
0
0
0
0
0
0
0
0
0
0
0
0
0
0
0
0
0
0
0
0
0
0
0
0
0
0
0
0
0
0
0
0
0
0
0
0
0
0
0
0
0
0
0
0
0
0
0
0
0
0
0
0
0
0
0
0
0
0
0
0
0
0
0
0
0
0
0
0
0
0
0
0
0
0
0
0
0
0
0
0
0
0
0
0
0
0
0
0
0
0
0
0
0
0
0
0
0
0
0
0
0
0
0
0
0
0
0
0
0
0
0
0
0
0
0
0
0
0
0
0
0
0
0
0
0
0
0
0
0
0
0
0
0
0
0
0
0
0
0
0
0
0
0
0
0
0
0
0
0
0
0
0
0
0
0
0
0
0
0
0
0
0
0
0
0
0
0
0
0
0
0
0
0
0
0
0
0
0
0
0
0
0
0
0
0
0
0
0
0
0
0
0
0
0
0
0
0
0
0
0
0
0
0
0
0
0
0
0
0
0
0
0
0
0
0
0
0
0
0
0
0
0
0
0
0
0
0
0
0
0
0
0
0
0
0
0
0
0
0
0
0
0
0
0
0
0
0
0
0
0
0
0
0
0
0
0
0
0
0
0
0
0
0
0
0
0
0
0
0
0
0
0
0
0
0
0
0
0
0
0
0
0
0
0
0
0
0
0
0
0
0
0
0
0
0
0
0
0
0
0
0
0
0
0
0
0
0
0
0
0
0
0
0
0
0
0
0
0
0
0
0
0
0
0
0
0
0
0
0
0
0
0
0
0
0
0
0
0
0
0
0
0
0
0
0
0
0
0
0
0
0
0
0
0
0
0
0
0
0
0
0
0
0
0
0
0
0
0
0
0
0
0
0
0
0
0
0
0
0
0
0
0
0
0
0
0
0
0
0
0
0
0
0
0
0
0
0
0
0
0
0
0
0
0
0
0
0
0
0
0
0
0
0
0
0
0
0
0
0
0
0
0
0
0
0
0
0
0
0
0
0
0
0
0
0
0
0
0
0
0
0
0
0
0
0
0
0
0
0
0
0
0
0
0
0
0
0
0
0
0
0
0
0
0
0
0
0
0
0
0
0
0
0
0
0
0
0
0
0
0
0
0
0
0
0
0
0
0
0
0
0
0
0
0
0
0
0
0
0
0
0
0
0
0
0
0
0
0
0
0
0
0
0
0
0
0
0
0
0
0
0
0
0
0
0
0
0
0
0
0
0
0
0
0
0
0
0
0
0
0
0
0
0
0
0
0
0
0
0
0
0
0
0
0
0
0
0
0
0
0
0
0
0
0
0
0
0
0
0
0
0
0
0
0
0
0
0
0
0
0
0
0
0
0
0
0
0
0
0
0
0
0
0
0
0
0
0
0
0
0
0
0
0
0
0
0
0
0
0
0
0
0
0
0
0
0
0
0
0
0
0
0
0
0
0
0
0
0
0
0
0
0
0
0
0
0
0
0
0
0
0
0
0
0
0
0
0
0
0
0
0
0
0
0
0
0
0
0
0
0
0
0
0
0
0
0
0
0
0
0
0
0
0
0
0
0
0
0
0
0
0
0
0
0
0
0
0
0
0
0
0
0
0
0
0
0
0
0
0
0
0
0
0
0
0
0
0
0
0
0
0
0
0
0
0
0
0
0
0
0
0
0
0
0
0
0
0
0
0
0
0
0
0
0
0
0
0
0
0
0
0
0
0
0
0
0
0
0
0
0
0
0
0
0
0
0
0
0
0
0
0
0
0
0
0
0
0
0
0
0
0
0
0
0
0
0
0
0
0
0
0
0
0
0
0
0
0
0
0
0
0
0
0
0
0
0
0
0
0
0
0
0
0
0
0
0
0
0
0
0
0
0
0
0
0
0
0
0
0
0
0
0
0
0
0
0
0
0
0
0
0
0
0
0
0
0
0
0
0
0
0
0
0
0
0
0
0
0
0
0
0
0
0
0
0
0
0
0
0
0
0
0
0
0
0
0
0
0
0
0
0
0
0
0
0
0
0
0
0
0
0
0
0
0
0
0
0
0
0
0
0
0
0
0
0
0
0
0
0
0
0
0
0
0
0
0
0
0
0
0
0
0
0
0
0
0
0
0
0
0
0
0
0
0
0
0
0
0
0
0
0
0
0
0
0
0
0
0
0
0
0
0
0
0
0
0
0
0
0
0
0
0
0
0
0
0
0
0
0
0
0
0
0
0
0
0
0
0
0
0
0
0
0
0
0
0
0
0
0
0
0
0
0
0
0
0
0
0
0
0
0
0
0
0
0
0
0
0
0
0
0
0
0
0
0
0
0
0
0
0
0
0
0
0
0
0
0
0
0
0
0
0
0
0
0
0
0
0
0
0
0
0
0
0
0
0
0
0
0
0
0
0
0
0
0
0
0
0
0
0
0
0
0
0
0
0
0
0
0
0
0
0
0
0
0
0
0
0
0
0
0
0
0
0
0
0
0
0
0
0
0
0
0
0
0
0
0
0
0
0
0
0
0
0
0
0
0
0
0
0
0
0
0
0
0
0
0
0
0
0
0
0
0
0
0
0
0
0
0
0
0
0
0
0
0
0
0
0
0
0
0
0
0
0
0
0
0
0
0
0
0
0
0
0
0
0
0
0
0
0
0
0
0
0
0
0
0
0
0
0
0
0
0
0
0
0
0
0
0
0
0
0
0
0
0
0
0
0
0
0
0
0
0
0
0
0
0
0
0
0
0
0
0
0
0
0
0
0
0
0
0
0
0
0
0
0
0
0
0
0
0
0
0
0
0
0
0
0
0
0
0
0
0
0
0
0
0
0
0
0
0
0
0
0
0
0
0
0
0
0
0
0
0
0
0
0
0
0
0
0
0
0
0
0
0
0
0
0
0
0
0
0
0
0
0
0
0
0
0
0
0
0
0
0
0
0
0
0
0
0
0
0
0
0
0
0
0
0
0
0
0
0
0
0
0
0
0
0
0
0
0
0
0
0
0
0
0
0
0
0
0
0
0
0
0
0
0
0
0
0
0
0
0
0
0
0
0
0
0
0
0
0
0
0
0
0
0
0
0
0
0
0
0
0
0
0
0
0
0
0
0
0
0
0
0
0
0
0
0
0
0
0
0
0
0
0
0
0
0
0
0
0
0
0
0
0
0
0
0
0
0
0
0
0
0
0
0
0
0
0
0
0
0
0
0
0
0
0
0
0
0
0
0
0
0
0
0
0
0
0
0
0
0
0
0
0
0
0
0
0
0
0
0
0
0
0
0
0
0
0
0
0
0
0
0
0
0
0
0
0
0
0
0
0
0
0
0
0
0
0
0
0
0
0
0
0
0
0
0
0
0
0
0
0
0
0
0
0
0
0
0
0
0
0
0
0
0
0
0
0
0
0
0
0
0
0
0
0
0
0
0
0
0
0
0
0
0
0
0
0
0
0
0
0
0
0
0
0
0
0
0
0
0
0
0
0
0
0
0
0
0
0
0
0
0
0
0
0
0
0
0
0
0
0
0
0
0
0
0
0
0
0
0
0
0
0
0
0
0
0
0
0
0
0
0
0
0
0
0
0
0
0
0
0
0
0
0
0
0
0
0
0
0
0
0
0
0
0
0
0
0
0
0
0
0
0
0
0
0
0
0
0
0
0
0
0
0
0
0
0
0
0
0
0
0
0
0
0
0
0
0
0
0
0
0
0
0
0
0
0
0
0
0
0
0
0
0
0
0
0
0
0
0
0
0
0
0
0
0
0
0
0
0
0
0
0
0
0
0
0
0
0
0
0
0
0
0
0
0
0
0
0
0
0
0
0
0
0
0
0
0
0
0
0
0
0
0
0
0
0
0
0
0
0
0
0
0
0
0
0
0
0
0
0
0
0
0
0
0
0
0
0
0
0
0
0
0
0
0
0
0
