0
0
0
2
0
0
0
1
1
0
0
0
0
1
0
0
0
0
1
1
1
0
1
0
1
1
1
0
0
0
0
0
0
1
1
0
0
3
1
2
0
0
1
0
0
0
2
0
2
1
5
0
1
1
0
2
2
0
2
0
1
1
0
0
0
1
2
1
0
0
2
0
2
1
2
1
1
0
2
1
0
2
2
2
0
2
2
0
1
0
4
0
2
0
2
1
1
2
0
2
2
2
4
2
1
1
1
1
1
4
2
0
1
5
0
2
0
4
1
3
2
1
3
2
0
1
2
1
1
2
3
2
1
2
0
1
3
3
4
2
7
3
2
5
5
2
3
3
0
3
1
1
5
3
2
1
3
4
0
4
2
2
3
4
2
1
0
5
3
2
3
1
4
7
3
2
4
6
4
3
4
2
4
2
6
3
3
6
2
2
3
4
5
2
3
4
3
3
2
8
7
4
4
6
0
4
3
4
10
2
3
4
7
3
9
5
6
5
9
4
8
7
4
5
12
4
5
6
4
4
1
6
5
6
6
6
3
7
4
7
4
10
4
5
4
6
5
4
8
4
7
8
5
7
5
9
8
9
7
11
12
5
11
10
11
9
10
9
12
8
13
12
8
9
7
11
11
6
13
10
7
12
15
7
10
18
11
13
9
17
15
9
11
11
8
12
13
15
10
10
12
8
14
13
12
11
11
7
8
11
8
12
15
10
14
13
12
15
13
12
11
12
14
17
10
20
12
24
8
12
8
4
13
20
25
12
18
23
15
19
16
7
21
17
12
12
11
17
22
18
13
25
25
17
21
16
16
26
23
22
24
21
21
27
19
22
20
24
17
17
14
21
28
15
17
18
23
23
25
19
17
28
16
27
28
17
25
28
19
29
24
19
20
29
18
35
21
24
25
31
22
24
28
29
31
30
30
26
39
29
29
29
30
20
30
26
25
29
34
47
40
30
35
42
34
40
39
26
48
33
30
46
29
34
45
33
23
28
34
49
40
24
30
33
44
40
34
40
44
40
39
37
49
42
46
26
48
47
34
39
32
41
40
52
36
33
55
50
50
43
44
46
42
48
48
40
42
47
55
53
45
51
39
53
47
54
56
53
51
52
34
59
58
41
48
49
55
61
47
58
59
66
57
60
57
55
64
56
56
60
69
67
61
71
51
65
66
65
74
77
52
64
65
64
71
71
75
80
60
90
55
81
88
67
68
88
68
69
79
54
71
65
73
66
84
89
66
76
81
71
71
95
80
58
73
69
94
81
79
106
78
79
72
80
76
77
80
76
87
82
91
76
85
99
111
107
111
114
96
94
99
97
80
95
104
114
85
90
85
109
98
114
101
98
97
116
96
109
111
100
101
91
107
123
116
99
111
119
97
120
121
111
117
91
118
132
133
118
98
101
96
132
135
104
123
129
120
121
120
130
125
135
123
162
127
112
141
126
133
135
145
131
134
125
132
126
140
141
139
118
136
134
151
137
146
164
133
153
142
143
136
136
135
138
160
153
168
123
155
151
140
148
177
146
169
155
168
161
154
175
170
155
144
165
172
166
170
203
197
182
175
152
172
179
174
191
162
155
172
180
154
169
204
197
202
192
176
204
192
184
196
199
170
189
195
210
185
203
219
208
181
217
194
182
203
203
212
219
234
213
227
206
256
212
214
241
232
208
216
227
217
199
228
238
223
205
221
176
233
267
222
249
231
242
214
275
248
246
252
246
274
234
250
264
292
236
272
292
236
242
267
270
269
241
237
237
269
275
275
277
272
286
274
286
275
333
286
284
264
279
277
256
304
267
295
224
301
285
283
277
302
273
288
327
281
300
294
326
295
313
296
290
303
316
295
301
327
305
306
324
317
304
344
308
317
307
356
310
324
347
332
352
365
352
304
355
360
333
342
316
347
349
328
332
343
324
346
368
378
383
335
357
341
377
338
358
339
348
348
381
377
369
398
387
387
376
424
361
404
401
363
400
409
372
359
353
409
431
381
410
414
427
428
430
409
409
446
389
437
422
463
402
426
422
443
443
422
447
411
427
417
454
438
421
444
447
427
479
482
436
446
452
466
472
472
470
428
493
439
453
509
465
471
353
516
478
460
495
490
515
504
477
494
466
496
516
453
480
497
501
544
503
531
574
499
489
486
525
534
494
514
491
517
533
518
549
538
545
527
504
551
482
528
546
509
523
505
582
521
522
526
526
594
564
541
589
569
604
548
515
596
594
553
560
545
562
586
596
610
576
589
618
560
626
612
635
579
616
589
588
595
618
536
528
592
600
601
606
595
597
600
646
618
582
600
618
643
658
612
673
614
608
650
618
666
584
636
665
640
635
633
658
643
611
658
691
639
695
664
705
680
684
715
663
608
669
682
733
722
649
687
555
719
687
654
718
640
740
692
729
700
741
722
728
698
737
670
724
715
733
715
762
765
706
752
752
756
749
758
760
710
769
779
743
781
753
784
750
779
812
738
800
805
724
751
765
771
762
678
777
762
763
764
824
818
805
760
785
766
748
780
794
843
773
752
849
788
784
833
838
807
841
833
810
797
826
839
793
829
792
732
722
833
786
832
843
768
859
801
847
885
895
774
851
824
842
872
845
865
852
901
869
896
899
900
860
853
882
867
879
843
834
809
875
927
901
834
895
854
872
857
867
936
925
883
867
933
867
877
722
904
922
919
937
933
968
912
961
938
915
935
916
931
869
877
879
935
943
957
903
903
944
937
1001
937
942
952
950
916
966
941
960
934
948
984
995
968
918
925
1042
974
924
961
959
918
995
933
947
1000
933
986
1029
976
1012
989
997
1017
923
974
1005
951
985
1002
1013
980
982
1044
1054
974
1025
1047
1043
1032
992
946
1035
963
988
898
926
1011
1008
1076
1063
962
1039
1024
1058
951
980
1043
1067
1017
998
1023
998
969
1053
1056
1100
1069
1028
1025
967
1058
1064
1052
1058
1068
1072
1035
1036
1051
1045
1067
1106
1008
1070
1055
1043
1112
1018
1015
1062
1045
1040
1034
918
1081
1076
1099
1107
1107
1066
1135
1112
1087
1059
1051
1070
1038
1038
1035
1055
1065
1026
1139
1167
1110
1066
1124
1059
1064
1093
990
1067
1053
1156
1072
1146
1090
1135
1074
1090
1077
1079
1018
1087
1106
1049
1133
1076
1084
1107
1029
1114
1085
1105
1069
1137
1107
1079
1088
1123
1064
1099
1052
1108
1036
1069
1126
1057
1107
1111
1036
1112
1090
1096
1113
1157
1160
1158
1064
1089
1137
1102
1079
1041
1140
1183
1157
1140
1092
1098
1129
1134
1071
1118
1114
1146
1151
1085
1145
1144
1145
1114
1135
1129
1182
1138
1105
1157
1121
1108
1073
1111
1125
1175
1089
1088
1131
1108
1155
1153
1155
1079
1070
1152
1188
1135
1095
1168
1112
1147
1105
936
1144
1127
1108
1138
1232
1092
1103
1129
1092
1124
1105
1120
1153
1150
1042
1174
1087
1138
1150
1134
1158
1113
1136
1095
1121
1118
1118
1109
1147
1115
1087
1098
1131
1161
1213
1185
1131
1107
1082
1163
1156
1129
1060
1152
1142
1108
1000
1161
1114
1156
1087
1157
1139
1141
1109
1102
1132
1108
1104
1129
1076
1072
1121
1149
1136
1071
1081
1086
1166
1169
1104
1105
1105
1141
1134
1097
1120
1158
1034
1044
1114
1137
1153
1170
1125
1163
1107
1096
1157
1056
1069
1163
1117
1101
1126
1128
1126
1102
1148
1126
1084
1114
1069
1100
1098
1121
1069
1132
1116
1150
1083
1096
1121
1152
1057
1165
1097
1066
1083
1064
1092
1058
1134
1158
1082
1076
1064
919
1135
1026
1154
1136
1082
1044
1090
1113
1127
1093
1071
1111
1020
1078
990
1076
1088
1073
1039
1101
1069
1085
991
1032
1031
1072
1009
1084
1107
1082
1040
1051
1111
1057
1088
1118
1089
1072
1029
1096
1007
1008
1013
1046
1070
993
942
1017
1029
981
1023
1071
1054
995
1010
1091
1036
1009
984
1099
1024
1016
990
1021
1044
1016
1001
1084
1040
1015
1069
1055
1025
975
1020
969
961
1010
938
911
1063
1069
1025
980
965
996
992
998
1030
978
955
1017
1002
976
970
975
994
1020
955
1018
976
967
1033
1022
1011
907
969
959
1045
972
931
957
979
978
996
996
949
976
956
954
1016
926
907
957
1005
958
960
797
955
917
932
884
970
913
928
964
942
928
905
970
918
857
840
886
967
859
942
940
880
895
942
961
941
923
904
918
976
896
944
913
938
857
854
916
898
884
898
867
898
873
864
920
880
852
839
876
923
843
880
881
933
789
835
875
832
928
849
862
846
863
828
829
885
809
818
892
852
762
848
859
880
852
834
871
850
821
767
727
816
800
826
866
818
881
791
820
889
795
817
888
827
869
801
791
780
798
818
759
812
789
825
774
848
749
782
835
773
791
769
766
812
774
830
791
782
750
780
805
793
745
770
745
808
775
728
648
757
798
732
810
735
747
745
743
742
714
763
753
756
756
697
717
764
707
793
739
683
674
719
709
757
775
726
727
703
715
692
739
747
696
706
698
669
720
694
727
696
664
714
694
725
680
637
660
696
650
699
709
635
691
672
678
719
649
617
671
649
691
654
622
680
638
634
646
645
648
618
644
651
591
632
627
585
597
600
554
592
603
656
618
673
645
625
607
616
617
615
611
611
606
626
606
616
593
614
640
577
603
622
624
618
644
619
586
629
582
576
585
583
579
593
586
603
573
556
577
557
557
602
588
572
560
539
478
547
537
523
561
527
550
552
578
541
540
490
521
566
544
525
501
532
514
533
542
529
502
515
487
539
455
492
547
501
515
522
529
450
525
537
511
480
489
507
522
485
488
513
496
494
474
430
489
474
482
478
481
481
502
464
449
482
461
428
473
473
438
465
449
477
477
470
437
472
467
452
412
483
417
435
464
468
443
377
418
448
433
430
427
420
464
422
401
463
457
425
395
395
438
454
405
368
383
411
421
384
409
385
396
393
401
376
402
417
403
379
378
414
410
410
426
401
419
404
373
366
378
383
377
376
346
367
319
364
330
337
358
334
379
363
314
367
345
351
362
357
375
323
308
330
360
340
355
361
338
350
335
361
334
333
361
346
356
332
359
301
334
350
326
357
317
338
336
301
345
354
341
311
286
302
301
312
292
343
342
290
295
306
299
304
264
290
300
305
308
281
284
285
295
280
309
298
310
301
293
277
252
266
277
272
292
257
238
275
264
253
271
284
261
259
261
251
247
251
274
271
270
233
273
276
264
244
278
257
232
232
261
241
219
263
230
242
250
218
243
248
241
218
251
273
204
246
224
237
207
225
231
193
235
238
207
220
207
241
212
220
229
254
227
207
211
195
243
242
205
186
199
211
186
226
215
218
200
219
203
199
199
217
210
175
197
207
204
214
198
189
206
207
167
184
189
178
199
159
206
178
196
197
172
173
181
170
195
206
203
173
187
160
166
162
180
173
176
178
168
177
175
181
164
162
143
165
180
158
169
152
174
168
137
143
146
144
183
157
150
154
168
140
149
138
145
158
147
139
137
148
144
136
131
151
127
137
162
150
136
146
128
136
122
145
118
130
138
138
123
124
129
133
132
126
138
139
131
138
137
132
128
134
109
123
140
139
124
144
120
131
136
117
118
126
125
141
126
117
115
100
110
140
110
108
93
121
114
100
111
97
106
118
123
87
116
122
102
117
97
106
107
116
98
94
125
101
107
84
87
93
118
101
105
107
91
92
88
91
92
101
105
113
90
100
90
89
98
103
91
99
74
92
81
79
91
98
72
92
79
88
87
77
65
79
93
85
106
84
77
76
101
76
72
88
72
78
90
76
67
83
78
86
84
77
67
62
63
52
78
66
85
73
74
77
72
64
71
69
69
64
67
71
71
81
74
67
64
55
68
50
56
50
49
59
72
55
56
56
75
70
71
72
57
65
61
68
61
55
61
61
68
60
54
62
51
55
56
54
63
51
52
53
60
65
55
54
44
64
58
35
54
55
37
54
52
55
49
46
53
51
63
61
52
59
43
53
42
48
47
46
55
47
44
51
35
40
48
48
44
54
47
33
53
33
36
45
49
45
47
30
28
44
41
33
37
49
35
28
36
42
45
37
49
37
39
50
33
39
34
35
35
34
45
37
35
38
40
28
32
28
35
37
30
42
34
35
24
32
37
31
46
33
38
41
46
21
39
33
25
30
28
37
30
35
27
39
21
39
28
31
21
32
29
23
28
29
36
24
27
38
20
31
29
22
31
25
24
25
26
28
23
25
22
29
29
35
26
33
30
20
29
21
24
25
25
28
28
21
19
18
33
28
21
26
29
26
12
25
28
20
22
19
24
22
20
23
13
16
16
21
22
23
17
21
25
28
19
13
22
14
19
10
19
18
11
16
20
19
22
15
18
16
16
21
10
21
18
15
26
14
14
20
21
11
20
17
20
17
17
13
11
17
10
18
15
12
17
14
18
13
16
20
12
12
15
12
9
12
13
16
13
19
23
13
21
15
10
20
16
12
18
12
12
10
12
8
17
15
15
12
14
8
7
11
11
10
12
8
10
15
10
15
14
20
8
9
11
12
7
6
9
8
12
4
9
10
9
11
13
7
17
13
9
5
12
11
11
5
10
14
11
9
11
11
15
13
7
2
8
9
10
8
7
6
8
2
12
10
13
3
7
7
5
7
7
8
2
7
5
9
7
6
9
6
7
10
6
12
7
8
5
5
2
3
7
5
6
9
8
8
5
3
5
10
10
4
9
11
5
6
5
8
6
3
12
5
8
8
11
6
5
4
7
10
6
6
2
7
6
11
5
9
5
6
6
8
5
3
5
6
5
1
7
3
3
5
6
2
2
6
5
5
3
7
3
4
5
9
8
1
5
3
5
6
4
4
2
5
2
2
1
3
3
3
2
4
5
2
8
1
8
4
6
5
9
3
2
4
2
2
2
2
2
4
5
2
1
4
5
5
7
4
2
1
1
4
4
3
2
1
3
2
2
3
1
1
0
4
1
4
0
0
3
4
2
2
2
5
5
3
3
4
5
2
2
4
4
3
2
2
4
4
2
9
1
1
2
0
3
1
3
1
1
1
4
4
0
4
2
1
2
0
1
0
4
1
1
1
2
2
0
4
1
2
2
0
4
1
3
1
1
0
1
5
1
1
2
1
5
1
3
1
2
3
4
2
1
0
0
1
1
0
1
1
0
1
3
1
0
2
0
4
0
0
0
3
1
1
1
1
2
2
2
1
0
4
2
0
1
0
1
2
0
1
1
2
2
2
2
1
1
3
0
0
2
3
1
1
1
2
1
1
1
2
0
1
0
2
1
1
1
1
1
1
0
1
1
1
0
0
0
0
1
0
3
1
0
0
2
1
2
1
0
1
0
0
0
0
1
0
1
0
0
2
0
0
0
1
1
0
0
0
0
0
1
0
0
0
0
0
0
1
0
1
1
0
0
0
0
0
3
0
1
0
1
2
0
0
0
0
1
1
0
2
0
0
1
0
0
0
2
1
0
0
0
0
0
0
0
0
0
0
0
1
0
0
1
0
0
0
1
0
1
0
1
0
0
0
0
1
0
2
0
1
0
1
1
0
0
0
0
0
0
1
0
0
2
0
1
0
0
0
0
1
0
1
2
0
1
0
0
0
0
0
0
0
0
0
0
0
0
0
0
0
0
0
0
0
0
0
0
0
0
0
0
0
0
0
0
1
1
0
1
0
0
0
0
1
0
1
0
0
1
0
0
0
0
0
0
0
0
0
0
0
0
0
1
0
1
0
1
0
0
0
1
0
1
0
0
0
0
0
0
0
0
0
0
0
0
0
0
0
0
0
0
0
0
0
0
0
0
0
0
0
0
0
0
0
0
1
1
0
0
0
0
0
1
1
0
0
0
0
0
1
1
1
0
0
0
0
0
0
0
0
0
0
0
0
0
0
1
0
0
0
0
0
0
0
0
0
0
0
0
1
0
0
0
0
0
0
0
0
0
0
0
0
0
0
0
0
0
0
0
0
0
0
0
0
0
0
0
0
0
0
0
0
0
0
0
0
0
0
0
0
0
0
0
0
0
0
2
0
0
0
0
0
0
0
0
0
0
0
0
0
0
0
1
0
0
0
0
0
0
0
1
0
1
0
0
0
0
0
0
0
0
0
0
0
0
0
0
0
0
0
0
0
0
0
0
0
0
0
0
0
0
0
0
0
0
0
0
0
0
0
0
0
0
0
0
0
0
0
0
0
0
0
0
0
0
0
0
0
0
0
0
0
0
0
0
0
0
0
0
0
0
0
0
0
0
0
0
0
0
0
0
0
0
0
0
0
0
0
0
0
0
0
0
0
0
0
0
0
0
0
0
0
0
0
0
0
0
0
0
0
0
0
0
0
0
0
0
0
0
0
0
0
0
0
0
0
0
0
0
0
0
0
0
0
0
0
0
0
0
0
0
0
0
0
0
0
0
0
0
0
0
0
0
0
0
0
0
0
0
0
0
0
0
0
0
0
0
0
0
0
0
0
0
0
0
0
0
0
0
0
0
0
0
0
0
0
0
0
0
0
0
0
0
0
0
0
0
0
0
0
0
0
0
0
0
0
0
0
0
0
0
0
0
0
0
0
0
0
0
0
0
0
0
0
0
0
0
0
0
0
0
0
0
0
0
0
0
0
0
0
0
0
0
0
0
0
0
0
0
0
0
0
0
0
0
0
0
0
0
0
0
0
0
0
0
0
0
0
0
0
0
0
0
0
0
0
0
0
0
0
0
0
0
0
0
0
0
0
0
0
0
0
0
0
0
0
0
0
0
0
0
0
0
0
0
0
0
0
0
0
0
0
0
0
0
0
0
0
0
0
0
0
0
0
0
0
0
0
0
0
0
0
0
0
0
0
0
0
0
0
0
0
0
0
0
0
0
0
0
0
0
0
0
0
0
0
0
0
0
0
0
0
0
0
0
0
0
0
0
0
0
0
0
0
0
0
0
0
0
0
0
0
0
0
0
0
0
0
0
0
0
0
0
0
0
0
0
0
0
0
0
0
0
0
0
0
0
0
0
0
0
0
0
0
0
0
0
0
0
0
0
0
0
0
0
0
0
0
0
0
0
0
0
0
0
0
0
0
0
0
0
0
0
0
0
0
0
0
0
0
0
0
0
0
0
0
0
0
0
0
0
0
0
0
0
0
0
0
0
0
0
0
0
0
0
0
0
0
0
0
0
0
0
0
0
0
0
0
0
0
0
0
0
0
0
0
0
0
0
0
0
0
0
0
0
0
0
0
0
0
0
0
0
0
0
0
0
0
0
0
0
0
0
0
0
0
0
0
0
0
0
0
0
0
0
0
0
0
0
0
0
0
0
0
0
0
0
0
0
0
0
0
0
0
0
0
0
0
0
0
0
0
0
0
0
0
0
0
0
0
0
0
0
0
0
0
0
0
0
0
0
0
0
0
0
0
0
0
0
0
0
0
0
0
0
0
0
0
0
0
0
0
0
0
0
0
0
0
0
0
0
0
0
0
0
0
0
0
0
0
0
0
0
0
0
0
0
0
0
0
0
0
0
0
0
0
0
0
0
0
0
0
0
0
0
0
0
0
0
0
0
0
0
0
0
0
0
0
0
0
0
0
0
0
0
0
0
0
0
0
0
0
0
0
0
0
0
0
0
0
0
0
0
0
0
0
0
0
0
0
0
0
0
0
0
0
0
0
0
0
0
0
0
0
0
0
0
0
0
0
0
0
0
0
0
0
0
0
0
0
0
0
0
0
0
0
0
0
0
0
0
0
0
0
0
0
0
0
0
0
0
0
0
0
0
0
0
0
0
0
0
0
0
0
0
0
0
0
0
0
0
0
0
0
0
0
0
0
0
0
0
0
0
0
0
0
0
0
0
0
0
0
0
0
0
0
0
0
0
0
0
0
0
0
0
0
0
0
0
0
0
0
0
0
0
0
0
0
0
0
0
0
0
0
0
0
0
0
0
0
0
0
0
0
0
0
0
0
0
0
0
0
0
0
0
0
0
0
0
0
0
0
0
0
0
0
0
0
0
0
0
0
0
0
0
0
0
0
0
0
0
0
0
0
0
0
0
0
0
0
0
0
0
0
0
0
0
0
0
0
0
0
0
0
0
0
0
0
0
0
0
0
0
0
0
0
0
0
0
0
0
0
0
0
0
0
0
0
0
0
0
0
0
0
0
0
0
0
0
0
0
0
0
0
0
0
0
0
0
0
0
0
0
0
0
0
0
0
0
0
0
0
0
0
0
0
0
0
0
0
0
0
0
0
0
0
0
0
0
0
0
0
0
0
0
0
0
0
0
0
0
0
0
0
0
0
0
0
0
0
0
0
0
0
0
0
0
0
0
0
0
0
0
0
0
0
0
0
0
0
0
0
0
0
0
0
0
0
0
0
0
0
0
0
0
0
0
0
0
0
0
0
0
0
0
0
0
0
0
0
0
0
0
0
0
0
0
0
0
0
0
0
0
0
0
0
0
0
0
0
0
0
0
0
0
0
0
0
0
0
0
0
0
0
0
0
0
0
0
0
0
0
0
0
0
0
0
0
0
0
0
0
0
0
0
0
0
0
0
0
0
0
0
0
0
0
0
0
0
0
0
0
0
0
0
0
0
0
0
0
0
0
0
0
0
0
0
0
0
0
0
0
0
0
0
0
0
0
0
0
0
0
0
0
0
0
0
0
0
0
0
0
0
0
0
0
0
0
0
0
0
0
0
0
0
0
0
0
0
0
0
0
0
0
0
0
0
0
0
0
0
0
0
0
0
0
0
0
0
0
0
0
0
0
0
0
0
0
0
0
0
0
0
0
0
0
0
0
0
0
0
0
0
0
0
0
0
0
0
0
0
0
0
0
0
0
0
0
0
0
0
0
0
0
0
0
0
0
0
0
0
0
0
0
0
0
0
0
0
0
0
0
0
0
0
0
0
0
0
0
0
0
0
0
0
0
0
0
0
0
0
0
0
0
0
0
0
0
0
0
0
0
0
0
0
0
0
0
0
0
0
0
0
0
0
0
0
0
0
0
0
0
0
0
0
0
0
0
0
0
0
0
0
0
0
0
0
0
0
0
0
0
0
0
0
0
0
0
0
0
0
0
0
0
0
0
0
0
0
0
0
0
0
0
0
0
0
0
0
0
0
0
0
0
0
0
0
0
0
0
0
0
0
0
0
0
0
0
0
0
0
0
0
0
0
0
0
0
0
0
0
0
0
0
0
0
0
0
0
0
0
0
0
0
0
0
0
0
0
0
0
0
0
0
0
0
0
0
0
0
0
0
0
0
0
0
0
0
0
0
0
0
0
0
0
0
0
0
0
0
0
0
0
0
0
0
0
0
0
0
0
0
0
0
0
0
0
0
0
0
0
0
0
0
0
0
0
0
0
0
0
0
0
0
0
0
0
0
0
0
0
0
0
0
0
0
0
0
0
0
0
0
0
0
0
0
0
0
0
0
0
0
0
0
0
0
0
0
0
0
0
0
0
0
0
0
0
0
0
0
0
0
0
0
0
0
0
0
0
0
0
0
0
0
0
0
0
0
0
0
0
0
0
0
0
0
0
0
0
0
0
0
0
0
0
0
0
0
0
0
0
0
0
0
0
0
0
0
0
0
0
0
0
0
0
0
0
0
0
0
0
0
0
0
0
0
0
0
0
0
0
0
0
0
0
0
0
0
0
0
0
0
0
0
0
0
0
0
0
0
0
0
0
0
0
0
0
0
0
0
0
0
0
0
0
0
0
0
0
0
0
0
0
0
0
0
0
0
0
0
0
0
0
0
0
0
0
0
0
0
0
0
0
0
0
0
0
0
0
0
0
0
0
0
0
0
0
0
0
0
0
0
0
0
0
0
0
0
0
0
0
0
0
0
0
0
0
0
0
0
0
0
0
0
0
0
0
0
0
0
0
0
0
0
0
0
0
0
0
0
0
0
0
0
0
0
0
0
0
0
0
0
0
0
0
0
0
0
0
0
0
0
0
0
0
0
0
0
0
0
0
0
0
0
0
0
0
0
0
0
0
0
0
0
0
0
0
0
0
0
0
0
0
0
0
0
0
0
0
0
0
0
0
0
0
0
0
0
0
0
0
0
0
0
0
0
0
0
0
0
0
0
0
0
0
0
0
0
0
0
0
0
0
0
0
0
0
0
0
0
0
0
0
0
0
0
0
0
0
0
0
0
0
0
0
0
0
0
0
0
0
0
0
0
0
0
0
0
0
0
0
0
0
0
0
0
0
0
0
0
0
0
0
0
0
0
0
0
0
0
0
0
0
0
0
0
0
0
0
0
0
0
0
0
0
0
0
0
0
0
0
0
0
0
0
0
0
0
0
0
0
0
0
0
0
0
0
0
0
0
0
0
0
0
0
0
0
0
0
0
0
0
0
0
0
0
0
0
0
0
0
0
0
0
0
0
0
0
0
0
0
0
0
0
0
0
0
0
0
0
0
0
0
0
0
0
0
0
0
0
0
0
0
0
0
0
0
0
0
0
0
0
0
0
0
0
0
0
0
0
0
0
0
0
0
0
0
0
0
0
0
0
0
0
0
0
0
0
0
0
0
0
0
0
0
0
0
0
0
0
0
0
0
0
0
0
0
0
0
0
0
0
0
0
0
0
0
0
0
0
0
0
0
0
0
0
0
0
0
0
0
0
0
0
0
0
0
0
0
0
0
0
0
0
0
0
0
0
0
0
0
0
0
0
0
0
0
0
0
0
0
0
0
0
0
0
0
0
0
0
0
0
0
0
0
0
0
0
0
0
0
0
0
0
0
0
0
0
0
0
0
0
0
0
0
0
0
0
0
0
0
0
0
0
0
0
0
0
0
0
0
0
0
0
0
0
0
0
0
0
0
0
0
0
0
0
0
0
0
0
0
0
0
0
0
0
0
0
0
0
0
0
0
0
0
0
0
0
0
0
0
0
0
0
0
0
0
0
0
0
0
0
0
0
0
0
0
0
0
0
0
0
0
0
0
0
0
0
0
0
0
0
0
0
0
0
0
0
0
0
0
0
0
0
0
0
0
0
0
0
0
0
0
0
0
0
0
0
0
0
0
0
0
0
0
0
0
0
0
0
0
0
0
0
0
0
0
0
0
0
0
0
0
0
0
0
0
0
0
0
0
0
0
0
0
0
0
0
0
0
0
0
0
0
0
0
0
0
0
0
0
0
0
0
0
0
0
0
0
0
0
0
0
0
0
0
0
0
0
0
0
0
0
0
0
0
0
0
0
0
0
0
0
0
0
0
0
0
0
0
0
0
0
0
0
0
0
0
0
0
0
0
0
0
0
0
0
0
0
0
0
0
0
0
0
0
0
0
0
0
0
0
0
0
0
0
0
0
0
0
0
0
0
0
0
0
0
0
0
0
0
0
0
0
0
0
0
0
0
0
0
0
0
0
0
0
0
0
0
0
0
0
0
0
0
0
0
0
0
0
0
0
0
0
0
0
0
0
0
0
0
0
0
0
0
0
0
0
0
0
0
0
0
0
0
0
0
0
0
0
0
0
0
0
0
0
0
0
0
0
0
0
0
0
0
0
0
0
0
0
0
0
0
0
0
0
0
0
0
0
0
0
0
0
0
0
0
0
0
0
0
0
0
0
0
0
0
0
0
0
0
0
0
0
0
0
0
0
0
0
0
0
0
0
0
0
0
0
0
0
0
0
0
0
0
0
0
0
0
0
0
0
0
0
0
0
0
0
0
0
0
0
0
0
0
0
0
0
0
0
0
0
0
0
0
0
0
0
0
0
0
0
0
0
0
0
0
0
0
0
0
0
0
0
0
0
0
0
0
0
0
0
0
0
0
0
0
0
0
0
0
0
0
0
0
0
0
0
0
0
0
0
0
0
0
0
0
0
0
0
0
0
0
0
0
0
0
0
0
0
0
0
0
0
0
0
0
0
0
0
0
0
0
0
0
0
0
0
0
0
0
0
0
0
0
0
0
0
0
0
0
0
0
0
0
0
0
0
0
0
0
0
0
0
0
0
0
0
0
0
0
0
0
0
0
0
0
0
0
0
0
0
0
0
0
0
0
0
0
0
0
0
0
0
0
0
0
0
0
0
0
0
0
0
0
0
0
0
0
0
0
0
0
0
0
0
0
0
0
0
0
0
0
0
0
0
0
0
0
0
0
0
0
0
0
0
0
0
0
0
0
0
0
0
0
0
0
0
0
0
0
0
0
0
0
0
0
0
0
0
0
0
0
0
0
0
0
0
0
0
0
0
0
0
0
0
0
0
0
0
0
0
0
0
0
0
0
0
0
0
0
0
0
0
0
0
0
0
0
0
0
0
0
0
0
0
0
0
0
0
0
0
0
0
0
0
0
0
0
0
0
0
0
0
0
0
0
0
0
0
0
0
0
0
0
0
0
0
0
0
0
0
0
0
0
0
0
0
0
0
0
0
0
0
0
0
0
0
0
0
0
0
0
0
0
0
0
0
0
0
0
0
0
0
0
0
0
0
0
0
0
0
0
0
0
0
0
0
0
0
0
0
0
0
0
0
0
0
0
0
0
0
0
0
0
0
0
0
0
0
0
0
0
0
0
0
0
0
0
0
0
0
0
0
0
0
0
0
0
0
0
0
0
0
0
0
0
0
0
0
0
0
0
0
0
0
0
0
0
0
0
0
0
0
0
0
0
0
0
0
0
0
0
0
0
0
0
0
0
0
0
0
0
0
0
0
0
0
0
0
0
0
0
0
0
0
0
0
0
0
0
0
0
0
0
0
0
0
0
0
0
0
0
0
0
0
0
0
0
0
0
0
0
0
0
0
0
0
0
0
0
0
0
0
0
0
0
0
0
0
0
0
0
0
0
0
0
0
0
0
0
0
0
0
0
0
0
0
0
0
0
0
0
0
0
0
0
0
0
0
0
0
0
0
0
0
0
0
0
0
0
0
0
0
0
0
0
0
0
0
0
0
0
0
0
0
0
0
0
0
0
0
0
0
0
0
0
0
0
0
0
0
0
0
0
0
0
0
0
0
0
0
0
0
0
0
0
0
0
0
0
0
0
0
0
0
0
0
0
0
0
0
0
0
0
0
0
0
0
0
0
0
0
0
0
0
0
0
0
0
0
0
0
0
0
0
0
0
0
0
0
0
0
0
0
0
0
0
0
0
0
0
0
0
0
0
0
0
0
0
0
0
0
0
0
0
0
0
0
0
0
0
0
0
0
0
0
0
0
0
0
0
0
0
0
0
0
0
0
0
0
0
0
0
0
0
0
0
0
0
0
0
0
0
0
0
0
0
0
0
0
0
0
0
0
0
0
0
0
0
0
0
0
0
0
0
0
0
0
0
0
0
0
0
0
0
0
0
0
0
0
0
0
0
0
0
0
0
0
0
0
0
0
0
0
0
0
0
0
0
0
0
0
0
0
0
0
0
0
0
0
0
0
0
0
0
0
0
0
0
0
0
0
0
0
0
0
0
0
0
0
0
0
0
0
0
0
0
0
0
0
0
0
0
0
0
0
0
0
0
0
0
0
0
0
0
0
0
0
0
0
0
0
0
0
0
0
0
0
0
0
0
0
0
0
0
0
0
0
0
0
0
0
0
0
0
0
0
0
0
0
0
0
0
0
0
0
0
0
0
0
0
0
0
0
0
0
0
0
0
0
0
0
0
0
0
0
0
0
0
0
0
0
0
0
0
0
0
0
0
0
0
0
0
0
0
0
0
0
0
0
0
0
0
0
0
0
0
0
0
0
0
0
0
0
0
0
0
0
0
0
0
0
0
0
0
0
0
0
0
0
0
0
0
0
0
0
0
0
0
0
0
0
0
0
0
0
0
0
0
0
0
0
0
0
0
0
0
0
0
0
0
0
0
0
0
0
0
0
0
0
0
0
0
0
0
0
0
0
0
0
0
0
0
0
0
0
0
0
0
0
0
0
0
0
0
0
0
0
0
0
0
0
0
0
0
0
0
0
0
0
0
0
0
0
0
0
0
0
0
0
0
0
0
0
0
0
0
0
0
0
0
0
0
0
0
0
0
0
0
0
0
0
0
0
0
0
0
0
0
0
0
0
0
0
0
0
0
0
0
0
0
0
0
0
0
0
0
0
0
0
0
0
0
0
0
0
0
0
0
0
0
0
0
0
0
0
0
0
0
0
0
0
0
0
0
0
0
0
0
0
0
0
0
0
0
0
0
0
0
0
0
0
0
0
0
0
0
0
0
0
0
0
0
0
0
0
0
0
0
0
0
0
0
0
0
0
0
0
0
0
0
0
0
0
0
0
0
0
0
0
0
0
0
0
0
0
0
0
0
0
0
0
0
0
0
0
0
0
0
0
0
0
0
0
0
0
0
0
0
0
0
0
0
0
0
0
0
0
0
0
0
0
0
0
0
0
0
0
0
0
0
0
0
0
0
0
0
0
0
0
0
0
0
0
0
0
0
0
0
0
0
0
0
0
0
0
0
0
0
0
0
0
0
0
0
0
0
0
0
0
0
0
0
0
0
0
0
0
0
0
0
0
0
0
0
0
0
0
0
0
0
0
0
0
0
0
0
0
0
0
0
0
0
0
0
0
0
0
0
0
0
0
0
0
0
0
0
0
0
0
0
0
0
0
0
0
0
0
0
0
0
0
0
0
0
0
0
0
0
0
0
0
0
0
0
0
0
0
0
0
0
0
0
0
0
0
0
0
0
0
0
0
0
0
0
0
0
0
0
0
0
0
0
0
0
0
0
0
0
0
0
0
0
0
0
0
0
0
0
0
0
0
0
0
0
0
0
0
0
0
0
0
0
0
0
0
0
0
0
0
0
0
0
0
0
0
0
0
0
0
0
0
0
0
0
0
0
0
0
0
0
0
0
0
0
0
0
0
0
0
0
0
0
0
0
0
0
0
0
0
0
0
0
0
0
0
0
0
0
0
0
0
0
0
0
0
0
0
0
0
0
0
0
0
0
0
0
0
0
0
0
0
0
0
0
0
0
0
0
0
0
0
0
0
0
0
0
0
0
0
0
0
0
0
0
0
0
0
0
0
0
0
0
0
0
0
0
0
0
0
0
0
0
0
0
0
0
0
0
0
0
0
0
0
0
0
0
0
0
0
0
0
0
0
0
0
0
0
0
0
0
0
0
0
0
0
0
0
0
0
0
0
0
0
0
0
0
0
0
0
0
0
0
0
0
0
0
0
0
0
0
0
0
0
0
0
0
0
0
0
0
0
0
0
0
0
0
0
0
0
0
0
0
0
0
0
0
0
0
0
0
0
0
0
0
0
0
0
0
0
0
0
0
0
0
0
0
0
0
0
0
0
0
0
0
0
0
0
0
0
0
0
0
0
0
0
0
0
0
0
0
0
0
0
0
0
0
0
0
0
0
0
0
0
0
0
0
0
0
0
0
0
0
0
0
0
0
0
0
0
0
0
0
0
0
0
0
0
0
0
0
0
0
0
0
0
0
0
0
0
0
0
0
0
0
0
0
0
0
0
0
0
0
0
0
0
0
0
0
0
0
0
0
0
0
0
0
0
0
0
0
0
0
0
0
0
0
0
0
0
0
0
0
0
0
0
0
0
0
0
0
0
0
0
0
0
0
0
0
0
0
0
0
0
0
0
0
0
0
0
0
0
0
0
0
0
0
0
0
0
0
0
0
0
0
0
0
0
0
0
0
0
0
0
0
0
0
0
0
0
0
0
0
0
0
0
0
0
0
0
0
0
0
0
0
0
0
0
0
0
0
0
0
0
0
0
0
0
0
0
0
0
0
0
0
0
0
0
0
0
0
0
0
0
0
0
0
0
0
0
0
0
0
0
0
0
0
0
0
0
0
0
0
0
0
0
0
0
0
0
0
0
0
0
0
0
0
0
0
0
0
0
0
0
0
0
0
0
0
0
0
0
0
0
0
0
0
0
0
0
0
0
0
0
0
0
0
0
0
0
0
0
0
0
0
0
0
0
0
0
0
0
0
0
0
0
0
0
0
0
0
0
0
0
0
0
0
0
0
0
0
0
0
0
0
0
0
0
0
0
0
0
0
0
0
0
0
0
0
0
0
0
0
0
0
0
0
0
0
0
0
0
0
0
0
0
0
0
0
0
0
0
0
0
0
0
0
0
0
0
0
0
0
0
0
0
0
0
0
0
0
0
0
0
0
0
0
0
0
0
0
0
0
0
0
0
0
0
0
0
0
0
0
0
0
0
0
0
0
0
0
0
0
0
0
0
0
0
0
0
0
0
0
0
0
0
0
0
0
0
0
0
0
0
0
0
0
0
0
0
0
0
0
0
0
0
0
0
0
0
0
0
0
0
0
0
0
0
0
0
0
0
0
0
0
0
0
0
0
0
0
0
0
0
0
0
0
0
0
0
0
0
0
0
0
0
0
0
0
0
0
0
0
0
0
0
0
0
0
0
0
0
0
0
0
0
0
0
0
0
0
0
0
0
0
0
0
0
0
0
0
0
0
0
0
0
0
0
0
0
0
0
0
0
0
0
0
0
0
0
0
0
0
0
0
0
0
0
0
0
0
0
0
0
0
0
0
0
0
0
0
0
0
0
0
0
0
0
0
0
0
0
0
0
0
0
0
0
0
0
0
0
0
0
0
0
0
0
0
0
0
0
0
0
0
0
0
0
0
0
0
0
0
0
0
0
0
0
0
0
0
0
0
0
0
0
0
0
0
0
0
0
0
0
0
0
0
0
0
0
0
0
0
0
0
0
0
0
0
0
0
0
0
0
0
0
0
0
0
0
0
0
0
0
0
0
0
0
0
0
0
0
0
0
0
0
0
0
0
0
0
0
0
0
0
0
0
0
0
0
0
0
0
0
0
0
0
0
0
0
0
0
0
0
0
0
0
0
