0
0
0
0
0
0
0
0
0
0
0
0
0
0
0
0
0
0
0
0
0
0
0
0
0
0
0
0
0
0
0
0
0
0
1
0
0
0
1
0
0
0
0
1
0
0
0
0
0
0
0
0
0
0
0
0
0
0
0
1
0
0
0
0
0
0
0
0
1
0
0
0
0
0
0
0
0
0
0
0
0
0
0
0
0
0
1
0
0
0
0
0
0
0
0
0
0
0
0
0
0
1
0
1
0
0
0
0
0
0
0
0
1
1
0
1
0
0
0
1
0
0
0
0
0
1
0
0
0
0
0
0
0
0
0
0
0
0
1
0
1
0
0
0
0
0
1
0
1
1
0
0
0
3
0
0
0
0
0
1
1
0
0
0
0
0
1
0
0
1
1
1
1
0
0
0
0
0
0
1
0
0
0
1
1
0
0
2
1
0
2
2
0
0
2
0
0
0
1
0
0
0
0
1
0
0
1
0
0
0
1
0
1
0
0
0
0
0
0
0
1
0
0
4
1
0
2
0
0
1
1
1
0
0
0
1
0
0
0
0
1
1
1
1
0
2
2
0
0
1
1
0
0
0
3
1
2
2
1
2
0
0
1
0
3
0
0
0
1
1
0
0
1
0
0
0
3
0
1
1
3
2
0
0
0
1
2
0
1
4
5
1
0
1
0
0
1
2
0
0
2
2
1
2
3
0
1
2
0
1
1
0
0
1
0
1
3
1
2
1
4
4
5
0
1
1
1
1
2
1
0
0
1
3
0
1
2
1
2
0
2
1
3
0
1
1
1
0
2
2
1
2
3
4
1
3
0
2
2
3
3
2
1
1
2
5
5
2
6
2
4
2
2
2
2
1
3
3
2
1
1
1
0
1
0
5
3
4
2
1
1
2
4
2
1
4
5
0
5
2
0
2
2
0
4
4
2
2
2
4
4
0
4
3
6
4
3
4
3
2
0
2
2
3
5
2
4
1
2
4
5
4
1
5
3
5
2
5
2
4
4
4
7
6
6
5
4
6
5
2
2
4
3
3
5
5
4
4
4
3
3
5
3
6
2
4
5
7
3
7
8
3
7
6
9
2
2
8
2
3
6
7
8
4
5
4
3
8
5
7
5
5
2
8
5
6
2
5
2
5
8
7
5
11
10
6
6
6
3
6
10
5
7
6
8
6
9
9
8
13
9
7
4
4
5
6
4
9
4
9
8
11
6
6
8
5
9
9
8
8
6
7
6
4
7
7
10
5
12
6
9
11
7
4
10
6
7
12
9
13
11
12
10
13
7
11
8
9
10
9
15
9
9
15
9
12
8
9
8
10
5
9
12
10
10
10
10
9
11
4
10
11
16
6
8
15
8
6
12
16
8
8
10
12
11
12
4
14
9
10
11
7
11
18
12
13
10
8
12
12
15
11
11
11
15
17
18
20
9
14
21
13
16
21
17
17
11
12
22
20
11
10
14
15
21
17
20
17
18
16
16
14
13
14
19
18
17
20
18
11
14
15
14
18
17
18
14
16
10
15
15
19
13
19
19
17
16
14
15
18
26
24
9
19
21
13
21
27
26
18
21
12
22
14
22
28
22
22
18
18
15
19
26
22
26
25
27
21
24
29
16
25
26
33
21
23
20
20
27
36
29
23
17
21
27
28
24
24
28
23
33
25
27
29
25
26
25
29
27
32
20
29
23
23
33
29
24
34
28
24
36
34
29
23
30
31
34
27
28
30
30
37
28
28
17
27
26
27
33
29
32
35
29
38
43
33
31
21
32
42
39
30
35
39
35
36
31
30
47
27
40
26
29
48
37
27
42
41
31
48
39
34
32
31
42
35
51
42
41
39
30
45
36
42
32
33
30
35
32
41
41
42
39
39
43
36
44
45
41
42
45
42
41
39
40
38
55
49
38
38
47
57
44
54
50
36
55
54
52
52
52
45
44
51
69
58
54
42
42
58
45
36
52
56
53
60
61
40
53
44
51
56
49
63
43
40
58
43
50
54
47
56
65
58
70
48
60
69
62
60
55
55
54
74
61
59
67
54
61
65
63
64
49
56
63
58
67
81
66
60
61
65
62
59
68
67
68
65
60
65
80
72
70
63
76
60
76
75
69
74
88
66
70
67
87
64
63
77
65
77
72
57
83
64
75
74
77
79
74
77
74
86
102
90
79
80
81
71
78
75
80
85
94
78
79
80
79
88
67
86
90
92
84
90
96
95
67
81
99
97
98
107
99
96
97
86
89
94
97
93
103
94
105
99
90
102
100
96
90
100
94
109
91
91
105
91
110
104
97
103
105
113
106
107
87
100
114
96
114
112
110
98
100
104
103
119
99
114
106
89
126
90
105
103
115
112
100
99
128
102
102
118
96
130
114
103
112
132
126
111
134
102
112
124
132
124
145
122
108
116
131
123
108
120
126
112
119
139
127
147
133
141
141
149
118
137
130
141
129
143
142
124
131
135
143
148
145
136
140
162
130
153
138
109
125
166
132
149
141
160
157
152
158
146
162
136
124
163
148
147
125
132
145
157
131
156
137
160
165
149
164
149
139
177
152
169
146
166
160
143
152
127
160
174
157
151
172
171
160
139
153
175
167
171
170
173
149
176
174
196
189
173
181
187
175
161
202
191
170
168
179
162
180
196
187
161
195
187
197
169
174
193
173
160
188
191
171
202
180
156
164
184
178
179
224
187
217
167
182
199
198
196
221
197
153
193
191
182
187
208
204
216
194
196
222
227
204
201
219
213
202
207
218
208
225
231
235
219
186
227
227
207
181
227
238
201
207
214
224
249
241
225
233
228
222
237
210
227
224
231
242
219
233
264
214
243
261
254
218
247
235
222
245
231
228
242
250
234
222
201
244
286
249
267
263
253
230
258
238
240
256
277
241
233
249
258
269
274
254
257
274
259
286
288
271
251
286
264
274
293
250
275
252
266
278
289
270
273
272
287
299
266
281
269
306
281
313
200
276
266
273
278
293
301
266
282
298
274
281
288
306
272
259
295
284
311
308
279
327
272
296
317
318
303
312
323
336
340
328
320
311
313
354
335
335
321
307
307
315
318
326
326
326
316
287
319
346
302
317
355
343
322
345
309
329
338
368
338
339
338
354
345
371
332
345
371
330
328
358
321
327
337
386
353
346
401
327
293
382
345
350
388
365
354
373
370
383
345
340
376
359
344
374
350
341
364
402
407
362
319
366
391
359
371
372
345
392
421
362
387
382
348
435
393
392
360
395
388
432
341
386
408
404
390
380
298
384
413
411
422
404
398
389
416
382
415
411
434
373
436
393
388
428
409
421
405
424
444
377
414
413
432
432
439
413
411
425
417
410
446
425
423
426
462
412
462
416
439
434
470
437
416
390
456
437
466
425
472
454
451
439
441
458
410
460
489
398
469
431
429
463
462
469
493
473
474
464
456
458
470
428
461
462
458
432
389
476
487
483
532
493
479
474
478
516
491
527
464
483
447
448
467
505
472
479
488
516
481
461
536
523
498
509
502
477
479
473
508
499
527
531
525
501
514
506
507
502
538
472
486
498
493
525
439
538
487
492
533
503
481
499
488
525
501
509
547
561
533
512
511
526
539
543
536
534
545
515
574
530
535
513
516
550
553
521
531
579
559
573
551
586
602
560
615
582
539
536
470
506
526
488
548
548
534
573
596
589
587
557
553
597
565
571
616
532
562
572
594
546
547
574
599
565
591
560
577
597
564
564
613
544
589
531
507
608
603
595
623
605
671
562
610
603
563
579
624
596
605
610
659
652
656
576
609
632
607
587
616
598
650
658
662
616
609
577
596
603
609
621
683
626
619
608
639
645
620
626
675
654
619
624
565
679
667
644
708
634
621
641
695
634
633
616
671
641
628
631
636
681
656
686
651
662
642
663
602
643
660
686
708
647
609
637
646
654
604
604
691
647
642
625
687
657
659
674
681
697
666
616
652
658
631
670
672
673
637
681
708
680
680
681
636
706
689
680
696
715
692
698
710
653
683
706
722
707
732
694
676
678
719
680
646
741
710
658
692
687
735
724
724
746
662
667
737
738
714
708
683
710
704
729
738
692
725
702
714
681
694
700
715
709
726
712
730
690
699
744
733
676
709
732
736
763
796
725
679
767
743
722
633
764
760
699
727
756
738
762
781
779
779
751
735
738
733
708
713
715
776
763
695
721
741
747
709
747
756
714
774
732
758
751
737
708
715
765
749
725
756
662
793
817
814
738
759
754
766
684
784
787
752
738
811
751
735
791
747
771
733
739
800
789
802
774
745
772
782
772
763
691
786
777
753
771
762
756
776
743
811
688
687
716
820
792
855
737
782
772
837
784
724
753
789
737
798
773
775
757
773
731
742
785
823
773
786
790
747
710
781
776
778
763
804
774
750
754
764
790
773
784
816
784
808
729
785
806
769
793
669
748
844
774
777
770
787
846
763
825
775
772
784
801
834
775
725
754
792
771
829
785
812
763
854
800
806
783
801
839
845
772
772
824
782
819
844
814
749
832
797
794
787
785
843
830
813
709
835
866
826
842
838
816
822
814
815
813
785
792
813
793
817
779
861
804
778
746
815
756
800
794
861
836
825
746
806
841
802
714
776
850
791
803
807
782
797
818
861
831
810
757
834
799
899
814
808
822
803
814
855
759
789
806
824
781
843
781
856
849
823
783
817
808
790
835
769
793
800
846
814
785
778
757
802
834
799
792
709
824
786
817
848
822
815
793
827
849
831
791
838
833
835
800
729
808
818
829
830
814
818
826
841
857
813
833
791
819
808
855
781
822
810
840
851
809
795
877
801
842
830
839
816
865
821
748
817
792
893
816
849
782
856
845
821
831
785
814
849
823
763
806
812
762
779
770
844
810
802
816
835
804
786
812
794
810
770
762
718
782
843
883
823
809
786
788
854
837
787
790
830
836
835
767
805
841
836
804
846
846
832
736
790
780
831
765
802
814
787
798
771
807
829
810
847
820
772
800
826
780
791
791
844
795
805
851
675
798
789
780
837
780
773
808
830
808
757
789
827
787
818
782
740
785
787
793
801
769
781
773
807
822
808
805
779
759
806
760
778
749
775
829
775
756
810
752
780
768
789
797
775
749
794
755
785
807
832
735
814
805
800
765
781
748
762
833
797
848
780
771
814
823
776
806
802
819
777
773
760
744
811
772
747
757
754
744
635
777
824
694
782
762
798
749
770
775
733
755
742
784
764
785
779
777
719
807
799
809
768
752
791
766
798
784
785
747
763
730
737
745
743
732
788
762
745
717
758
752
729
751
747
771
753
752
625
733
757
717
758
813
741
717
760
738
671
718
762
758
736
697
711
753
755
728
745
705
708
698
716
699
706
682
751
736
719
702
685
733
713
704
713
736
752
681
747
677
712
746
742
686
722
665
752
713
725
715
729
721
715
661
719
692
705
778
731
669
702
707
722
714
714
762
699
714
712
705
744
736
703
666
685
714
705
583
625
692
647
679
760
644
658
703
675
672
696
741
766
738
725
729
643
720
724
655
708
726
704
648
696
696
701
655
712
693
678
648
730
679
682
671
726
725
675
726
706
655
677
662
669
665
709
629
551
678
670
630
689
689
667
725
672
657
622
639
712
670
659
609
595
602
628
653
698
664
686
652
665
581
649
619
662
693
654
612
619
675
633
656
632
635
618
605
672
642
661
615
638
617
653
593
649
670
652
644
608
639
618
620
592
666
649
623
634
633
612
615
583
619
601
588
644
621
654
572
594
620
635
606
620
611
619
547
522
623
616
596
642
593
585
664
598
606
599
554
595
584
632
578
609
564
592
595
641
583
563
557
568
584
546
580
582
563
580
540
567
582
562
553
571
566
583
548
546
546
541
530
578
570
546
569
449
590
608
551
578
587
529
514
565
575
547
549
596
581
568
535
548
497
578
552
583
541
571
502
557
549
534
511
510
527
534
579
551
526
521
537
539
585
526
550
539
547
488
498
525
525
493
510
496
514
476
501
543
519
511
498
521
492
478
530
488
501
509
515
513
481
501
522
504
521
520
472
484
521
512
490
503
475
536
415
459
543
509
463
514
516
482
472
539
494
466
490
494
510
487
434
491
472
469
478
540
471
504
499
468
518
452
470
505
473
467
481
468
497
440
441
529
490
420
468
485
453
464
471
479
419
459
466
385
486
445
465
455
499
445
452
446
472
459
430
458
442
441
390
434
450
424
435
452
432
418
453
470
474
448
438
421
422
422
390
418
423
458
394
442
451
393
398
435
425
446
396
412
398
416
392
486
379
413
406
405
426
448
417
407
417
414
385
462
412
388
401
412
383
404
367
403
382
382
410
441
426
411
395
403
412
433
309
346
428
365
346
400
412
374
391
396
396
395
375
371
367
347
368
366
369
375
405
386
359
403
329
383
351
358
383
361
412
367
378
389
367
327
351
380
362
389
367
332
363
339
347
348
365
339
335
327
336
418
321
345
325
366
334
373
368
342
342
356
340
353
308
334
382
346
322
338
372
372
329
364
346
350
300
336
291
330
335
325
311
338
346
344
325
306
334
337
314
336
323
334
347
315
310
304
302
291
334
328
324
335
355
303
325
303
345
297
295
289
331
322
306
286
282
303
327
306
308
297
301
325
270
296
271
293
294
231
327
310
269
325
323
295
273
301
287
284
293
310
247
312
257
307
271
266
289
264
293
264
268
286
252
252
264
282
282
269
295
268
303
252
272
263
271
286
275
285
257
249
264
282
248
283
276
230
216
253
260
244
259
226
269
249
256
270
249
285
243
242
233
262
260
264
245
252
253
275
261
276
266
247
251
238
263
248
253
227
268
246
224
249
257
221
251
223
227
243
214
256
232
255
225
249
208
230
225
242
233
226
217
223
231
217
211
214
211
217
238
241
232
244
220
211
232
228
240
242
224
243
219
235
232
213
152
191
221
214
176
231
192
211
215
232
240
187
232
214
208
224
190
232
197
217
206
196
214
189
195
196
180
215
200
213
186
213
183
189
211
206
201
194
206
187
187
187
198
182
192
185
203
195
207
165
191
217
207
175
193
168
184
166
173
191
177
164
205
178
157
178
170
178
197
179
182
172
167
167
171
171
187
184
147
170
168
165
170
171
166
171
171
178
170
207
171
187
170
184
179
145
166
173
179
155
168
164
174
162
158
144
143
158
159
165
169
178
159
142
150
175
160
166
194
167
141
136
163
160
127
176
160
155
120
150
150
160
150
143
169
153
162
144
146
144
142
159
141
142
145
142
147
129
139
125
127
139
130
135
120
157
125
118
165
130
146
120
164
149
158
128
124
136
142
146
136
127
161
161
127
137
124
126
118
133
138
129
126
111
126
132
116
135
118
114
117
132
120
95
125
120
132
119
115
126
125
138
121
120
114
130
130
106
133
126
114
112
100
119
108
127
111
115
133
96
112
115
129
116
101
115
111
89
103
98
103
113
123
111
127
114
98
110
105
101
120
118
94
103
114
107
102
103
103
86
91
96
104
109
112
100
89
102
110
108
107
98
108
101
95
110
107
96
87
103
93
95
95
108
104
96
104
101
107
86
102
106
113
94
97
94
88
103
96
107
91
73
92
86
101
75
94
97
91
89
80
93
85
86
103
72
93
88
73
73
81
73
73
88
76
75
85
89
73
85
74
79
85
64
68
78
81
92
77
85
90
84
90
87
73
70
78
77
70
86
69
71
70
87
91
72
82
75
62
62
54
76
76
67
56
75
96
79
64
79
76
82
61
68
87
63
76
74
56
68
76
67
76
70
64
77
59
88
71
69
75
62
76
88
68
66
75
52
79
80
64
57
56
66
58
69
67
62
49
56
58
67
52
56
57
56
65
61
71
74
67
57
65
49
59
57
44
54
56
53
43
61
75
59
43
59
54
55
46
56
51
61
49
34
53
51
60
60
63
51
66
51
49
54
49
60
53
63
49
51
40
49
61
53
46
40
55
47
61
55
47
45
41
55
58
50
47
44
58
40
42
41
42
53
59
40
50
38
48
46
47
47
37
43
47
55
39
56
43
52
52
36
45
45
43
43
40
39
44
34
45
37
47
44
41
39
36
34
47
38
40
51
32
40
33
44
41
45
41
37
28
40
41
39
33
39
33
41
42
42
39
45
33
35
37
38
39
40
43
40
26
29
34
41
29
37
33
46
26
31
45
27
41
31
23
28
32
37
33
32
40
28
31
22
32
40
35
29
32
29
28
43
28
32
31
30
37
37
40
34
37
35
20
35
27
37
36
38
26
26
36
24
24
27
42
24
38
35
28
31
33
38
23
25
45
29
25
24
18
31
32
26
27
21
23
19
32
30
29
28
29
16
32
29
39
27
31
23
32
24
28
21
16
25
24
30
26
33
37
22
25
25
27
19
28
27
22
23
31
21
15
22
22
33
26
26
22
19
22
20
20
28
31
21
23
15
30
20
23
14
24
16
16
18
31
23
21
29
23
19
19
25
19
16
31
21
28
21
18
21
27
27
17
22
22
18
16
24
22
21
19
24
22
23
18
20
19
19
11
24
16
25
19
22
20
17
19
29
21
19
25
11
16
20
27
19
22
14
16
15
13
20
22
14
20
19
17
14
14
20
14
19
22
13
22
15
19
16
13
18
17
19
20
12
10
15
19
16
22
10
15
11
12
15
21
19
14
13
10
20
17
18
15
18
9
14
18
16
12
15
14
15
15
17
25
12
9
18
13
13
12
8
12
10
10
14
16
9
16
7
7
18
6
14
13
13
10
12
13
17
16
15
14
11
15
8
15
8
9
20
13
12
13
10
12
14
15
7
14
9
12
12
13
12
9
11
18
7
15
11
10
9
7
5
11
12
11
12
10
10
7
11
13
10
4
9
11
11
8
5
8
9
7
10
7
7
5
8
10
15
15
9
8
12
9
7
10
9
9
6
12
10
13
9
8
6
6
11
6
10
7
6
11
7
6
7
9
10
13
9
5
8
6
3
8
4
10
3
7
5
9
14
7
12
4
9
6
8
12
6
11
2
8
9
9
10
11
10
7
6
5
8
4
10
6
6
14
7
6
10
4
13
6
8
5
4
9
9
7
4
5
5
5
6
6
5
3
5
5
8
5
8
5
8
7
9
10
3
4
3
11
7
7
5
10
6
3
8
10
6
8
3
2
3
3
7
5
7
3
7
4
3
7
2
2
3
4
6
4
3
8
8
2
5
4
2
3
6
4
8
9
3
8
4
4
6
6
3
5
3
6
2
8
5
2
6
4
1
0
3
5
2
3
6
5
6
8
3
4
8
2
4
3
6
4
4
10
5
5
5
1
4
1
4
3
1
4
2
5
3
2
8
4
8
5
4
3
3
3
6
2
5
4
3
7
3
3
5
1
1
3
5
3
2
3
3
8
3
2
3
7
7
2
6
3
1
5
1
1
10
9
2
2
1
3
2
3
7
8
5
3
4
2
2
3
9
0
2
1
3
2
0
2
1
3
5
2
4
4
2
0
0
2
2
5
1
1
3
5
3
1
5
4
3
1
1
4
7
4
1
1
3
5
2
3
0
1
3
3
7
0
2
2
4
1
5
5
4
0
1
6
1
2
2
3
2
0
0
2
1
3
1
2
1
1
2
3
5
2
2
0
2
1
0
1
2
1
2
2
3
2
2
1
2
2
2
3
0
3
1
3
0
0
2
3
3
0
2
1
4
1
1
1
1
0
1
2
1
1
1
2
1
1
0
1
2
2
0
2
1
3
5
0
1
1
2
1
1
0
1
1
0
3
0
0
2
0
1
2
3
0
2
0
1
0
0
2
3
4
1
0
2
1
0
3
2
3
3
0
2
1
1
0
1
0
0
1
1
4
0
1
2
0
0
1
0
5
1
0
0
1
0
1
1
0
0
2
0
0
0
1
0
1
1
0
2
0
0
2
2
0
0
2
0
2
1
0
0
2
0
1
0
1
1
0
1
0
1
1
3
0
1
0
0
1
1
2
1
1
0
3
3
1
3
0
2
0
0
2
0
1
2
1
1
0
1
0
1
1
0
1
2
1
0
1
0
2
0
0
0
1
0
1
2
3
1
1
2
1
0
1
0
0
0
0
0
0
0
0
1
2
2
1
1
1
1
0
0
1
0
0
2
1
2
2
0
0
0
1
1
0
1
1
1
1
0
1
1
0
0
0
1
0
0
1
1
2
1
0
1
0
2
3
1
0
0
1
0
0
0
1
1
1
1
0
1
2
1
0
0
0
0
0
0
0
0
0
1
1
0
1
0
2
1
1
1
2
0
0
0
0
0
2
0
0
1
0
0
0
1
0
0
0
0
0
1
0
0
0
0
2
0
0
2
1
0
1
0
0
0
0
0
0
0
0
1
0
0
0
0
0
0
2
0
0
1
0
2
0
0
0
0
1
1
0
1
0
0
0
0
0
0
1
1
0
0
0
0
0
1
0
2
1
0
0
0
0
0
1
1
0
1
0
1
0
0
0
1
0
0
1
0
0
2
0
0
0
0
0
0
0
3
0
1
0
0
0
0
0
0
0
0
0
0
0
0
0
1
0
0
0
0
0
0
0
0
0
0
0
0
1
0
0
0
1
0
1
0
1
0
0
0
2
0
0
0
0
0
1
1
0
1
0
0
0
2
0
1
1
0
0
0
1
1
0
0
0
1
0
1
0
0
0
0
0
0
0
0
0
0
0
0
1
0
0
0
0
0
0
0
0
1
1
0
0
0
0
0
1
0
0
0
0
0
0
1
0
0
1
1
0
0
0
0
0
0
1
0
0
0
1
0
0
0
0
0
0
0
0
0
0
1
0
0
0
0
0
0
0
0
0
0
0
0
0
0
0
0
0
0
0
1
0
0
0
1
0
0
0
0
0
0
1
0
0
0
0
0
0
0
0
0
0
0
0
1
0
0
1
0
0
0
0
0
0
0
0
0
0
0
0
0
0
0
0
0
0
0
0
0
0
0
0
0
0
0
0
0
2
0
0
0
0
0
0
0
0
1
0
0
0
0
0
0
0
0
0
0
0
0
0
0
0
0
0
0
0
0
0
0
0
0
0
0
0
0
0
0
0
0
0
0
0
0
0
0
0
0
0
0
0
0
0
0
1
0
0
0
0
0
0
0
0
0
0
0
0
0
0
0
0
0
0
0
0
0
0
0
0
0
0
0
0
0
0
0
0
0
0
0
0
0
0
0
0
0
1
0
0
0
0
0
0
0
0
0
0
0
0
0
0
0
0
0
0
0
0
0
0
0
0
0
0
0
0
0
0
0
0
0
0
0
0
0
0
0
0
1
0
0
0
0
0
0
0
0
0
0
0
0
0
0
0
0
0
0
0
0
0
0
0
0
0
0
0
0
0
0
0
0
0
0
0
0
0
0
0
0
0
0
0
0
0
0
0
0
0
0
0
0
0
0
0
0
0
0
0
0
0
0
0
0
0
0
0
0
0
0
0
0
0
0
0
0
0
0
0
0
0
0
0
0
0
0
0
0
0
0
1
0
0
0
0
0
0
0
0
0
0
0
0
0
0
0
0
0
0
0
0
0
0
0
0
0
0
0
0
0
0
0
0
0
0
0
0
0
0
0
0
0
0
0
0
0
0
0
0
0
0
0
0
0
0
0
0
0
0
0
0
0
0
0
0
0
0
0
0
0
0
0
0
0
0
0
0
0
0
0
0
0
0
0
0
0
0
0
0
0
0
0
0
0
0
0
0
0
0
0
0
0
0
0
0
0
0
0
0
0
1
0
0
0
0
0
0
0
0
0
0
0
0
0
0
0
0
0
0
0
0
0
0
0
0
0
0
0
0
0
0
0
0
0
0
0
0
0
0
0
0
0
0
0
0
0
0
0
0
0
0
0
0
0
0
0
0
0
0
0
0
0
0
0
0
0
0
0
0
0
0
0
0
0
0
0
0
0
0
0
1
0
0
0
0
0
0
0
0
0
0
0
0
0
0
0
0
0
0
0
0
0
0
0
0
0
0
0
0
0
0
0
0
0
0
0
0
0
0
0
0
0
0
0
0
0
0
0
0
0
0
0
0
0
0
0
0
0
0
0
0
0
0
0
0
0
0
0
0
0
0
0
0
0
0
0
0
0
0
0
0
0
0
0
0
0
0
0
0
0
0
0
0
0
0
0
0
0
0
0
0
0
0
0
0
0
0
0
0
0
0
0
0
0
0
0
0
0
0
0
0
0
0
0
0
0
0
0
0
0
0
0
0
0
0
0
0
0
0
0
0
0
0
0
0
0
0
0
0
0
0
0
0
0
0
0
0
0
0
0
0
0
0
0
0
0
0
0
0
0
0
0
0
0
0
0
0
0
0
0
0
0
0
0
0
0
0
0
0
0
0
0
0
0
0
0
0
0
0
0
0
0
0
0
0
0
0
0
0
0
0
0
0
0
0
0
0
0
0
0
0
0
0
0
0
1
0
0
0
0
0
0
0
0
0
0
0
0
0
0
0
0
0
0
0
0
0
0
0
0
0
0
0
0
0
0
0
0
0
0
0
0
0
0
0
0
0
0
0
0
0
0
0
0
0
0
0
0
0
0
0
0
0
0
0
0
0
0
0
0
0
0
0
0
0
0
0
0
0
0
0
0
0
0
0
0
0
0
0
0
0
0
0
0
0
0
0
0
0
0
0
0
0
0
0
0
0
0
0
0
0
0
0
0
0
0
0
0
0
0
0
0
0
0
0
0
0
0
0
0
0
0
0
0
0
0
0
0
0
0
0
0
0
0
0
0
0
0
0
0
0
0
0
0
0
0
0
0
0
0
0
0
0
0
0
0
0
0
0
0
0
0
0
0
0
0
0
0
0
0
0
0
0
0
0
0
0
0
0
0
0
0
0
0
0
0
0
0
0
0
0
0
0
0
0
0
0
0
0
0
0
0
0
0
0
0
0
0
0
0
0
0
0
0
0
0
0
0
0
0
0
0
0
0
0
0
0
0
0
0
0
0
0
0
0
0
0
0
0
0
0
0
0
0
0
0
0
0
0
0
0
0
0
0
0
0
0
0
0
0
0
0
0
0
0
0
0
0
0
0
0
0
0
0
0
0
0
0
0
0
0
0
0
0
0
0
0
0
0
0
0
0
0
0
0
0
0
0
0
0
0
0
0
0
0
0
0
0
0
0
0
0
0
0
0
0
0
0
0
0
0
0
0
0
0
0
0
0
0
0
0
0
0
0
0
0
0
0
0
0
0
0
0
0
0
0
0
0
0
0
0
0
0
0
0
0
0
0
0
0
0
0
0
0
0
0
0
0
0
0
0
0
0
0
0
0
0
0
0
0
0
0
0
0
0
0
0
0
0
0
0
0
0
0
0
0
0
0
0
0
0
0
0
0
0
0
0
0
0
0
0
0
0
0
0
0
0
0
0
0
0
0
0
0
0
0
0
0
0
0
0
0
0
0
0
0
0
0
0
0
0
0
0
0
0
0
0
0
0
0
0
0
0
0
0
0
0
0
0
0
0
0
0
0
0
0
0
0
0
0
0
0
0
0
0
0
0
0
0
0
0
0
0
0
0
0
0
0
0
0
0
0
0
0
0
0
0
0
0
0
0
0
0
0
0
0
0
0
0
0
0
0
0
0
0
0
0
0
0
0
0
0
0
0
0
0
0
0
0
0
0
0
0
0
0
0
0
0
0
0
0
0
0
0
0
0
0
0
0
0
0
0
0
0
0
0
0
0
0
0
0
0
0
0
0
0
0
0
0
0
0
0
0
0
0
0
0
0
0
0
0
0
0
0
0
0
0
0
0
0
0
0
0
0
0
0
0
0
0
0
0
0
0
0
0
0
0
0
0
0
0
0
0
0
0
0
0
0
0
0
0
0
0
0
0
0
0
0
0
0
0
0
0
0
0
0
0
0
0
0
0
0
0
0
0
0
0
0
0
0
0
0
0
0
0
0
0
0
0
0
0
0
0
0
0
0
0
0
0
0
0
0
0
0
0
0
0
0
0
0
0
0
0
0
0
0
0
0
0
0
0
0
0
0
0
0
0
0
0
0
0
0
0
0
0
0
0
0
0
0
0
0
0
0
0
0
0
0
0
0
0
0
0
0
0
0
0
0
0
0
0
0
0
0
0
0
0
0
0
0
0
0
0
0
0
0
0
0
0
0
0
0
0
0
0
0
0
0
0
0
0
0
0
0
0
0
0
0
0
0
0
0
0
0
0
0
0
0
0
0
0
0
0
0
0
0
0
0
0
0
0
0
0
0
0
0
0
0
0
0
0
0
0
0
0
0
0
0
0
0
0
0
0
0
0
0
0
0
0
0
0
0
0
0
0
0
0
0
0
0
0
0
0
0
0
0
0
0
0
0
0
0
0
0
0
0
0
0
0
0
0
0
0
0
0
0
0
0
0
0
0
0
0
0
0
0
0
0
0
0
0
0
0
0
0
0
0
0
0
0
0
0
0
0
0
0
0
0
0
0
0
0
0
0
0
0
0
0
0
0
0
0
0
0
0
0
0
0
0
0
0
0
0
0
0
0
0
0
0
0
0
0
0
0
0
0
0
0
0
0
0
0
0
0
0
0
0
0
0
0
0
0
0
0
0
0
0
0
0
0
0
0
0
0
0
0
0
0
0
0
0
0
0
0
0
0
0
0
0
0
0
0
0
0
0
0
0
0
0
0
0
0
0
0
0
0
0
0
0
0
0
0
0
0
0
0
0
0
0
0
0
0
0
0
0
0
0
0
0
0
0
0
0
0
0
0
0
0
0
0
0
0
0
0
0
0
0
0
0
0
0
0
0
0
0
0
0
0
0
0
0
0
0
0
0
0
0
0
0
0
0
0
0
0
0
0
0
0
0
0
0
0
0
0
0
0
0
0
0
0
0
0
0
0
0
0
0
0
0
0
0
0
0
0
0
0
0
0
0
0
0
0
0
0
0
0
0
0
0
0
0
0
0
0
0
0
0
0
0
0
0
0
0
0
0
0
0
0
0
0
0
0
0
0
0
0
0
0
0
0
0
0
0
0
0
0
0
0
0
0
0
0
0
0
0
0
0
0
0
0
0
0
0
0
0
0
0
0
0
0
0
0
0
0
0
0
0
0
0
0
0
0
0
0
0
0
0
0
0
0
0
0
0
0
0
0
0
0
0
0
0
0
0
0
0
0
0
0
0
0
0
0
0
0
0
0
0
0
0
0
0
0
0
0
0
0
0
0
0
0
0
0
0
0
0
0
0
0
0
0
0
0
0
0
0
0
0
0
0
0
0
0
0
0
0
0
0
0
0
0
0
0
0
0
0
0
0
0
0
0
0
0
0
0
0
0
0
0
0
0
0
0
0
0
0
0
0
0
0
0
0
0
0
0
0
0
0
0
0
0
0
0
0
0
0
0
0
0
0
0
0
0
0
0
0
0
0
0
0
0
0
0
0
0
0
0
0
0
0
0
0
0
0
0
0
0
0
0
0
0
0
0
0
0
0
0
0
0
0
0
0
0
0
0
0
0
0
0
0
0
0
0
0
0
0
0
0
0
0
0
0
0
0
0
0
0
0
0
0
0
0
0
0
0
0
0
0
0
0
0
0
0
0
0
0
0
0
0
0
0
0
0
0
0
0
0
0
0
0
0
0
0
0
0
0
0
0
0
0
0
0
0
0
0
0
0
0
0
0
0
0
0
0
0
0
0
0
0
0
0
0
0
0
0
0
0
0
0
0
0
0
0
0
0
0
0
0
0
0
0
0
0
0
0
0
0
0
0
0
0
0
0
0
0
0
0
0
0
0
0
0
0
0
0
0
0
0
0
0
0
0
0
0
0
0
0
0
0
0
0
0
0
0
0
0
0
0
0
0
0
0
0
0
0
0
0
0
0
0
0
0
0
0
0
0
0
0
0
0
0
0
0
0
0
0
0
0
0
0
0
0
0
0
0
0
0
0
0
0
0
0
0
0
0
0
0
0
0
0
0
0
0
0
0
0
0
0
0
0
0
0
0
0
0
0
0
0
0
0
0
0
0
0
0
0
0
0
0
0
0
0
0
0
0
0
0
0
0
0
0
0
0
0
0
0
0
0
0
0
0
0
0
0
0
0
0
0
0
0
0
0
0
0
0
0
0
0
0
0
0
0
0
0
0
0
0
0
0
0
0
0
0
0
0
0
0
0
0
0
0
0
0
0
0
0
0
0
0
0
0
0
0
0
0
0
0
0
0
0
0
0
0
0
0
0
0
0
0
0
0
0
0
0
0
0
0
0
0
0
0
0
0
0
0
0
0
0
0
0
0
0
0
0
0
0
0
0
0
0
0
0
0
0
0
0
0
0
0
0
0
0
0
0
0
0
0
0
0
0
0
0
0
0
0
0
0
0
0
0
0
0
0
0
0
0
0
0
0
0
0
0
0
0
0
0
0
0
0
0
0
0
0
0
0
0
0
0
0
0
0
0
0
0
0
0
0
0
0
0
0
0
0
0
0
0
0
0
0
0
0
0
0
0
0
0
0
0
0
0
0
0
0
0
0
0
0
0
0
0
0
0
0
0
0
0
0
0
0
0
0
0
0
0
0
0
0
0
0
0
0
0
0
0
0
0
0
0
0
0
0
0
0
0
0
0
0
0
0
0
0
0
0
0
0
0
0
0
0
0
0
0
0
0
0
0
0
0
0
0
0
0
0
0
0
0
0
0
0
0
0
0
0
0
0
0
0
0
0
0
0
0
0
0
0
0
0
0
0
0
0
0
0
0
0
0
0
0
0
0
0
0
0
0
0
0
0
0
0
0
0
0
0
0
0
0
0
0
0
0
0
0
0
0
0
0
0
0
0
0
0
0
0
0
0
0
0
0
0
0
0
0
0
0
0
0
0
0
0
0
0
0
0
0
0
0
0
0
0
0
0
0
0
0
0
0
0
0
0
0
0
0
0
0
0
0
0
0
0
0
0
0
0
0
0
0
0
0
0
0
0
0
0
0
0
0
0
0
0
0
0
0
0
0
0
0
0
0
0
0
0
0
0
0
0
0
0
0
0
0
0
0
0
0
0
0
0
0
0
0
0
0
0
0
0
0
0
0
0
0
0
0
0
0
0
0
0
0
0
0
0
0
0
0
0
0
0
0
0
0
0
0
0
0
0
0
0
0
0
0
0
0
0
0
0
0
0
0
0
0
0
0
0
0
0
0
0
0
0
0
0
0
0
0
0
0
0
0
0
0
0
0
0
0
0
0
0
0
0
0
0
0
0
0
0
0
0
0
0
0
0
0
0
0
0
0
0
0
0
0
0
0
0
0
0
0
0
0
0
0
0
0
0
0
0
0
0
0
0
0
0
0
0
0
0
0
0
0
0
0
0
0
0
0
0
0
0
0
0
0
0
0
0
0
0
0
0
0
0
0
0
0
0
0
0
0
0
0
0
0
0
0
0
0
0
0
0
0
0
0
0
0
0
0
0
0
0
0
0
0
0
0
0
0
0
0
0
0
0
0
0
0
0
0
0
0
0
0
0
0
0
0
0
0
0
0
0
0
0
0
0
0
0
0
0
0
0
0
0
0
0
0
0
0
0
0
0
0
0
0
0
0
0
0
0
0
0
0
0
0
0
0
0
0
0
0
0
0
0
0
0
0
0
0
0
0
0
0
0
0
0
0
0
0
0
0
0
0
0
0
0
0
0
0
0
0
0
0
0
0
0
0
0
0
0
0
0
0
0
0
0
0
0
0
0
0
0
0
0
0
0
0
0
0
0
0
0
0
0
0
0
0
0
0
0
0
0
0
0
0
0
0
0
0
0
0
0
0
0
0
0
0
0
0
0
0
0
0
0
0
0
0
0
0
0
0
0
0
0
0
0
0
0
0
0
0
0
0
0
0
0
0
0
0
0
0
0
0
0
0
0
0
0
0
0
0
0
0
0
0
0
0
0
0
0
0
0
0
0
0
0
0
0
0
0
0
0
0
0
0
0
0
0
0
0
0
0
0
0
0
0
0
0
0
0
0
0
0
0
0
0
0
0
0
0
0
0
0
0
0
0
0
0
0
0
0
0
0
0
0
0
0
0
0
0
0
0
0
0
0
0
0
0
0
0
0
0
0
0
0
0
0
0
0
0
0
0
0
0
0
0
0
0
0
0
0
0
0
0
0
0
0
0
0
0
0
0
0
0
0
0
0
0
0
0
0
0
0
0
0
0
0
0
0
0
0
0
0
0
0
0
0
0
0
0
0
0
0
0
0
0
0
0
0
0
0
0
0
0
0
0
0
0
0
0
0
0
0
0
0
0
0
0
0
0
0
0
0
0
0
0
0
0
0
0
0
0
0
0
0
0
0
0
0
0
0
0
0
0
0
0
0
0
0
0
0
0
0
0
0
0
0
0
0
0
0
0
0
0
0
0
0
0
0
0
0
0
0
0
0
0
0
0
0
0
0
0
0
0
0
0
0
0
0
0
0
0
0
0
0
0
0
0
0
0
0
0
0
0
0
0
0
0
0
0
0
0
0
0
0
0
0
0
0
0
0
0
0
0
0
0
0
0
0
0
0
0
0
0
0
0
0
0
0
0
0
0
0
0
0
0
0
0
0
0
