0
1
0
0
0
0
0
0
0
0
0
0
0
0
0
0
0
0
0
0
0
0
0
0
0
0
0
0
0
0
0
0
0
0
0
0
0
0
0
0
0
0
0
0
0
0
0
0
0
0
0
0
1
0
0
0
0
0
0
0
0
0
0
0
0
0
0
0
0
0
0
0
0
0
0
0
0
0
0
0
0
0
0
0
0
0
0
0
0
0
0
0
0
0
0
0
0
0
0
0
0
0
1
0
0
0
0
0
0
0
0
0
0
0
0
0
0
0
0
0
0
0
0
0
0
0
0
0
0
0
1
0
1
0
0
0
0
0
0
0
0
0
0
0
0
0
0
0
0
0
0
0
0
0
0
0
1
1
0
0
0
0
0
0
0
0
1
0
0
0
1
0
0
1
0
0
0
0
0
0
0
0
0
0
1
0
0
0
0
0
0
0
0
0
0
0
0
1
0
0
1
0
0
0
0
0
0
0
0
0
1
0
0
0
0
0
1
0
1
0
0
0
0
1
0
0
0
0
0
1
0
0
0
1
0
0
0
0
0
0
0
0
0
0
1
0
0
0
0
0
0
0
0
0
0
0
0
1
0
1
0
0
0
0
0
0
2
0
0
0
0
0
0
0
0
1
0
0
1
1
0
0
0
1
1
0
0
0
0
0
0
0
0
1
1
2
1
0
0
1
1
2
2
0
0
2
1
0
0
0
0
0
0
0
1
0
1
1
3
0
1
0
0
0
0
0
1
1
0
1
0
0
0
0
0
2
0
0
0
0
0
0
0
0
0
0
1
0
1
0
2
0
1
0
0
0
0
0
1
0
0
1
0
2
0
0
0
0
0
0
0
2
2
0
0
1
1
0
0
0
2
3
0
1
1
0
0
1
1
2
0
0
3
3
0
0
1
0
0
1
0
0
0
0
1
1
0
0
1
1
0
1
1
0
1
0
3
0
0
0
0
2
0
3
0
0
0
3
1
2
1
0
0
1
1
1
0
1
0
3
1
2
1
1
1
0
1
1
3
1
2
2
0
2
2
1
1
1
1
3
3
2
0
0
0
1
2
0
0
0
1
3
2
0
2
2
1
4
0
3
1
2
3
0
3
2
0
3
2
1
0
0
2
1
0
1
0
3
1
3
0
2
2
2
3
0
3
1
3
0
3
2
1
3
0
1
1
2
1
3
3
2
2
2
1
1
2
0
3
4
2
1
4
2
1
0
1
2
1
1
1
3
1
1
0
1
0
2
0
3
0
1
4
3
2
2
2
3
3
5
4
0
6
4
3
2
2
5
2
2
1
2
1
3
2
3
2
2
5
2
3
4
3
3
1
2
3
7
4
1
3
4
1
2
5
2
4
1
0
3
2
4
4
5
5
6
2
2
2
1
1
4
6
5
1
4
3
0
4
2
3
4
7
7
2
2
4
3
5
2
4
2
2
7
5
8
7
7
5
5
3
5
7
8
7
6
7
5
5
4
5
7
2
5
7
3
5
8
4
8
4
0
7
4
6
10
5
5
5
8
6
4
6
5
5
9
8
6
5
6
6
6
2
9
7
12
8
10
7
10
3
1
4
11
10
9
6
11
10
8
10
9
15
8
5
6
8
10
5
9
5
10
8
10
8
6
7
6
7
7
9
8
12
7
5
11
11
8
7
4
11
8
10
10
5
7
12
5
7
9
5
8
17
9
14
10
16
8
6
11
8
8
9
10
10
6
16
6
10
9
18
8
12
11
8
4
11
7
11
11
6
12
10
11
9
11
11
10
9
13
7
14
10
5
2
14
8
7
9
14
12
10
10
12
14
7
7
9
7
11
12
8
15
16
12
15
14
12
6
10
11
10
17
13
15
15
19
12
13
17
17
12
15
17
13
15
18
14
12
15
13
15
20
20
26
15
19
11
16
19
11
23
17
13
29
23
16
17
18
21
20
19
30
21
17
19
23
15
27
14
19
21
15
19
19
14
17
22
16
27
28
24
19
20
13
19
26
26
23
18
21
23
29
28
17
22
26
21
20
19
15
29
20
23
19
18
24
24
20
30
34
27
20
26
29
21
19
31
34
33
33
26
16
27
21
35
27
28
21
22
21
26
25
26
28
30
29
26
32
24
35
28
37
34
21
43
32
21
26
27
31
30
32
26
31
31
32
31
32
38
27
38
31
31
30
36
36
23
24
29
28
25
38
36
32
34
29
43
39
29
23
35
47
37
34
40
36
34
29
45
46
39
42
43
29
30
44
37
42
45
39
36
36
39
36
37
43
38
38
31
34
46
43
30
47
37
32
43
46
29
44
35
33
46
49
46
38
35
40
32
50
32
55
47
40
34
40
39
46
46
54
42
51
43
46
37
45
52
58
46
46
67
36
55
49
62
48
44
44
53
51
40
45
54
52
65
54
52
59
56
57
52
48
69
54
54
45
65
50
54
68
62
63
49
43
50
61
55
51
49
55
63
65
53
47
55
59
49
73
52
69
61
53
57
61
57
67
63
59
64
61
55
75
69
54
62
39
53
55
74
66
65
58
64
72
59
79
63
73
86
55
72
59
60
62
56
55
81
53
44
67
65
64
71
73
94
65
78
64
62
64
78
67
66
72
90
80
76
87
75
70
65
91
79
79
72
83
59
71
87
93
86
97
83
88
85
71
89
93
78
90
84
73
90
90
76
73
72
88
78
91
101
61
84
98
89
101
97
101
93
86
94
93
90
90
68
83
96
91
104
105
65
84
92
107
68
86
97
96
105
95
94
111
104
96
95
103
99
103
109
94
93
88
86
108
102
104
102
129
119
109
111
94
82
83
103
115
107
101
100
93
104
102
98
133
107
114
103
120
109
107
116
113
133
123
133
122
101
112
91
124
136
110
124
111
133
123
129
126
132
131
129
117
139
128
107
125
116
143
144
116
135
119
132
106
129
122
138
134
127
120
140
147
122
138
139
123
129
134
130
153
120
127
131
143
152
120
128
138
152
122
139
158
145
121
147
155
135
143
165
151
132
145
136
156
123
154
154
141
158
162
117
148
160
146
149
182
149
143
159
155
147
158
165
194
143
156
148
164
162
142
174
168
170
149
153
157
160
172
191
183
163
160
159
154
180
156
177
162
175
189
163
163
168
175
198
182
165
170
189
147
149
166
168
163
191
157
153
179
177
165
183
194
184
196
156
176
180
171
196
184
168
174
189
192
193
179
190
217
199
215
215
206
214
214
204
214
201
207
188
180
213
191
216
191
229
202
228
187
224
209
229
209
210
192
171
218
208
223
226
206
238
225
212
229
229
237
194
192
216
210
194
230
234
225
229
235
214
217
234
237
226
207
236
259
219
230
235
243
246
253
235
224
244
204
233
230
228
229
222
247
219
195
275
266
266
234
269
239
232
248
262
234
230
259
228
261
220
231
275
247
260
249
270
262
246
245
231
269
256
234
244
224
246
253
249
267
258
297
283
255
254
269
257
260
271
244
287
307
290
303
259
278
271
259
283
285
265
263
283
263
286
299
297
280
271
289
305
295
265
288
307
300
313
267
292
272
297
271
313
310
293
285
246
271
284
307
315
334
315
313
295
307
276
291
301
308
318
305
314
322
322
316
347
309
320
341
320
338
287
301
336
297
327
314
326
318
327
320
325
352
315
319
326
351
321
306
368
333
282
283
321
332
332
335
342
336
303
298
378
349
346
328
326
362
319
328
320
349
339
338
347
391
369
347
365
354
358
364
365
376
378
353
329
366
363
372
345
367
385
386
372
414
369
394
365
347
370
374
353
361
374
345
397
381
410
377
377
369
342
386
366
361
418
368
388
385
391
389
390
387
385
386
395
405
384
392
415
433
419
389
329
408
402
393
437
408
384
399
384
394
424
370
442
402
370
381
400
403
409
401
414
418
431
444
437
372
406
428
446
418
431
409
420
387
403
426
445
417
444
394
417
429
420
457
444
451
458
363
449
437
441
439
491
471
445
465
476
441
457
425
445
448
474
433
445
387
476
458
493
424
444
457
458
473
485
476
465
409
449
438
424
466
486
478
489
421
468
460
467
481
492
423
466
468
488
448
468
493
457
463
529
488
464
465
478
486
508
519
477
499
457
469
470
535
478
449
536
490
512
473
477
493
510
510
523
479
468
494
421
484
479
529
502
517
511
478
548
514
481
554
501
514
506
468
486
515
501
534
510
533
503
502
497
530
522
524
532
551
518
540
529
489
517
508
566
513
538
515
569
505
562
553
552
539
519
508
528
557
501
525
547
573
560
543
553
534
584
528
553
549
585
530
555
539
545
535
596
553
530
540
561
534
554
572
586
591
540
493
493
581
577
595
561
552
598
534
577
598
589
542
550
615
579
574
565
596
564
561
573
569
647
578
609
558
586
608
569
565
615
591
612
548
622
574
591
588
565
571
574
614
572
604
624
624
594
640
504
575
608
582
599
600
621
600
578
604
531
598
616
634
633
617
573
560
608
594
633
595
625
577
596
569
586
628
611
584
602
612
623
600
591
631
629
596
646
609
635
630
653
586
643
669
637
557
620
667
657
596
663
676
602
626
643
653
647
608
688
659
616
595
673
650
650
616
652
619
666
681
690
661
644
610
668
647
643
555
574
623
651
623
628
627
650
676
677
625
641
625
638
623
709
657
660
694
674
664
665
702
662
673
705
679
682
636
724
670
616
646
701
666
650
706
675
691
692
656
706
681
662
689
685
720
649
627
570
704
668
693
686
709
695
633
706
720
658
663
735
673
707
707
715
701
697
660
696
679
662
680
728
746
659
684
691
725
653
670
689
688
685
696
679
699
695
643
714
748
659
676
718
709
741
713
731
753
686
698
733
669
712
711
708
714
734
703
700
709
696
671
712
711
692
719
749
702
682
735
713
716
695
678
749
733
713
641
642
744
752
717
742
706
680
730
688
719
692
720
728
774
700
745
768
724
776
719
744
734
765
734
747
714
724
718
769
714
722
686
761
725
800
670
765
712
701
682
774
719
719
779
723
742
776
725
611
734
726
741
768
679
762
705
784
775
751
716
780
775
755
748
742
753
709
739
763
710
779
760
765
761
733
742
749
732
730
697
787
755
772
754
787
747
718
718
796
785
689
703
748
750
753
667
725
751
730
739
777
815
763
739
740
726
749
723
754
756
710
688
722
790
716
775
786
792
789
757
820
752
730
750
718
768
773
702
677
763
798
726
801
755
708
751
735
767
736
760
751
786
785
743
788
821
753
778
780
780
745
697
743
764
750
767
772
751
694
710
739
800
773
773
804
778
768
770
723
749
787
757
777
775
728
807
661
787
748
751
781
744
725
763
766
692
773
763
773
807
795
746
747
746
782
766
768
767
790
771
733
751
780
747
772
660
774
808
799
761
699
766
791
743
764
740
735
745
741
737
750
757
764
697
752
735
735
707
772
769
706
752
728
760
773
758
781
770
752
727
740
760
745
766
798
768
748
784
763
831
756
720
726
768
757
711
644
728
805
775
758
739
694
703
744
778
713
772
740
724
694
732
771
735
820
764
718
727
770
772
736
746
700
725
758
731
761
723
757
757
762
782
774
742
766
737
719
764
758
747
696
710
774
757
639
780
724
728
775
729
749
746
742
740
717
679
786
768
727
758
749
757
747
732
769
760
761
740
687
692
766
740
782
764
702
716
794
753
780
707
696
678
761
730
770
749
681
712
751
755
771
699
754
729
740
731
742
706
722
678
780
742
731
733
771
743
702
733
810
748
747
740
757
744
746
747
725
731
706
678
725
737
734
642
629
732
723
723
749
702
720
726
765
696
730
692
689
719
697
721
751
730
715
666
705
716
677
639
747
713
718
765
728
699
706
756
706
666
743
717
754
703
737
707
763
710
729
720
732
703
702
714
556
706
727
721
783
688
680
680
720
696
738
664
645
792
695
659
722
706
673
702
724
745
716
632
711
696
663
675
737
687
712
664
720
729
685
707
706
708
709
666
702
714
694
674
699
688
629
607
660
681
649
654
695
632
699
663
682
679
675
682
663
723
688
627
673
669
675
691
662
644
671
649
704
668
646
691
683
656
657
634
645
676
651
636
680
648
654
634
643
676
619
571
666
618
628
616
705
620
671
730
687
651
631
674
715
607
692
652
603
624
656
618
632
628
639
624
667
600
647
649
685
638
682
643
649
616
643
671
555
644
593
628
638
620
587
624
649
641
623
614
666
634
603
633
617
643
627
586
693
634
627
631
628
615
623
613
657
641
594
583
566
629
617
618
629
643
592
665
618
595
585
679
642
598
636
570
611
612
588
576
629
596
578
597
627
611
609
577
602
583
623
581
630
599
593
640
650
627
587
563
656
592
601
570
561
590
569
574
531
561
614
585
604
588
544
527
621
596
546
573
593
609
573
563
574
578
512
552
588
543
593
540
602
573
573
573
553
553
586
560
547
583
549
558
618
547
588
528
565
560
558
563
575
573
555
575
514
544
556
571
572
569
585
536
586
572
542
527
546
551
529
496
527
534
543
511
535
546
534
511
572
557
527
544
532
551
489
543
531
540
548
535
569
507
520
539
559
581
496
524
522
545
543
459
531
529
557
511
526
526
527
469
512
486
491
536
512
509
502
467
509
548
491
477
508
476
521
501
451
515
527
502
527
485
463
471
462
451
512
499
516
479
473
485
518
518
494
492
481
480
503
499
482
489
508
496
494
471
494
529
494
500
460
464
500
463
463
478
455
490
462
473
479
500
479
479
456
475
510
442
461
511
435
498
404
465
488
480
479
477
458
441
501
471
436
413
469
443
502
464
396
445
482
496
473
451
467
469
463
467
471
418
434
417
462
419
428
422
479
431
466
425
425
426
457
421
438
410
473
436
454
432
419
446
404
417
446
461
415
411
415
411
407
434
433
412
404
410
433
460
430
467
408
450
408
395
443
388
440
404
416
390
430
389
357
386
414
436
392
437
415
388
433
357
411
392
396
417
396
402
419
390
398
358
398
393
384
408
382
388
376
384
447
384
368
396
396
380
378
376
411
392
375
385
379
368
378
385
388
423
376
385
279
355
364
362
341
376
323
358
358
382
378
391
361
376
361
317
370
373
346
333
398
372
395
377
348
344
336
375
370
370
369
326
342
348
335
376
355
377
363
325
353
344
365
354
402
356
354
309
323
380
350
338
330
338
325
325
357
390
325
327
324
310
331
322
340
316
293
339
331
345
361
320
328
343
317
313
327
315
356
315
274
348
323
301
324
327
337
270
307
299
340
311
297
331
334
331
301
332
322
313
298
308
319
320
325
330
308
291
277
315
302
291
343
314
316
290
317
307
302
291
298
261
320
311
275
306
304
281
243
304
292
284
296
283
295
288
293
269
279
294
293
297
311
270
256
294
298
271
283
306
274
283
272
285
283
305
287
298
297
266
244
285
267
305
284
264
261
266
283
270
272
253
284
272
270
211
299
275
239
273
286
273
299
247
280
266
282
233
302
246
246
238
273
272
282
242
249
242
282
260
265
249
226
254
291
254
260
213
207
244
259
274
270
268
233
250
245
245
243
247
266
235
224
230
235
241
214
220
220
244
232
228
271
221
243
218
228
227
217
240
253
219
251
230
227
212
222
211
219
221
239
217
228
202
219
232
187
201
204
215
206
234
240
220
203
243
222
222
223
193
206
205
207
240
196
216
231
208
208
199
213
220
206
202
204
203
192
207
235
222
197
216
216
223
217
179
192
203
171
197
205
197
211
183
204
208
188
183
228
230
207
192
206
205
179
193
226
217
209
176
200
178
214
175
189
194
165
188
176
185
208
172
170
188
201
180
161
195
187
166
186
160
199
176
182
169
172
185
177
167
161
202
164
184
193
182
157
180
177
158
190
189
176
158
178
206
186
157
157
167
168
163
176
161
187
170
162
167
141
168
164
142
131
155
121
174
157
153
140
144
155
150
173
171
154
158
173
157
139
153
193
159
181
141
181
152
151
134
138
147
128
140
174
157
176
148
172
163
133
127
161
164
151
137
146
137
172
128
123
152
133
141
154
142
119
153
154
132
138
159
146
138
140
112
135
134
115
131
145
147
130
132
152
144
149
142
146
134
146
129
128
135
141
117
128
115
127
119
117
119
124
129
140
139
111
117
136
133
130
109
134
123
122
120
136
137
130
141
116
131
118
129
133
115
106
128
127
114
109
124
129
125
111
137
111
112
105
111
129
119
102
97
95
100
102
102
126
113
132
93
106
99
123
106
89
102
106
109
96
94
111
102
129
93
103
97
106
114
120
109
112
113
93
112
92
106
123
103
91
85
119
95
96
114
102
95
99
99
98
79
85
96
99
115
89
99
104
104
92
74
90
96
100
71
99
98
110
97
101
92
92
99
106
92
82
83
98
92
91
79
97
104
82
100
86
79
90
83
90
94
103
94
84
103
91
86
94
78
96
97
89
68
90
82
89
98
97
82
87
81
83
88
96
94
88
73
93
90
98
95
85
87
72
73
68
83
66
85
69
78
67
81
69
72
96
84
72
72
84
89
77
77
71
87
71
70
69
70
77
67
78
65
66
72
90
74
76
72
82
82
70
69
69
71
70
70
60
74
60
83
77
70
56
78
66
60
66
68
67
77
74
69
69
68
67
79
61
72
79
55
67
75
80
59
63
79
55
71
70
80
51
70
69
62
67
60
72
71
65
53
53
65
52
55
55
69
59
55
54
55
57
60
51
72
58
56
50
60
70
50
48
58
53
48
65
62
73
63
54
46
45
54
54
55
68
53
54
71
49
66
57
72
54
51
57
57
43
60
35
51
61
37
44
53
50
45
52
38
63
53
62
60
59
36
49
44
38
42
59
53
27
62
44
50
44
52
43
60
40
53
49
57
47
41
42
45
47
44
34
51
39
56
40
54
50
32
59
48
58
46
56
49
42
51
47
44
37
48
28
48
43
44
50
42
36
45
51
33
40
40
55
44
45
32
54
41
36
40
31
44
40
56
44
38
38
42
43
35
49
38
26
43
33
35
35
44
51
39
32
47
30
41
37
42
41
44
41
40
30
43
49
28
34
32
38
41
40
30
44
47
35
43
43
32
39
37
33
29
46
37
33
31
42
29
25
36
27
34
37
36
38
30
30
35
31
18
34
31
25
31
37
28
29
26
31
37
36
26
34
42
37
30
30
13
28
25
30
34
27
32
28
27
35
20
30
24
33
20
32
32
26
30
34
28
25
28
39
30
27
27
26
25
26
29
32
23
31
30
28
31
21
37
27
23
29
13
16
32
24
25
35
22
31
20
19
19
24
24
27
26
27
24
26
34
23
25
25
34
25
21
25
24
26
31
20
20
32
20
23
25
25
27
22
21
18
23
16
33
24
20
24
19
20
13
25
20
23
20
22
16
16
22
25
19
21
15
18
16
18
23
22
22
17
20
25
18
15
22
21
13
16
19
16
18
18
24
22
14
21
13
23
24
10
27
18
18
22
19
20
18
15
16
21
24
16
15
22
16
19
18
23
21
25
16
18
23
19
13
14
21
16
15
15
24
16
16
17
19
15
13
18
19
16
20
12
10
24
18
18
15
16
19
27
17
14
21
17
16
12
19
14
13
17
9
16
11
18
15
11
11
15
17
19
19
22
12
5
15
13
15
17
23
17
14
10
13
17
14
19
8
12
11
12
15
10
15
21
9
14
21
15
13
12
14
16
9
17
9
8
16
17
10
11
12
7
9
10
13
17
14
11
16
9
11
18
14
18
14
19
15
11
8
5
11
12
15
9
11
10
15
9
17
8
17
10
11
5
17
12
13
18
11
12
9
9
11
12
6
6
9
18
10
7
8
7
10
10
8
8
8
5
7
8
14
14
7
11
8
15
10
10
6
12
8
14
16
13
11
15
5
7
14
10
11
6
9
17
9
10
11
7
9
14
12
9
8
6
6
6
15
13
4
7
10
10
13
7
9
6
9
7
11
9
10
11
4
8
7
8
7
10
13
7
6
8
6
5
7
6
7
7
8
7
9
10
5
7
8
9
7
6
8
9
6
9
7
7
12
5
9
9
6
7
9
4
2
6
3
5
11
4
3
6
5
9
8
7
7
8
6
7
10
16
8
12
11
8
5
4
1
7
10
8
5
4
5
8
5
6
5
2
10
5
8
5
4
7
5
7
4
3
9
3
7
4
3
2
7
5
8
4
7
8
6
7
6
7
7
3
5
8
2
2
3
2
5
8
5
4
5
5
8
1
3
6
6
5
5
7
8
1
3
3
4
3
5
9
6
3
3
3
4
4
2
10
3
4
1
4
2
3
3
5
7
4
10
3
3
8
4
6
6
4
4
6
1
5
6
5
4
3
0
4
2
1
3
1
3
7
6
3
7
4
4
4
2
3
2
8
3
5
5
5
3
3
1
5
3
2
5
3
0
5
4
3
3
1
4
2
4
4
6
0
2
2
4
3
4
0
5
2
1
1
6
9
5
3
1
4
7
3
3
3
0
2
3
5
1
1
1
3
3
0
3
2
0
2
5
5
1
3
2
3
3
5
3
2
1
2
4
2
7
2
1
1
1
5
1
2
5
1
3
2
3
1
1
4
3
1
5
1
5
5
2
2
3
4
6
0
2
3
5
4
1
1
4
2
1
3
2
1
2
5
1
1
6
4
1
4
1
0
1
1
0
2
4
0
4
0
2
1
1
2
3
0
1
0
3
3
1
2
0
3
3
4
1
2
6
0
2
3
2
2
1
2
5
2
0
2
1
2
0
1
1
0
2
3
2
1
3
0
3
1
0
1
1
3
2
7
0
2
1
1
3
3
1
1
3
2
1
3
2
2
2
2
1
3
2
0
1
1
1
1
2
1
2
1
0
1
2
1
4
1
0
2
1
1
1
3
0
0
0
3
0
0
2
0
1
0
1
1
3
1
2
2
2
0
4
2
2
2
1
1
0
0
0
2
1
1
1
1
1
0
0
0
0
1
0
2
0
2
1
0
0
0
0
2
2
0
0
0
0
2
1
0
0
0
0
0
1
1
1
1
3
0
1
1
1
0
1
2
1
0
1
2
1
0
0
1
1
2
0
0
2
1
0
1
0
0
1
0
0
0
1
1
0
1
1
2
0
0
0
0
0
1
0
1
1
0
0
0
1
2
0
1
0
0
0
0
1
2
3
0
2
0
1
2
2
1
2
2
1
1
1
0
2
1
0
0
1
1
1
1
0
0
1
0
0
1
0
2
0
0
0
2
3
0
3
1
0
0
2
0
0
0
0
0
1
1
1
0
1
0
0
1
1
0
1
0
0
0
0
0
2
0
0
0
0
0
0
2
0
2
0
0
0
0
2
0
1
1
0
1
2
0
0
1
1
0
1
0
1
0
0
0
0
0
1
1
0
0
0
0
0
0
0
0
0
0
0
0
0
0
0
0
0
0
0
0
1
0
0
0
0
0
0
1
0
0
2
1
2
1
0
1
0
0
0
1
2
0
1
0
2
0
1
1
0
0
0
0
0
0
0
1
0
1
0
1
0
0
1
0
0
0
0
0
0
0
1
1
0
2
0
0
0
0
1
1
0
0
0
0
0
1
1
1
0
0
0
1
2
0
1
0
0
1
0
0
0
1
0
1
1
0
0
0
0
0
0
0
0
1
0
1
0
1
0
0
0
0
0
1
0
0
1
0
0
0
1
0
0
0
0
0
0
1
0
1
0
1
0
0
0
0
0
1
0
0
0
0
1
0
0
0
0
0
0
0
2
0
0
0
0
0
0
0
0
1
0
0
0
0
0
0
0
1
0
0
1
0
0
0
0
0
0
0
0
0
1
0
0
0
1
1
0
0
0
0
0
0
0
0
0
0
0
0
2
0
1
0
0
0
0
0
0
0
0
1
0
2
0
0
0
0
0
0
0
0
1
0
0
0
0
0
0
0
0
0
0
0
0
0
0
1
0
0
0
0
1
0
0
0
0
0
0
0
0
0
0
0
0
0
0
1
0
0
0
1
1
0
0
0
0
0
0
0
0
0
0
0
0
0
0
0
0
0
0
0
0
0
0
0
0
0
0
0
0
0
0
0
0
0
0
0
0
0
0
0
0
0
0
0
0
0
0
0
0
0
0
0
0
0
0
0
0
0
0
0
0
0
0
0
0
0
0
0
0
0
0
0
0
0
0
0
0
0
0
0
0
0
0
0
0
0
0
0
0
0
0
0
0
0
0
0
0
0
0
0
0
0
0
0
0
0
0
0
0
0
0
0
0
0
0
0
0
0
0
0
0
0
0
0
0
0
0
0
1
0
0
0
0
1
0
0
0
0
0
0
0
0
0
0
0
0
0
0
0
0
0
0
0
0
0
0
0
0
0
0
0
0
0
1
0
0
0
0
0
0
0
0
0
0
0
1
0
0
0
1
0
1
0
0
0
0
0
0
0
0
0
0
0
0
0
0
0
0
0
0
0
1
0
0
0
0
0
0
0
0
0
0
0
0
0
0
0
0
0
0
0
0
0
0
0
0
0
0
1
0
0
0
0
0
0
0
0
0
0
0
0
0
0
0
0
0
0
0
0
0
0
1
0
0
0
0
0
0
0
0
0
0
0
0
0
0
0
0
0
0
0
0
0
0
0
0
0
0
0
0
0
0
0
0
0
0
0
0
0
0
0
0
0
0
1
0
0
0
0
0
0
0
0
0
0
0
0
0
0
0
0
0
0
0
0
0
0
0
0
0
0
0
0
0
0
0
0
0
0
0
0
0
0
0
0
0
0
0
0
0
0
0
0
0
0
0
0
0
0
0
0
0
0
0
0
0
0
0
0
1
0
0
0
0
0
0
0
0
0
0
0
0
1
0
0
0
0
0
0
0
0
0
0
0
0
0
0
0
0
0
0
0
0
0
0
0
0
0
0
0
0
0
0
0
0
0
0
0
0
0
0
0
0
0
0
0
0
0
0
0
0
0
0
0
0
0
0
0
0
0
0
0
0
0
0
0
0
0
0
0
0
0
0
0
0
0
0
0
0
0
0
0
0
0
0
0
0
0
0
0
0
0
0
0
0
0
0
0
0
0
0
0
0
0
0
0
0
0
0
0
0
0
0
0
0
0
0
0
0
0
0
0
0
0
0
0
0
0
0
0
0
0
0
0
0
0
0
0
0
0
0
0
0
0
0
0
0
0
0
0
0
0
0
0
0
0
0
0
0
0
0
0
0
0
0
0
0
0
0
0
0
0
0
0
0
0
0
0
0
0
0
0
0
0
0
0
0
0
0
0
0
0
0
0
0
0
0
0
0
0
0
0
0
0
0
0
0
0
0
0
0
0
0
0
0
0
0
0
0
0
0
0
0
0
0
0
0
0
0
0
0
0
0
0
0
0
0
0
0
0
0
0
0
0
0
0
0
0
0
0
0
0
0
0
0
0
0
0
0
0
0
0
0
0
0
0
0
0
0
0
0
0
0
0
0
0
0
0
0
0
0
0
0
0
0
0
0
0
0
0
0
0
0
0
0
0
0
0
0
0
0
0
0
0
0
0
0
0
0
0
0
0
0
0
0
0
0
0
0
0
0
0
0
0
0
0
0
0
0
0
0
0
0
0
0
0
0
0
0
0
0
0
0
0
0
0
0
0
0
0
0
0
0
0
0
0
0
0
0
0
0
0
0
0
0
0
0
0
0
0
0
0
0
0
0
0
0
0
0
0
0
0
0
0
0
0
0
0
0
0
0
0
0
0
0
0
0
0
0
0
0
0
0
0
0
0
0
0
0
0
0
0
0
0
0
0
0
0
0
0
0
0
0
0
0
0
0
0
0
0
0
0
0
0
0
0
0
0
0
0
0
0
0
0
0
0
0
0
0
0
0
0
0
0
0
0
0
0
0
0
0
0
0
0
0
0
0
0
0
0
0
0
0
0
0
0
0
0
0
0
0
0
0
0
0
0
0
0
0
0
0
0
0
0
0
0
0
0
0
0
0
0
0
0
0
0
0
0
0
0
0
0
0
0
0
0
0
0
0
0
0
0
0
0
0
0
0
0
0
0
0
0
0
0
0
0
0
0
0
0
0
0
0
0
0
0
0
0
0
0
0
0
0
0
0
0
0
0
0
0
0
0
0
0
0
0
0
0
0
0
0
0
0
0
0
0
0
0
0
0
0
0
0
0
0
0
0
0
0
0
0
0
0
0
0
0
0
0
0
0
0
0
0
0
0
0
0
0
0
0
0
0
0
0
0
0
0
0
0
0
0
0
0
0
0
0
0
0
0
0
0
0
0
0
0
0
0
0
0
0
0
0
0
0
0
0
0
0
0
0
0
0
0
0
0
0
0
0
0
0
0
0
0
0
0
0
0
0
0
0
0
0
0
0
0
0
0
0
0
0
0
0
0
0
0
0
0
0
0
0
0
0
0
0
0
0
0
0
0
0
0
0
0
0
0
0
0
0
0
0
0
0
0
0
0
0
0
0
0
0
0
0
0
0
0
0
0
0
0
0
0
0
0
0
0
0
0
0
0
0
0
0
0
0
0
0
0
0
0
0
0
0
0
0
0
0
0
0
0
0
0
0
0
0
0
0
0
0
0
0
0
0
0
0
0
0
0
0
0
0
0
0
0
0
0
0
0
0
0
0
0
0
0
0
0
0
0
0
0
0
0
0
0
0
0
0
0
0
0
0
0
0
0
0
0
0
0
0
0
0
0
0
0
0
0
0
0
0
0
0
0
0
0
0
0
0
0
0
0
0
0
0
0
0
0
0
0
0
0
0
0
0
0
0
0
0
0
0
0
0
0
0
0
0
0
0
0
0
0
0
0
0
0
0
0
0
0
0
0
0
0
0
0
0
0
0
0
0
0
0
0
0
0
0
0
0
0
0
0
0
0
0
0
0
0
0
0
0
0
0
0
0
0
0
0
0
0
0
0
0
0
0
0
0
0
0
0
0
0
0
0
0
0
0
0
0
0
0
0
0
0
0
0
0
0
0
0
0
0
0
0
0
0
0
0
0
0
0
0
0
0
0
0
0
0
0
0
0
0
0
0
0
0
0
0
0
0
0
0
0
0
0
0
0
0
0
0
0
0
0
0
0
0
0
0
0
0
0
0
0
0
0
0
0
0
0
0
0
0
0
0
0
0
0
0
0
0
0
0
0
0
0
0
0
0
0
0
0
0
0
0
0
0
0
0
0
0
0
0
0
0
0
0
0
0
0
0
0
0
0
0
0
0
0
0
0
0
0
0
0
0
0
0
0
0
0
0
0
0
0
0
0
0
0
0
0
0
0
0
0
0
0
0
0
0
0
0
0
0
0
0
0
0
0
0
0
0
0
0
0
0
0
0
0
0
0
0
0
0
0
0
0
0
0
0
0
0
0
0
0
0
0
0
0
0
0
0
0
0
0
0
0
0
0
0
0
0
0
0
0
0
0
0
0
0
0
0
0
0
0
0
0
0
0
0
0
0
0
0
0
0
0
0
0
0
0
0
0
0
0
0
0
0
0
0
0
0
0
0
0
0
0
0
0
0
0
0
0
0
0
0
0
0
0
0
0
0
0
0
0
0
0
0
0
0
0
0
0
0
0
0
0
0
0
0
0
0
0
0
0
0
0
0
0
0
0
0
0
0
0
0
0
0
0
0
0
0
0
0
0
0
0
0
0
0
0
0
0
0
0
0
0
0
0
0
0
0
0
0
0
0
0
0
0
0
0
0
0
0
0
0
0
0
0
0
0
0
0
0
0
0
0
0
0
0
0
0
0
0
0
0
0
0
0
0
0
0
0
0
0
0
0
0
0
0
0
0
0
0
0
0
0
0
0
0
0
0
0
0
0
0
0
0
0
0
0
0
0
0
0
0
0
0
0
0
0
0
0
0
0
0
0
0
0
0
0
0
0
0
0
0
0
0
0
0
0
0
0
0
0
0
0
0
0
0
0
0
0
0
0
0
0
0
0
0
0
0
0
0
0
0
0
0
0
0
0
0
0
0
0
0
0
0
0
0
0
0
0
0
0
0
0
0
0
0
0
0
0
0
0
0
0
0
0
0
0
0
0
0
0
0
0
0
0
0
0
0
0
0
0
0
0
0
0
0
0
0
0
0
0
0
0
0
0
0
0
0
0
0
0
0
0
0
0
0
0
0
0
0
0
0
0
0
0
0
0
0
0
0
0
0
0
0
0
0
0
0
0
0
0
0
0
0
0
0
0
0
0
0
0
0
0
0
0
0
0
0
0
0
0
0
0
0
0
0
0
0
0
0
0
0
0
0
0
0
0
0
0
0
0
0
0
0
0
0
0
0
0
0
0
0
0
0
0
0
0
0
0
0
0
0
0
0
0
0
0
0
0
0
0
0
0
0
0
0
0
0
0
0
0
0
0
0
0
0
0
0
0
0
0
0
0
0
0
0
0
0
0
0
0
0
0
0
0
0
0
0
0
0
0
0
0
0
0
0
0
0
0
0
0
0
0
0
0
0
0
0
0
0
0
0
0
0
0
0
0
0
0
0
0
0
0
0
0
0
0
0
0
0
0
0
0
0
0
0
0
0
0
0
0
0
0
0
0
0
0
0
0
0
0
0
0
0
0
0
0
0
0
0
0
0
0
0
0
0
0
0
0
0
0
0
0
0
0
0
0
0
0
0
0
0
0
0
0
0
0
0
0
0
0
0
0
0
0
0
0
0
0
0
0
0
0
0
0
0
0
0
0
0
0
0
0
0
0
0
0
0
0
0
0
0
0
0
0
0
0
0
0
0
0
0
0
0
0
0
0
0
0
0
0
0
0
0
0
0
0
0
0
0
0
0
0
0
0
0
0
0
0
0
0
0
0
0
0
0
0
0
0
0
0
0
0
0
0
0
0
0
0
0
0
0
0
0
0
0
0
0
0
0
0
0
0
0
0
0
0
0
0
0
0
0
0
0
0
0
0
0
0
0
0
0
0
0
0
0
0
0
0
0
0
0
0
0
0
0
0
0
0
0
0
0
0
0
0
0
0
0
0
0
0
0
0
0
0
0
0
0
0
0
0
0
0
0
0
0
0
0
0
0
0
0
0
0
0
0
0
0
0
0
0
0
0
0
0
0
0
0
0
0
0
0
0
0
0
0
0
0
0
0
0
0
0
0
0
0
0
0
0
0
0
0
0
0
0
0
0
0
0
0
0
0
0
0
0
0
0
0
0
0
0
0
0
0
0
0
0
0
0
0
0
0
0
0
0
0
0
0
0
0
0
0
0
0
0
0
0
0
0
0
0
0
0
0
0
0
0
0
0
0
0
0
0
0
0
0
0
0
0
0
0
0
0
0
0
0
0
0
0
0
0
0
0
0
0
0
0
0
0
0
0
0
0
0
0
0
0
0
0
0
0
0
0
0
0
0
0
0
0
0
0
0
0
0
0
0
0
0
0
0
0
0
0
0
0
0
0
0
0
0
0
0
0
0
0
0
0
0
0
0
0
0
0
0
0
0
0
0
0
0
0
0
0
0
0
0
0
0
0
0
0
0
0
0
0
0
0
0
0
0
0
0
0
0
0
0
0
0
0
0
0
0
0
0
0
0
0
0
0
0
0
0
0
0
0
0
0
0
0
0
0
0
0
0
0
0
0
0
0
0
0
0
0
0
0
0
0
0
0
0
0
0
0
0
0
0
0
0
0
0
0
0
0
0
0
0
0
0
0
0
0
0
0
0
0
0
0
0
0
0
0
0
0
0
0
0
0
0
0
0
0
0
0
0
0
0
0
0
0
0
0
0
0
0
0
0
0
0
0
0
0
0
0
0
0
0
0
0
0
0
0
0
0
0
0
0
0
0
0
0
0
0
0
0
0
0
0
0
0
0
0
0
0
0
0
0
0
0
0
0
0
0
0
0
0
0
0
0
0
0
0
0
0
0
0
0
0
0
0
0
0
0
0
0
0
0
0
0
0
0
0
0
0
0
0
0
0
0
0
0
0
0
0
0
0
0
0
0
0
0
0
0
0
0
0
0
0
0
0
0
0
0
0
0
0
0
0
0
0
0
0
0
0
0
0
0
0
0
0
0
0
0
0
0
0
0
0
0
0
0
0
0
0
0
0
0
0
0
0
0
0
0
0
0
0
0
0
0
0
0
0
0
0
0
0
0
0
0
0
0
0
0
0
0
0
0
0
0
0
0
0
0
0
0
0
0
0
0
0
0
0
0
0
0
0
0
0
0
0
0
0
0
0
0
0
0
0
0
0
0
0
0
0
0
0
0
0
0
0
0
0
0
0
0
0
0
0
0
0
0
0
0
0
0
0
0
0
0
0
0
0
0
0
0
0
0
0
0
0
0
0
0
0
0
0
0
0
0
0
0
0
0
0
0
0
0
0
0
0
0
0
0
0
0
0
0
0
0
0
0
0
0
0
0
0
0
0
0
0
0
0
0
0
0
0
0
0
0
0
0
0
0
0
0
0
0
0
0
0
0
0
0
0
0
0
0
0
0
0
0
0
0
0
0
0
0
0
0
0
0
0
0
0
0
0
0
0
0
0
0
0
0
0
0
0
0
0
0
0
0
0
0
0
0
0
0
0
0
0
0
0
0
0
0
0
0
0
0
0
0
0
0
0
0
0
