0
0
0
0
0
1
0
0
0
2
0
0
0
0
0
0
0
0
0
1
0
1
0
1
0
0
1
0
0
0
0
1
0
0
1
0
0
0
0
1
0
0
0
1
0
0
0
1
0
0
2
0
1
0
1
0
2
0
0
0
1
1
1
2
0
0
0
1
0
0
0
0
1
0
0
0
0
0
0
1
0
1
0
0
1
1
2
0
1
0
0
2
0
1
1
0
3
1
0
0
1
0
0
1
0
1
1
1
0
0
1
0
0
1
0
0
0
0
4
0
1
0
0
1
1
0
1
2
1
0
1
0
1
1
2
1
1
0
0
0
1
1
2
2
0
2
1
0
2
0
3
2
1
2
0
1
1
0
1
1
0
0
3
1
1
0
0
0
1
3
0
2
1
1
2
1
0
1
2
1
1
0
0
1
1
3
2
2
2
2
2
1
1
1
2
2
3
2
1
1
3
4
4
1
2
2
1
2
1
2
2
2
2
1
2
4
2
6
0
0
1
2
3
3
0
1
1
2
5
5
5
2
3
2
1
0
4
2
3
1
1
5
2
4
3
7
5
4
3
1
2
3
4
2
2
1
2
1
6
2
2
3
5
2
1
4
1
4
0
2
4
1
1
4
1
3
4
4
3
6
4
2
3
2
4
2
5
3
8
8
10
1
6
8
4
4
3
5
5
4
3
4
3
7
6
4
8
5
6
5
6
6
8
3
3
4
4
1
3
4
8
5
2
5
5
9
9
4
9
11
2
6
6
8
6
4
5
8
4
9
8
5
6
8
7
7
7
5
11
8
6
4
5
5
8
5
7
3
11
11
4
7
8
6
11
8
6
5
10
10
11
12
11
9
13
8
12
11
9
7
4
10
8
12
13
13
6
17
19
7
14
15
10
10
7
13
10
11
7
16
8
14
8
11
13
9
12
11
20
11
13
10
7
17
9
15
11
9
9
13
13
11
9
14
10
6
7
18
14
7
19
13
13
24
12
15
21
12
8
18
17
19
20
12
12
12
16
12
19
23
19
23
19
19
19
24
21
18
19
13
15
10
19
22
21
20
22
17
19
18
22
16
18
18
24
23
16
27
16
26
16
32
20
20
18
18
24
19
32
21
18
22
26
25
22
35
18
28
27
23
23
26
28
29
24
24
24
28
23
32
24
26
36
24
25
27
27
30
27
35
27
26
30
24
33
35
34
29
29
29
34
37
34
27
30
45
37
32
31
34
29
26
41
31
34
30
41
41
44
29
34
37
47
37
31
34
43
39
32
49
42
27
40
32
41
44
40
34
33
34
36
42
59
48
43
38
59
26
52
46
54
39
37
59
44
50
45
34
52
54
65
36
49
55
45
54
54
43
46
51
47
58
46
50
56
48
47
55
61
54
55
59
49
58
57
50
54
61
48
47
60
48
67
55
58
48
59
59
58
59
60
77
55
63
63
51
86
68
73
71
70
64
76
67
71
56
68
80
69
50
56
74
66
74
76
88
69
74
95
90
71
71
76
84
68
76
72
67
83
76
74
71
87
97
75
84
79
88
87
76
92
75
79
87
82
82
90
90
90
81
94
93
76
87
84
100
94
79
103
103
85
89
101
91
91
112
90
99
105
103
90
97
105
102
105
102
99
100
81
114
90
95
100
101
116
85
94
110
113
116
113
104
118
124
116
116
118
93
121
136
118
114
140
129
108
105
106
97
100
117
131
111
121
128
145
140
130
120
123
132
135
139
126
132
140
122
132
124
150
155
121
137
135
156
126
142
141
134
127
133
152
160
152
169
162
120
132
160
138
182
155
169
162
163
173
128
144
143
167
178
157
157
146
152
165
158
177
169
162
152
178
152
141
179
176
161
175
187
181
187
191
166
156
172
170
161
187
195
200
180
184
178
196
238
174
180
202
197
181
184
171
168
176
209
217
182
217
228
201
190
178
264
214
186
233
187
196
203
229
218
227
214
187
211
213
220
233
216
234
210
224
234
204
241
189
203
232
207
235
235
224
221
216
237
237
199
217
252
240
225
240
225
254
212
251
243
233
298
255
257
243
265
250
264
262
254
261
229
247
257
262
268
316
277
248
266
248
248
248
229
272
290
227
248
271
268
304
273
279
270
259
265
262
264
278
277
315
294
282
273
288
293
278
327
288
276
282
282
287
286
306
313
319
299
294
281
303
328
289
350
300
315
288
341
342
303
322
356
294
297
295
312
361
315
335
336
327
357
335
352
370
355
339
376
383
353
354
321
398
332
335
335
335
333
392
354
338
349
343
357
393
350
326
343
350
374
354
381
355
331
352
379
367
369
414
404
390
382
356
382
370
376
392
425
427
355
391
404
414
397
420
425
396
378
391
413
416
453
447
411
395
426
406
458
407
419
430
413
401
424
416
363
450
418
458
451
416
464
425
436
473
443
482
430
471
426
423
432
480
464
468
484
453
459
501
486
489
449
454
459
463
490
477
544
507
434
495
493
476
501
445
489
532
503
476
489
518
508
487
456
494
498
534
523
492
513
493
530
503
492
524
509
495
517
508
546
544
514
543
548
571
525
545
535
500
541
519
508
584
564
483
481
514
570
557
537
567
523
596
561
555
567
551
591
586
578
587
566
576
596
630
608
586
566
564
605
596
557
611
560
565
589
579
568
576
656
615
603
604
578
590
648
622
628
577
636
659
617
583
523
599
641
641
622
616
614
638
629
657
623
608
675
625
647
622
622
628
600
643
693
657
649
641
648
674
660
674
658
681
651
692
676
627
653
703
698
670
643
651
669
682
681
692
663
688
686
636
676
674
678
742
722
683
700
678
726
711
685
682
737
764
713
688
734
674
711
730
731
697
764
740
722
723
721
707
791
775
759
642
685
690
786
727
727
757
750
770
760
788
773
737
781
743
768
784
789
684
735
766
769
768
745
696
820
791
799
786
884
788
790
749
785
773
710
810
786
804
754
788
752
776
833
800
823
817
778
816
694
853
800
820
878
838
794
782
778
794
832
811
864
790
820
801
858
832
778
879
841
836
808
900
828
847
813
885
867
859
852
831
899
870
814
909
877
877
824
857
830
921
821
854
910
891
834
765
890
910
891
934
883
856
868
923
950
875
880
886
862
849
837
824
878
911
878
891
895
901
891
862
870
898
928
885
934
919
874
854
810
915
904
924
904
955
906
907
943
924
919
929
981
890
943
926
994
952
956
954
946
958
884
943
932
937
935
894
938
958
961
874
1006
932
931
958
918
931
956
917
958
960
918
961
918
990
956
940
793
966
924
952
963
992
938
945
992
996
987
920
955
983
931
956
953
1039
955
1007
1001
978
943
971
929
1037
970
957
1001
966
961
981
977
990
967
956
1001
973
955
970
960
966
968
939
991
1041
1006
899
1028
1027
964
1086
1017
1053
1015
991
1086
1046
1026
1046
1012
959
990
1003
936
966
1012
1026
1038
1013
929
1001
1036
1004
990
1018
1023
1017
989
859
872
1031
1058
990
1053
1025
1001
970
1047
1014
1009
995
1016
1047
1049
1034
1029
1018
1086
1076
1029
1085
1027
1041
1029
1099
1014
1000
993
1080
984
988
1097
1000
953
1044
1083
1006
1081
1046
1086
1036
1047
1039
1055
1032
1083
1079
822
1041
1035
1043
1063
1052
996
1007
1054
1009
1038
1068
1013
1020
1024
1009
978
1017
1034
1038
1092
1045
1017
985
1050
1103
1115
972
1034
1104
1009
1018
1082
1007
987
1006
1108
1103
1105
1073
1026
1042
1073
997
1065
1012
1076
950
987
1080
998
1059
1043
1011
1033
1069
1080
1049
1046
987
1080
1064
1014
1042
1057
1021
1055
1009
1097
1031
1075
1058
1048
1045
1006
1073
1074
1061
1033
947
911
1080
1037
1051
1036
1113
976
1044
1074
1013
991
1022
1020
1058
1041
998
1091
1048
1072
1073
1078
1045
1050
1050
1110
1050
979
1060
1032
1011
1010
1072
1072
1027
1021
1001
1019
1088
1036
1046
1079
1011
1059
996
1054
1079
1019
982
855
990
1007
1005
1003
946
1003
1016
1023
1085
1029
1051
1026
1060
1034
950
1083
1075
1028
1076
1057
932
1025
991
1065
1009
1040
975
1063
1074
973
997
1052
991
977
1029
1067
1053
1024
998
1073
1053
975
1020
1034
1002
1030
912
991
1012
963
1028
1038
954
1034
991
1044
1027
985
1012
1038
987
978
942
1013
1023
1015
1075
983
1035
999
904
970
957
951
1028
1039
1028
975
899
931
1012
975
949
1002
1026
963
983
1001
998
984
972
967
948
1054
985
979
966
991
955
961
948
1014
926
930
935
941
919
917
914
973
969
910
956
965
924
1034
922
1010
926
973
905
974
962
941
946
962
985
752
901
959
942
969
972
915
943
943
952
1015
924
990
904
976
881
921
938
881
965
952
964
885
871
949
925
905
949
915
885
904
849
937
904
935
944
973
921
918
870
924
915
917
904
940
901
947
833
917
968
918
859
919
911
899
877
908
849
937
886
926
867
870
890
861
877
850
878
889
891
897
840
872
879
848
912
862
856
920
746
767
835
887
871
840
890
873
877
769
886
802
801
828
803
911
822
867
844
803
886
824
873
843
758
865
876
835
836
843
815
811
783
844
816
807
750
815
843
827
792
834
870
822
797
841
826
841
795
686
790
811
795
819
848
752
773
864
812
840
818
821
805
832
693
747
777
777
808
783
823
774
774
754
793
806
763
788
780
759
737
770
767
760
750
826
748
727
682
813
735
744
752
742
798
775
665
711
778
761
702
784
715
710
709
684
739
712
728
732
657
657
663
742
761
668
687
762
703
681
692
771
696
742
705
706
724
684
588
618
758
652
752
686
681
685
686
679
678
661
687
752
714
643
682
755
675
650
649
628
684
663
650
731
658
663
632
670
666
656
614
721
658
624
667
698
634
594
586
664
618
680
585
648
629
640
622
527
612
643
622
666
629
624
612
621
585
618
635
629
613
629
591
596
578
561
633
648
634
574
581
624
577
590
623
580
659
543
584
596
569
610
581
623
576
589
575
568
599
610
580
610
606
571
523
542
551
589
524
566
541
530
581
574
535
537
541
510
551
603
540
561
512
536
559
585
522
562
525
586
518
531
530
551
573
512
519
472
520
542
509
544
490
514
479
537
503
496
482
535
469
510
494
482
527
470
495
546
514
496
456
446
471
472
450
525
484
432
476
493
494
468
486
503
538
432
472
454
450
438
482
460
489
448
469
368
458
450
505
464
448
446
432
469
459
470
434
460
480
434
392
453
445
433
440
411
444
387
416
450
457
418
428
397
391
428
414
427
401
414
416
408
412
419
386
396
438
385
430
414
395
391
355
377
381
399
392
422
394
368
396
361
408
388
384
389
356
371
368
385
369
373
394
392
370
362
351
373
374
351
357
334
368
352
298
314
363
369
373
395
374
360
389
370
335
383
351
359
343
330
366
332
343
364
369
361
337
294
346
348
319
325
348
344
366
334
303
302
341
344
319
331
331
302
308
340
341
321
323
320
292
292
309
272
317
305
280
298
287
330
290
317
322
311
274
294
291
268
329
280
274
280
286
270
315
261
279
264
293
251
294
269
292
290
268
270
252
314
294
297
281
266
244
267
291
258
247
264
279
279
242
268
257
260
262
267
255
257
249
258
256
230
246
249
232
233
246
253
239
234
245
250
240
261
256
239
258
249
251
237
243
246
223
221
252
238
215
234
219
241
231
226
189
227
210
197
225
235
222
232
226
216
218
198
208
202
219
222
214
226
184
192
215
221
217
224
203
214
204
223
191
186
195
222
200
198
180
196
195
190
204
168
208
173
212
187
215
179
176
184
160
177
188
180
193
174
147
162
195
199
198
200
196
187
180
177
174
177
166
210
175
168
171
178
181
173
180
173
188
165
177
165
154
156
156
176
128
149
152
156
154
190
162
151
173
148
154
161
137
158
181
143
182
156
161
171
144
142
141
156
137
154
140
122
167
151
131
145
148
150
119
130
159
131
113
138
159
140
145
150
153
132
138
152
131
114
126
150
145
122
112
151
138
116
105
138
128
103
123
128
104
130
119
124
134
111
135
114
128
129
118
126
111
119
123
106
125
109
109
104
108
103
125
122
121
114
103
119
96
96
128
115
117
116
96
107
127
110
111
108
128
102
135
91
104
120
116
107
92
104
91
93
110
102
112
96
100
107
109
78
85
93
96
92
85
92
87
93
93
101
98
109
86
96
88
81
79
92
75
89
85
76
71
85
101
70
92
98
94
88
94
96
93
87
94
87
90
102
69
74
81
93
78
83
75
72
75
84
76
71
79
67
75
88
92
64
91
57
85
65
87
72
74
66
77
70
75
63
67
62
59
83
70
66
87
82
75
79
60
75
79
66
59
56
60
57
70
59
51
53
61
63
65
75
59
54
67
48
63
47
63
65
46
63
57
63
64
66
56
59
45
47
61
62
42
76
56
42
55
57
63
54
47
48
49
54
54
59
48
56
50
71
45
43
53
45
64
46
43
46
55
45
32
48
56
43
52
49
50
49
39
49
45
39
45
50
51
48
46
46
41
41
49
50
39
41
38
43
36
44
38
48
44
44
38
31
40
39
39
38
32
37
35
39
37
30
33
36
38
36
42
42
35
37
43
33
27
24
37
31
29
46
36
42
45
28
27
36
32
21
43
27
30
33
40
34
41
30
41
45
31
33
29
31
31
33
39
33
36
31
40
42
34
25
33
30
35
30
21
40
33
37
17
24
19
24
21
28
30
35
26
28
37
25
26
24
23
24
16
30
21
24
25
32
34
33
16
31
10
22
28
26
26
23
29
28
20
20
23
31
24
20
14
29
18
30
23
20
24
23
22
24
19
12
22
24
23
23
24
23
16
17
19
16
23
25
21
25
21
25
18
15
14
14
17
20
23
21
17
25
23
22
18
15
20
16
12
20
18
24
20
15
16
22
24
9
8
20
19
18
18
17
12
9
17
14
15
19
15
21
14
12
12
20
26
14
12
21
13
23
17
20
13
15
16
21
15
20
11
12
13
14
17
10
11
20
17
12
9
12
10
11
19
21
7
13
14
10
13
13
19
15
12
9
19
12
8
17
9
12
18
9
13
18
12
10
13
14
13
11
15
14
8
9
13
10
11
9
6
10
7
12
9
13
7
9
6
8
7
7
9
8
12
7
12
4
6
7
8
9
9
8
14
14
8
7
11
9
7
9
6
4
10
9
8
8
8
13
11
7
3
7
9
8
4
7
6
6
6
9
11
10
9
5
6
7
9
10
7
7
10
5
8
5
6
7
10
10
2
7
4
8
7
8
5
11
4
9
7
6
9
6
6
6
6
9
8
4
7
7
8
6
4
10
5
7
9
4
5
4
2
6
5
5
7
9
4
3
3
6
3
6
6
5
1
3
6
6
4
4
5
3
2
4
3
2
0
4
3
6
5
4
4
3
3
6
4
6
5
5
3
2
4
4
4
1
1
1
5
3
5
4
4
1
4
4
5
4
3
4
6
2
4
1
4
0
1
3
3
2
5
0
4
5
1
4
3
2
3
4
3
1
1
4
3
5
0
6
9
6
5
2
2
5
1
4
4
3
4
2
1
4
0
1
3
2
6
3
1
2
2
1
4
0
2
2
3
0
3
1
4
1
2
2
2
1
3
2
1
2
1
1
3
4
1
3
3
1
3
0
2
1
4
0
6
1
2
1
2
2
0
3
2
2
2
4
1
2
3
3
5
0
1
1
2
3
2
1
0
2
0
2
2
1
0
1
2
5
3
1
3
1
4
0
1
0
2
0
4
2
0
2
0
0
2
1
0
2
2
4
2
2
2
0
2
3
0
0
0
0
2
1
2
4
2
3
2
2
4
0
1
4
1
3
0
1
2
1
1
0
0
1
1
0
1
2
0
1
0
1
1
1
2
3
1
2
4
1
2
2
3
2
1
1
0
1
0
1
0
0
1
1
1
1
1
1
0
1
0
1
0
1
0
1
2
0
0
0
0
0
2
0
0
1
1
0
0
0
1
0
0
0
2
0
0
0
0
0
1
0
1
0
0
0
1
1
0
1
0
2
1
0
1
0
3
0
1
0
2
0
0
0
0
0
0
1
0
3
2
1
0
1
1
2
0
1
0
0
0
0
0
0
0
0
0
1
0
1
0
1
0
0
0
0
0
0
0
2
0
0
1
0
0
0
1
0
2
0
1
0
0
0
0
0
0
0
0
1
0
1
0
0
1
0
1
0
1
1
0
1
1
2
1
1
0
0
0
1
1
0
1
0
0
0
1
0
0
0
0
1
0
0
1
0
0
1
0
1
1
0
0
1
0
0
0
0
2
0
1
1
0
0
0
0
0
0
0
0
2
0
1
0
0
1
0
1
0
0
0
0
0
0
0
0
0
0
1
0
0
1
0
0
1
0
0
0
0
0
0
0
1
0
0
0
0
0
0
0
0
0
0
0
0
0
0
0
0
0
0
1
0
0
0
1
0
1
0
0
0
0
0
1
0
0
1
0
0
0
0
0
0
0
0
0
0
1
0
0
0
0
0
0
0
0
0
0
0
0
0
1
0
0
0
1
0
0
0
0
0
0
0
0
0
0
1
0
0
0
0
0
0
0
0
0
0
0
0
0
0
0
0
0
0
0
0
1
0
0
0
0
0
0
0
0
0
0
0
0
0
2
0
0
0
0
0
1
0
0
0
0
0
0
0
0
0
0
0
0
0
0
0
0
0
0
0
0
0
0
0
0
0
0
0
0
0
0
1
0
0
0
0
0
0
0
0
0
0
0
0
0
0
0
0
0
0
0
0
0
0
0
0
0
0
0
0
1
0
0
0
0
0
0
0
0
0
0
1
0
0
0
0
0
0
0
0
0
0
0
0
0
0
0
0
0
0
0
0
0
0
0
0
0
0
0
0
0
0
0
0
0
0
0
0
0
0
0
0
0
0
0
0
0
0
0
0
0
0
0
0
0
0
0
0
0
0
0
0
0
0
0
0
0
0
0
0
0
0
0
0
0
0
0
0
0
0
0
0
0
0
0
0
0
0
0
0
0
0
0
0
0
0
0
0
0
0
0
0
0
0
0
0
0
0
0
0
0
0
0
0
0
0
0
0
0
0
0
0
0
0
0
0
0
0
0
0
0
0
0
0
0
0
0
0
0
0
0
0
0
0
0
0
0
0
0
0
0
0
0
0
0
0
1
0
0
0
0
0
0
0
0
0
0
0
0
0
0
0
0
0
0
0
0
0
0
0
0
0
0
0
0
0
0
0
0
0
0
0
0
0
0
0
0
0
0
0
0
0
0
0
0
0
0
0
0
0
0
0
0
0
0
0
0
0
0
0
0
0
0
0
0
0
0
0
0
0
0
0
0
0
0
0
0
0
0
0
0
0
0
0
0
0
0
0
0
0
0
0
0
0
0
0
0
0
0
0
0
0
0
0
0
0
0
0
0
0
0
0
0
0
0
0
0
0
0
0
0
0
0
0
0
0
0
0
0
0
0
0
0
0
0
0
0
0
0
0
0
0
0
0
0
0
0
0
0
0
0
0
0
0
0
0
0
0
0
0
0
0
0
0
0
0
0
0
0
0
0
0
0
0
0
0
0
0
0
0
0
0
0
0
0
0
0
0
0
0
0
0
0
0
0
0
0
0
0
0
0
0
0
0
0
0
0
0
0
0
0
0
0
0
0
0
0
0
0
0
0
0
0
0
0
0
0
0
0
0
0
0
0
0
0
0
0
0
0
0
0
0
0
0
0
0
0
0
0
0
0
0
0
0
0
0
0
0
0
0
0
0
0
0
0
0
0
0
0
0
0
0
0
0
0
0
0
0
0
0
0
0
0
0
0
0
0
0
0
0
0
0
0
0
0
0
0
0
0
0
0
0
0
0
0
0
0
0
0
0
0
0
0
0
0
0
0
0
0
0
0
0
0
0
0
0
0
0
0
0
0
0
0
0
0
0
0
0
0
0
0
0
0
0
0
0
0
0
0
0
0
0
0
0
0
0
0
0
0
0
0
0
0
0
0
0
0
0
0
0
0
0
0
0
0
0
0
0
0
0
0
0
0
0
0
0
0
0
0
0
0
0
0
0
0
0
0
0
0
0
0
0
0
0
0
0
0
0
0
0
0
0
0
0
0
0
0
0
0
0
0
0
0
0
0
0
0
0
0
0
0
0
0
0
0
0
0
0
0
0
0
0
0
0
0
0
0
0
0
0
0
0
0
0
0
0
0
0
0
0
0
0
0
0
0
0
0
0
0
0
0
0
0
0
0
0
0
0
0
0
0
0
0
0
0
0
0
0
0
0
0
0
0
0
0
0
0
0
0
0
0
0
0
0
0
0
0
0
0
0
0
0
0
0
0
0
0
0
0
0
0
0
0
0
0
0
0
0
0
0
0
0
0
0
0
0
0
0
0
0
0
0
0
0
0
0
0
0
0
0
0
0
0
0
0
0
0
0
0
0
0
0
0
0
0
0
0
0
0
0
0
0
0
0
0
0
0
0
0
0
0
0
0
0
0
0
0
0
0
0
0
0
0
0
0
0
0
0
0
0
0
0
0
0
0
0
0
0
0
0
0
0
0
0
0
0
0
0
0
0
0
0
0
0
0
0
0
0
0
0
0
0
0
0
0
0
0
0
0
0
0
0
0
0
0
0
0
0
0
0
0
0
0
0
0
0
0
0
0
0
0
0
0
0
0
0
0
0
0
0
0
0
0
0
0
0
0
0
0
0
0
0
0
0
0
0
0
0
0
0
0
0
0
0
0
0
0
0
0
0
0
0
0
0
0
0
0
0
0
0
0
0
0
0
0
0
0
0
0
0
0
0
0
0
0
0
0
0
0
0
0
0
0
0
0
0
0
0
0
0
0
0
0
0
0
0
0
0
0
0
0
0
0
0
0
0
0
0
0
0
0
0
0
0
0
0
0
0
0
0
0
0
0
0
0
0
0
0
0
0
0
0
0
0
0
0
0
0
0
0
0
0
0
0
0
0
0
0
0
0
0
0
0
0
0
0
0
0
0
0
0
0
0
0
0
0
0
0
0
0
0
0
0
0
0
0
0
0
0
0
0
0
0
0
0
0
0
0
0
0
0
0
0
0
0
0
0
0
0
0
0
0
0
0
0
0
0
0
0
0
0
0
0
0
0
0
0
0
0
0
0
0
0
0
0
0
0
0
0
0
0
0
0
0
0
0
0
0
0
0
0
0
0
0
0
0
0
0
0
0
0
0
0
0
0
0
0
0
0
0
0
0
0
0
0
0
0
0
0
0
0
0
0
0
0
0
0
0
0
0
0
0
0
0
0
0
0
0
0
0
0
0
0
0
0
0
0
0
0
0
0
0
0
0
0
0
0
0
0
0
0
0
0
0
0
0
0
0
0
0
0
0
0
0
0
0
0
0
0
0
0
0
0
0
0
0
0
0
0
0
0
0
0
0
0
0
0
0
0
0
0
0
0
0
0
0
0
0
0
0
0
0
0
0
0
0
0
0
0
0
0
0
0
0
0
0
0
0
0
0
0
0
0
0
0
0
0
0
0
0
0
0
0
0
0
0
0
0
0
0
0
0
0
0
0
0
0
0
0
0
0
0
0
0
0
0
0
0
0
0
0
0
0
0
0
0
0
0
0
0
0
0
0
0
0
0
0
0
0
0
0
0
0
0
0
0
0
0
0
0
0
0
0
0
0
0
0
0
0
0
0
0
0
0
0
0
0
0
0
0
0
0
0
0
0
0
0
0
0
0
0
0
0
0
0
0
0
0
0
0
0
0
0
0
0
0
0
0
0
0
0
0
0
0
0
0
0
0
0
0
0
0
0
0
0
0
0
0
0
0
0
0
0
0
0
0
0
0
0
0
0
0
0
0
0
0
0
0
0
0
0
0
0
0
0
0
0
0
0
0
0
0
0
0
0
0
0
0
0
0
0
0
0
0
0
0
0
0
0
0
0
0
0
0
0
0
0
0
0
0
0
0
0
0
0
0
0
0
0
0
0
0
0
0
0
0
0
0
0
0
0
0
0
0
0
0
0
0
0
0
0
0
0
0
0
0
0
0
0
0
0
0
0
0
0
0
0
0
0
0
0
0
0
0
0
0
0
0
0
0
0
0
0
0
0
0
0
0
0
0
0
0
0
0
0
0
0
0
0
0
0
0
0
0
0
0
0
0
0
0
0
0
0
0
0
0
0
0
0
0
0
0
0
0
0
0
0
0
0
0
0
0
0
0
0
0
0
0
0
0
0
0
0
0
0
0
0
0
0
0
0
0
0
0
0
0
0
0
0
0
0
0
0
0
0
0
0
0
0
0
0
0
0
0
0
0
0
0
0
0
0
0
0
0
0
0
0
0
0
0
0
0
0
0
0
0
0
0
0
0
0
0
0
0
0
0
0
0
0
0
0
0
0
0
0
0
0
0
0
0
0
0
0
0
0
0
0
0
0
0
0
0
0
0
0
0
0
0
0
0
0
0
0
0
0
0
0
0
0
0
0
0
0
0
0
0
0
0
0
0
0
0
0
0
0
0
0
0
0
0
0
0
0
0
0
0
0
0
0
0
0
0
0
0
0
0
0
0
0
0
0
0
0
0
0
0
0
0
0
0
0
0
0
0
0
0
0
0
0
0
0
0
0
0
0
0
0
0
0
0
0
0
0
0
0
0
0
0
0
0
0
0
0
0
0
0
0
0
0
0
0
0
0
0
0
0
0
0
0
0
0
0
0
0
0
0
0
0
0
0
0
0
0
0
0
0
0
0
0
0
0
0
0
0
0
0
0
0
0
0
0
0
0
0
0
0
0
0
0
0
0
0
0
0
0
0
0
0
0
0
0
0
0
0
0
0
0
0
0
0
0
0
0
0
0
0
0
0
0
0
0
0
0
0
0
0
0
0
0
0
0
0
0
0
0
0
0
0
0
0
0
0
0
0
0
0
0
0
0
0
0
0
0
0
0
0
0
0
0
0
0
0
0
0
0
0
0
0
0
0
0
0
0
0
0
0
0
0
0
0
0
0
0
0
0
0
0
0
0
0
0
0
0
0
0
0
0
0
0
0
0
0
0
0
0
0
0
0
0
0
0
0
0
0
0
0
0
0
0
0
0
0
0
0
0
0
0
0
0
0
0
0
0
0
0
0
0
0
0
0
0
0
0
0
0
0
0
0
0
0
0
0
0
0
0
0
0
0
0
0
0
0
0
0
0
0
0
0
0
0
0
0
0
0
0
0
0
0
0
0
0
0
0
0
0
0
0
0
0
0
0
0
0
0
0
0
0
0
0
0
0
0
0
0
0
0
0
0
0
0
0
0
0
0
0
0
0
0
0
0
0
0
0
0
0
0
0
0
0
0
0
0
0
0
0
0
0
0
0
0
0
0
0
0
0
0
0
0
0
0
0
0
0
0
0
0
0
0
0
0
0
0
0
0
0
0
0
0
0
0
0
0
0
0
0
0
0
0
0
0
0
0
0
0
0
0
0
0
0
0
0
0
0
0
0
0
0
0
0
0
0
0
0
0
0
0
0
0
0
0
0
0
0
0
0
0
0
0
0
0
0
0
0
0
0
0
0
0
0
0
0
0
0
0
0
0
0
0
0
0
0
0
0
0
0
0
0
0
0
0
0
0
0
0
0
0
0
0
0
0
0
0
0
0
0
0
0
0
0
0
0
0
0
0
0
0
0
0
0
0
0
0
0
0
0
0
0
0
0
0
0
0
0
0
0
0
0
0
0
0
0
0
0
0
0
0
0
0
0
0
0
0
0
0
0
0
0
0
0
0
0
0
0
0
0
0
0
0
0
0
0
0
0
0
0
0
0
0
0
0
0
0
0
0
0
0
0
0
0
0
0
0
0
0
0
0
0
0
0
0
0
0
0
0
0
0
0
0
0
0
0
0
0
0
0
0
0
0
0
0
0
0
0
0
0
0
0
0
0
0
0
0
0
0
0
0
0
0
0
0
0
0
0
0
0
0
0
0
0
0
0
0
0
0
0
0
0
0
0
0
0
0
0
0
0
0
0
0
0
0
0
0
0
0
0
0
0
0
0
0
0
0
0
0
0
0
0
0
0
0
0
0
0
0
0
0
0
0
0
0
0
0
0
0
0
0
0
0
0
0
0
0
0
0
0
0
0
0
0
0
0
0
0
0
0
0
0
0
0
0
0
0
0
0
0
0
0
0
0
0
0
0
0
0
0
0
0
0
0
0
0
0
0
0
0
0
0
0
0
0
0
0
0
0
0
0
0
0
0
0
0
0
0
0
0
0
0
0
0
0
0
0
0
0
0
0
0
0
0
0
0
0
0
0
0
0
0
0
0
0
0
0
0
0
0
0
0
0
0
0
0
0
0
0
0
0
0
0
0
0
0
0
0
0
0
0
0
0
0
0
0
0
0
0
0
0
0
0
0
0
0
0
0
0
0
0
0
0
0
0
0
0
0
0
0
0
0
0
0
0
0
0
0
0
0
0
0
0
0
0
0
0
0
0
0
0
0
0
0
0
0
0
0
0
0
0
0
0
0
0
0
0
0
0
0
0
0
0
0
0
0
0
0
0
0
0
0
0
0
0
0
0
0
0
0
0
0
0
0
0
0
0
0
0
0
0
0
0
0
0
0
0
0
0
0
0
0
0
0
0
0
0
0
0
0
0
0
0
0
0
0
0
0
0
0
0
0
0
0
0
0
0
0
0
0
0
0
0
0
0
0
0
0
0
0
0
0
0
0
0
0
0
0
0
0
0
0
0
0
0
0
0
0
0
0
0
0
0
0
0
0
0
0
0
0
0
0
0
0
0
0
0
0
0
0
0
0
0
0
0
0
0
0
0
0
0
0
0
0
0
0
0
0
0
0
0
0
0
0
0
0
0
0
0
0
0
0
0
0
0
0
0
0
0
0
0
0
0
0
0
0
0
0
0
0
0
0
0
0
0
0
0
0
0
0
0
0
0
0
0
0
0
0
0
0
0
0
0
0
0
0
0
0
0
0
0
0
0
0
0
0
0
0
0
0
0
0
0
0
0
0
0
0
0
0
0
0
0
0
0
0
0
0
0
0
0
0
0
0
0
0
0
0
0
0
0
0
0
0
0
0
0
0
0
0
0
0
0
0
0
0
0
0
0
0
0
0
0
0
0
0
0
0
0
0
0
0
0
0
0
0
0
0
0
0
0
0
0
0
0
0
0
0
0
0
0
0
0
0
0
0
0
0
0
0
0
0
0
0
0
0
0
0
0
0
0
0
0
0
0
0
0
0
0
0
0
0
0
0
0
0
0
0
0
0
0
0
0
0
0
0
0
0
0
0
0
0
0
0
0
0
0
0
0
0
0
0
0
0
0
0
0
0
0
0
0
0
0
0
0
0
0
0
0
0
0
0
0
0
0
0
0
0
0
0
0
0
0
0
0
0
0
0
0
0
0
0
0
0
0
0
0
0
0
0
0
0
0
0
0
0
0
0
0
0
0
0
0
0
0
0
0
0
0
0
0
0
0
0
0
0
0
0
0
0
0
0
0
0
0
0
0
0
0
0
0
0
0
0
0
0
0
0
0
0
0
0
0
0
0
0
0
0
0
0
0
0
0
0
0
0
0
0
0
0
0
0
0
0
0
0
0
0
0
0
0
0
0
0
0
0
0
0
0
0
0
0
0
0
0
0
0
0
0
0
0
0
0
0
0
0
0
0
0
0
0
0
0
0
0
0
0
0
0
0
0
0
0
0
0
0
0
0
0
0
0
0
0
0
0
0
0
0
0
0
0
0
0
0
0
0
0
0
0
0
0
0
0
0
0
0
0
0
0
0
0
0
0
0
0
0
0
0
0
0
0
0
0
0
0
0
0
0
0
0
0
0
0
0
0
0
0
0
0
0
0
0
0
0
0
0
0
0
0
0
0
0
0
0
0
0
0
0
0
0
0
0
0
0
0
0
0
0
0
0
0
0
0
0
0
0
0
0
0
0
0
0
0
0
0
0
0
0
0
0
0
0
0
0
0
0
0
0
0
0
0
0
0
0
0
0
0
0
0
0
0
0
0
0
0
0
0
0
0
0
0
0
0
0
0
0
0
0
0
0
0
0
0
0
0
0
0
0
0
0
0
0
0
0
0
0
0
0
0
0
0
0
0
0
0
0
0
0
0
0
0
0
0
0
0
0
0
0
0
0
0
0
0
0
0
0
0
0
0
0
0
0
0
0
0
0
0
0
0
0
0
0
0
0
0
0
0
0
0
0
0
0
0
0
0
0
0
0
0
0
0
0
0
0
0
0
0
0
0
0
0
0
0
0
0
0
0
0
0
0
0
0
0
0
0
0
0
0
0
0
0
0
0
0
0
0
0
0
0
0
0
0
0
0
0
0
0
0
0
0
0
0
0
0
0
0
0
0
0
0
0
0
0
0
0
0
0
0
0
0
0
0
0
0
0
0
0
0
0
0
0
0
0
0
0
0
0
0
0
0
0
0
0
0
0
0
0
0
0
0
0
0
0
0
0
0
0
0
0
0
0
0
0
0
0
0
0
0
0
0
0
0
0
0
0
0
0
0
0
0
0
0
0
0
0
0
0
0
0
0
0
0
0
0
0
0
0
0
0
0
0
0
0
0
0
0
0
0
0
0
0
0
0
0
0
0
0
0
0
0
0
0
0
0
0
0
0
0
0
0
0
0
0
0
0
0
0
0
0
0
0
0
0
0
0
0
0
0
0
0
0
0
0
0
0
0
0
0
0
0
0
0
0
0
0
0
0
0
0
0
0
0
0
0
0
0
0
0
0
0
0
0
0
0
0
0
0
0
0
0
0
0
0
0
0
0
0
0
0
0
0
0
0
0
0
0
0
0
0
0
0
0
0
0
0
0
0
0
0
0
0
0
0
0
0
0
0
0
0
0
0
0
0
0
0
0
0
0
0
0
0
0
0
0
0
0
0
0
0
0
0
0
0
0
0
0
0
0
0
0
0
0
0
0
0
0
0
0
0
0
0
0
0
0
0
0
0
0
0
0
0
0
0
0
0
0
0
0
0
0
0
0
0
0
0
0
0
0
0
0
0
0
0
0
0
0
0
0
0
0
0
0
0
0
0
0
0
0
0
0
0
0
0
0
0
0
0
0
0
0
0
0
0
0
0
0
0
0
0
0
0
0
0
0
0
0
0
0
0
0
0
0
0
0
0
0
0
0
0
0
0
0
0
0
0
0
0
0
0
0
0
0
0
0
0
0
0
0
0
0
0
0
0
0
0
0
0
0
0
0
0
0
0
0
0
0
0
0
0
0
0
0
0
0
0
0
0
0
0
0
0
0
0
0
0
0
0
0
0
0
0
0
0
0
0
0
0
0
0
0
0
0
0
0
0
0
0
0
0
0
0
0
0
0
0
0
0
0
0
0
0
0
0
0
0
0
0
0
0
0
0
0
0
0
0
0
0
0
0
0
0
0
0
0
0
0
0
0
0
0
0
0
0
0
0
0
0
0
0
0
0
0
0
0
0
0
0
0
0
0
0
0
0
0
0
0
0
0
0
0
0
0
0
0
0
0
0
0
0
0
0
0
0
0
0
0
0
0
0
0
0
0
0
0
0
0
0
0
0
0
0
0
0
0
0
0
0
0
0
0
0
0
0
0
0
0
0
0
0
0
0
0
0
0
0
0
0
0
0
0
0
0
0
0
0
0
0
0
0
0
0
0
0
0
0
0
0
0
0
0
0
0
0
0
0
0
0
0
0
0
0
0
0
0
0
0
0
0
0
0
0
0
0
0
0
0
0
0
0
0
0
0
0
0
0
0
0
0
0
0
0
0
0
0
0
0
0
0
0
0
0
0
0
0
0
0
0
0
0
0
0
0
0
0
0
0
0
0
0
0
0
0
0
0
0
0
0
0
0
0
0
0
0
0
0
0
0
0
0
0
0
0
0
0
0
0
0
0
0
0
0
0
0
0
0
0
0
0
0
0
0
0
0
0
0
0
0
0
0
0
0
0
0
0
0
0
0
0
0
0
0
0
0
0
0
0
0
0
0
0
0
0
0
0
0
0
0
0
0
0
0
0
0
0
0
0
0
0
0
0
0
0
0
0
0
0
0
0
0
0
0
0
0
0
0
0
0
0
0
0
0
0
0
0
0
0
0
0
0
0
0
0
0
0
0
0
0
0
0
0
0
0
0
0
0
0
0
0
0
0
0
0
0
0
0
0
0
0
0
0
0
0
0
0
0
0
0
0
0
0
0
0
0
0
0
0
0
0
0
0
0
0
0
0
0
0
0
0
0
0
0
0
0
0
0
0
0
0
0
0
0
0
0
0
0
0
0
0
0
0
0
0
0
0
0
0
0
0
0
0
0
0
0
0
0
0
0
0
0
0
0
0
0
0
0
0
0
0
0
0
0
0
0
0
0
0
0
0
0
0
0
0
0
0
0
0
0
0
0
0
0
0
0
0
0
0
0
0
0
0
0
0
0
0
0
0
0
0
0
0
0
0
0
0
0
0
0
0
0
0
0
0
0
0
0
0
0
0
0
0
0
0
0
0
0
0
0
0
0
0
0
0
0
0
0
0
0
0
0
0
0
0
0
0
0
0
0
0
0
0
0
0
0
0
0
0
0
0
0
0
0
0
0
0
0
0
0
0
0
0
0
0
0
0
0
0
0
0
0
0
0
0
0
0
0
0
0
0
0
0
0
0
0
0
0
0
0
0
0
0
0
0
0
0
0
0
0
0
0
0
0
0
0
0
0
0
0
0
0
0
0
0
0
0
