0
0
1
0
0
0
0
1
0
1
1
0
1
0
1
0
0
0
0
0
0
2
0
1
0
1
0
2
0
0
0
0
0
0
0
0
0
0
0
2
0
0
0
0
0
0
0
0
3
1
2
1
1
0
0
0
1
0
2
2
1
0
1
0
2
1
3
1
1
2
0
1
0
2
0
0
1
3
2
2
2
3
0
1
0
1
1
3
1
0
4
0
3
1
6
1
1
4
1
1
1
3
2
2
2
2
1
1
3
1
1
1
2
5
3
3
1
3
2
1
1
4
4
3
4
7
4
5
0
7
3
1
4
3
2
3
2
7
0
3
4
5
5
4
4
2
1
6
5
3
6
2
3
2
6
6
5
5
7
9
2
3
4
5
7
2
3
3
8
6
3
5
3
4
2
8
8
5
3
9
5
11
8
4
7
13
7
7
8
7
10
11
6
9
5
6
3
12
9
7
11
7
7
9
7
8
14
7
15
8
14
3
8
6
18
12
12
14
16
8
20
7
12
9
11
9
7
9
16
15
15
17
14
20
11
20
15
9
13
16
15
19
23
19
17
17
16
12
12
7
13
13
22
19
20
21
24
19
20
17
16
14
26
21
28
22
18
17
15
23
21
26
25
37
23
30
26
22
18
15
24
25
25
17
19
14
25
18
24
16
27
30
37
28
30
30
29
22
27
27
28
36
31
40
34
29
27
37
26
28
22
43
37
34
45
33
33
37
36
33
38
29
29
41
39
35
43
48
47
36
45
53
36
46
41
48
46
40
45
55
53
47
45
47
58
54
46
52
50
58
47
57
55
49
47
49
52
53
54
44
53
69
52
56
65
56
69
62
67
53
61
46
59
75
53
56
54
66
68
60
57
76
82
67
83
69
78
65
68
89
76
77
69
83
78
95
84
79
74
81
87
81
96
71
92
76
83
80
86
90
79
86
95
85
97
105
95
88
107
94
76
87
96
110
106
98
95
99
99
100
97
118
111
110
124
117
99
108
125
111
124
114
134
112
133
125
118
114
118
141
137
132
104
118
129
141
139
124
116
136
145
133
132
138
139
134
137
146
131
152
146
137
150
137
152
184
148
144
148
157
157
164
166
170
146
152
150
178
171
167
180
157
181
176
185
168
182
170
190
193
176
173
175
180
203
185
190
198
229
206
174
198
197
182
194
194
211
184
172
205
223
186
221
185
210
198
222
230
208
204
240
252
221
235
208
210
234
250
264
197
228
228
260
269
228
248
264
254
225
241
249
277
303
239
251
251
276
256
294
291
265
287
254
272
284
304
269
285
270
262
243
286
271
318
320
291
278
305
283
321
317
302
262
332
319
352
305
323
318
310
317
356
334
335
354
354
331
341
303
346
368
352
348
366
350
351
362
377
353
379
367
336
366
364
363
382
357
424
348
359
356
379
387
392
350
389
398
451
449
399
424
443
435
417
405
430
437
426
414
433
394
481
427
447
423
420
454
443
464
420
431
433
467
453
459
506
451
477
485
484
493
459
501
476
445
463
465
428
509
472
480
493
528
521
492
491
541
508
511
523
567
572
533
521
554
513
579
530
570
539
531
529
546
572
553
537
541
570
583
582
619
589
547
588
552
613
615
612
646
615
605
655
585
630
537
623
638
606
619
637
630
644
637
637
632
659
640
707
698
677
641
684
667
650
702
715
684
683
664
723
681
670
664
694
721
690
611
619
716
728
698
711
732
674
721
724
742
729
696
754
717
703
701
760
737
724
732
742
777
736
725
787
766
730
795
778
793
811
725
747
800
773
806
833
802
796
768
789
820
779
760
801
842
816
850
698
811
824
810
864
823
807
864
865
840
834
836
892
818
848
827
823
909
854
907
937
872
887
880
904
957
875
859
941
901
886
908
873
933
927
942
989
981
910
877
886
974
928
909
931
929
979
896
936
935
983
1011
957
956
971
976
938
974
952
997
974
1027
1079
942
1067
986
1010
964
993
1035
997
993
1042
1005
1045
1003
1072
959
989
958
897
1081
1063
1076
1021
1062
1033
996
1136
1157
1018
1069
1037
1124
1061
1102
1102
1104
1099
1116
1097
1080
1168
1116
1086
1072
1091
1099
1113
1155
1115
1142
1122
1114
1127
1178
1196
1173
1165
1112
1183
1124
1156
1108
1108
1092
1188
1156
979
1157
1185
1191
1158
1208
1171
1120
1145
1215
1219
1174
1181
1262
1223
1135
1174
1157
1194
1276
1231
1222
1149
1191
1178
1202
1190
1205
1230
1220
1209
1177
1292
1271
1258
1287
1260
1245
1208
1222
1249
1280
1230
1210
1283
1237
1248
1176
1281
1257
1321
1277
1277
1322
1243
1179
1260
1272
1252
1261
1363
1346
1201
1294
1262
1339
1242
1345
1386
1328
1306
1231
1262
1306
1364
1279
1310
1343
1252
1126
1166
1352
1321
1291
1387
1252
1335
1269
1314
1305
1342
1260
1411
1258
1342
1315
1338
1313
1294
1408
1429
1310
1362
1352
1342
1285
1342
1302
1376
1382
1415
1341
1404
1319
1372
1355
1465
1355
1429
1319
1377
1325
1342
1315
1418
1446
1368
1300
1155
1378
1388
1374
1399
1409
1344
1326
1407
1445
1393
1389
1382
1453
1352
1290
1387
1371
1335
1392
1459
1324
1394
1424
1393
1401
1402
1376
1411
1423
1380
1347
1443
1423
1356
1430
1416
1394
1344
1367
1384
1449
1379
1455
1480
1391
1401
1291
1445
1374
1422
1419
1418
1415
1450
1352
1441
1423
1371
1408
1408
1394
1456
1349
1395
1385
1416
1470
1395
1393
1384
1390
1412
1412
1380
1409
1415
1451
1357
1277
1292
1382
1344
1328
1400
1384
1344
1403
1426
1449
1401
1390
1441
1445
1387
1450
1435
1486
1437
1352
1455
1396
1390
1385
1450
1322
1363
1377
1404
1475
1347
1305
1429
1423
1396
1368
1415
1340
1346
1300
1363
1342
1365
1312
1409
1462
1374
1285
1146
1338
1319
1379
1445
1394
1375
1365
1370
1398
1379
1343
1387
1482
1413
1265
1310
1354
1360
1298
1398
1426
1387
1302
1365
1329
1321
1281
1369
1346
1353
1295
1346
1341
1317
1410
1379
1335
1459
1302
1426
1365
1351
1321
1400
1309
1266
1175
1344
1318
1330
1317
1357
1285
1288
1295
1310
1339
1264
1303
1348
1313
1284
1321
1308
1328
1273
1327
1330
1293
1239
1226
1372
1344
1291
1252
1319
1282
1318
1111
1135
1307
1269
1263
1350
1266
1257
1237
1277
1321
1254
1243
1332
1252
1288
1231
1312
1276
1258
1215
1288
1205
1183
1163
1245
1253
1184
1253
1261
1272
1209
1210
1267
1190
1243
1187
1268
1229
1212
1171
1237
1236
1262
1142
1161
1216
1188
1175
1034
1199
1205
1239
1174
1206
1253
1208
1096
1200
1137
1142
1219
1150
1137
1208
1089
1214
1171
1217
1172
1129
1241
1116
1210
1154
1152
1086
1186
1169
1152
1184
1111
1093
1119
1158
1155
1105
1136
1145
1144
1096
1079
1045
1073
1137
1116
965
1083
1153
1132
1183
1107
1123
1079
1053
1067
1104
1065
1047
1125
1051
1017
1093
1014
1021
1069
1057
1096
1047
1013
1011
1057
1036
971
981
1098
1058
1051
933
920
1012
1019
1042
1014
992
1012
984
997
1076
983
985
1021
1004
968
993
1023
1047
934
952
984
1043
999
914
945
972
919
952
964
903
942
885
939
933
992
982
956
933
888
912
910
956
923
889
930
915
918
881
751
897
852
954
921
930
887
894
941
883
872
833
917
889
814
872
868
827
889
894
826
927
840
836
858
854
843
816
844
829
807
796
811
850
798
802
854
839
796
848
831
836
889
812
802
796
792
740
842
782
778
831
778
827
800
764
804
742
736
762
733
760
731
732
769
760
759
776
741
717
775
727
739
775
717
739
742
734
749
643
701
759
748
748
762
687
690
688
721
643
666
675
683
653
673
719
684
674
705
652
688
674
617
651
682
668
678
647
609
685
662
599
633
622
606
638
632
623
562
606
623
600
594
590
622
626
623
594
517
619
603
607
568
612
600
587
636
614
537
612
551
582
557
567
533
569
543
548
552
615
539
601
577
527
535
539
537
563
548
534
532
544
532
534
549
536
531
512
475
526
498
521
499
508
482
468
515
512
460
484
521
467
505
474
499
486
480
456
465
466
484
443
467
463
468
451
490
457
456
455
483
459
442
461
475
456
440
398
399
452
463
443
427
437
445
441
430
437
406
443
446
443
401
422
396
395
395
428
382
381
410
416
406
424
370
389
402
385
397
349
382
363
375
373
432
393
389
349
374
401
335
356
382
347
368
340
304
352
338
351
344
353
371
323
345
355
351
341
314
339
308
354
343
337
313
321
314
339
328
323
335
329
316
299
331
327
319
322
285
342
322
267
329
307
291
317
314
247
319
296
267
305
248
259
273
271
279
295
325
274
274
231
267
289
247
253
308
246
254
252
268
264
224
261
259
255
290
256
238
267
248
240
257
242
253
218
197
248
205
270
235
263
253
269
224
226
204
240
228
224
227
233
207
208
228
198
231
218
247
226
228
229
203
214
218
195
225
218
220
210
220
215
212
196
198
194
211
192
200
175
215
181
179
149
163
188
188
189
216
185
159
186
207
220
159
185
170
190
189
170
167
175
168
162
157
189
155
164
153
155
172
137
152
157
153
170
131
160
172
151
152
169
121
142
151
148
150
135
148
137
135
119
141
151
141
142
150
151
114
146
132
131
146
147
134
150
151
116
129
133
148
124
132
153
140
128
116
121
113
97
122
138
92
114
100
119
110
119
116
119
151
100
116
109
113
139
101
115
97
109
102
114
111
102
112
104
98
106
110
96
103
96
94
114
92
99
86
104
108
102
104
76
100
100
90
85
76
81
68
87
104
66
81
75
80
100
93
97
90
79
100
92
86
93
85
60
80
74
74
81
89
96
67
70
76
77
70
85
80
71
69
69
87
70
60
81
76
67
87
76
73
54
50
69
94
71
77
63
61
63
71
51
70
67
80
51
69
76
75
71
47
61
63
59
48
53
55
64
46
63
49
80
47
59
45
52
66
61
61
49
52
46
49
48
59
47
49
51
53
52
47
45
44
42
44
55
46
48
58
38
39
44
57
55
40
43
54
37
46
42
52
52
38
33
44
37
42
50
40
40
39
37
56
43
35
41
32
33
42
32
27
32
27
41
39
35
39
43
38
44
31
46
52
33
30
42
34
34
27
25
46
31
37
44
37
29
32
32
27
37
27
31
22
34
31
36
38
32
29
36
20
33
32
37
23
33
29
29
30
32
24
27
24
18
17
28
19
23
25
21
26
23
24
21
19
23
31
29
27
24
22
19
26
32
25
27
26
25
26
23
27
22
21
15
16
15
19
15
20
13
19
24
23
14
22
20
20
20
14
22
20
27
14
21
16
23
15
22
15
16
18
21
17
19
12
14
12
15
13
15
25
18
8
6
12
16
18
12
15
14
15
16
10
18
11
10
9
8
13
15
8
9
9
9
15
10
13
15
20
12
14
10
8
10
12
13
8
9
12
15
14
14
10
6
11
9
14
7
12
10
9
10
5
7
10
9
12
10
12
9
5
7
6
3
9
12
13
10
5
13
8
7
15
10
5
9
9
11
9
9
6
6
13
5
10
8
8
8
5
7
11
10
8
6
4
4
4
5
6
9
9
5
5
6
4
4
7
6
8
12
8
5
5
3
3
5
5
12
4
6
4
8
4
4
8
8
4
8
6
3
5
4
9
10
5
5
5
6
3
4
7
3
6
8
7
3
2
5
2
5
4
5
5
4
5
5
1
2
2
8
3
8
4
3
2
7
6
3
1
9
3
5
3
5
3
6
1
3
3
2
6
1
2
4
4
4
5
7
4
1
1
3
3
2
3
3
2
5
4
2
6
1
3
4
4
3
4
2
4
3
2
1
3
3
0
4
2
6
7
3
2
2
1
2
2
1
1
3
2
4
0
4
5
2
2
1
3
1
1
2
1
4
4
3
3
2
3
4
1
0
4
1
3
2
2
4
2
5
2
1
0
1
2
2
2
1
3
1
1
1
1
3
1
4
1
2
1
3
2
2
3
1
5
0
1
1
0
1
1
1
1
4
2
0
3
0
3
1
1
1
0
0
1
1
3
2
0
1
0
0
0
0
1
2
1
1
2
2
0
1
0
1
1
0
2
0
1
2
0
0
0
0
0
0
0
1
0
0
0
0
0
1
1
0
0
0
0
1
2
1
1
2
1
1
0
1
1
1
0
0
0
0
1
1
0
0
3
0
1
0
0
0
1
1
1
0
2
0
2
0
0
0
1
0
1
0
1
0
2
1
1
1
0
0
0
0
0
1
2
1
1
0
1
1
0
1
1
0
0
0
1
1
0
1
1
1
1
1
0
0
0
0
1
1
0
1
0
2
0
0
0
0
0
0
0
0
0
0
0
0
1
0
0
1
0
0
0
0
0
1
0
1
1
0
0
0
0
2
0
0
0
0
0
0
0
0
0
0
0
0
0
0
0
2
0
0
1
0
0
0
0
0
1
0
0
0
0
0
0
0
0
0
0
0
0
0
0
0
0
0
0
0
0
0
0
0
0
0
1
0
0
0
0
1
0
0
0
0
1
0
0
0
1
1
0
0
1
0
0
0
0
0
0
0
0
0
0
0
0
0
0
0
1
0
0
0
0
0
0
1
0
0
0
1
0
0
0
0
0
0
0
1
0
0
0
0
0
0
0
0
0
0
0
0
0
0
0
0
0
0
0
0
0
0
0
0
0
0
0
0
0
0
0
0
0
0
0
0
0
0
0
0
0
0
0
0
0
0
0
0
0
0
0
0
0
0
0
0
0
0
0
0
0
0
0
0
0
0
0
0
0
0
0
0
0
0
0
1
0
0
1
0
0
0
0
0
0
0
0
0
0
0
0
0
0
0
0
0
0
1
0
0
0
0
0
0
0
0
0
0
0
0
0
0
0
0
0
0
0
0
0
0
0
0
0
0
0
0
0
0
0
0
0
0
0
0
0
0
0
0
0
0
0
0
0
0
0
0
0
0
0
0
0
0
0
0
0
0
0
0
0
0
0
0
0
0
0
0
0
0
0
0
0
0
0
0
0
0
0
0
0
0
1
0
0
0
0
0
0
0
0
0
0
0
0
0
0
0
0
0
0
0
0
0
0
1
0
0
0
0
0
0
0
0
0
0
0
0
0
0
0
0
0
0
0
0
0
0
0
0
0
0
0
0
0
0
0
0
0
0
0
0
0
0
0
0
0
0
0
0
0
0
0
0
0
0
0
0
0
0
0
0
0
0
0
0
0
0
0
0
0
0
0
0
0
0
0
0
0
0
0
0
0
0
0
0
0
0
0
0
0
0
0
0
0
0
0
0
0
0
0
0
0
0
0
0
0
0
0
0
0
0
0
0
0
0
0
0
0
0
0
0
0
0
0
0
0
0
0
0
0
0
0
0
0
0
0
0
0
0
0
0
0
0
0
0
0
0
0
0
0
0
0
0
0
0
0
0
0
0
0
0
0
0
0
0
0
0
0
0
0
0
0
0
0
0
0
0
0
0
0
0
0
0
0
0
0
0
0
0
0
0
0
0
0
0
0
0
0
0
0
0
0
0
0
0
0
0
0
0
0
0
0
0
0
0
0
0
0
0
0
0
0
0
0
0
0
0
0
0
0
0
0
0
0
0
0
0
0
0
0
0
0
0
0
0
0
0
0
0
0
0
0
0
0
0
0
0
0
0
0
0
0
0
0
0
0
0
0
0
0
0
0
0
0
0
0
0
0
0
0
0
0
0
0
0
0
0
0
0
0
0
0
0
0
0
0
0
0
0
0
0
0
0
0
0
0
0
0
0
0
0
0
0
0
0
0
0
0
0
0
0
0
0
0
0
0
0
0
0
0
0
0
0
0
0
0
0
0
0
0
0
0
0
0
0
0
0
0
0
0
0
0
0
0
0
0
0
0
0
0
0
0
0
0
0
0
0
0
0
0
0
0
0
0
0
0
0
0
0
0
0
0
0
0
0
0
0
0
0
0
0
0
0
0
0
0
0
0
0
0
0
0
0
0
0
0
0
0
0
0
0
0
0
0
0
0
0
0
0
0
0
0
0
0
0
0
0
0
0
0
0
0
0
0
0
0
0
0
0
0
0
0
0
0
0
0
0
0
0
0
0
0
0
0
0
0
0
0
0
0
0
0
0
0
0
0
0
0
0
0
0
0
0
0
0
0
0
0
0
0
0
0
0
0
0
0
0
0
0
0
0
0
0
0
0
0
0
0
0
0
0
0
0
0
0
0
0
0
0
0
0
0
0
0
0
0
0
0
0
0
0
0
0
0
0
0
0
0
0
0
0
0
0
0
0
0
0
0
0
0
0
0
0
0
0
0
0
0
0
0
0
0
0
0
0
0
0
0
0
0
0
0
0
0
0
0
0
0
0
0
0
0
0
0
0
0
0
0
0
0
0
0
0
0
0
0
0
0
0
0
0
0
0
0
0
0
0
0
0
0
0
0
0
0
0
0
0
0
0
0
0
0
0
0
0
0
0
0
0
0
0
0
0
0
0
0
0
0
0
0
0
0
0
0
0
0
0
0
0
0
0
0
0
0
0
0
0
0
0
0
0
0
0
0
0
0
0
0
0
0
0
0
0
0
0
0
0
0
0
0
0
0
0
0
0
0
0
0
0
0
0
0
0
0
0
0
0
0
0
0
0
0
0
0
0
0
0
0
0
0
0
0
0
0
0
0
0
0
0
0
0
0
0
0
0
0
0
0
0
0
0
0
0
0
0
0
0
0
0
0
0
0
0
0
0
0
0
0
0
0
0
0
0
0
0
0
0
0
0
0
0
0
0
0
0
0
0
0
0
0
0
0
0
0
0
0
0
0
0
0
0
0
0
0
0
0
0
0
0
0
0
0
0
0
0
0
0
0
0
0
0
0
0
0
0
0
0
0
0
0
0
0
0
0
0
0
0
0
0
0
0
0
0
0
0
0
0
0
0
0
0
0
0
0
0
0
0
0
0
0
0
0
0
0
0
0
0
0
0
0
0
0
0
0
0
0
0
0
0
0
0
0
0
0
0
0
0
0
0
0
0
0
0
0
0
0
0
0
0
0
0
0
0
0
0
0
0
0
0
0
0
0
0
0
0
0
0
0
0
0
0
0
0
0
0
0
0
0
0
0
0
0
0
0
0
0
0
0
0
0
0
0
0
0
0
0
0
0
0
0
0
0
0
0
0
0
0
0
0
0
0
0
0
0
0
0
0
0
0
0
0
0
0
0
0
0
0
0
0
0
0
0
0
0
0
0
0
0
0
0
0
0
0
0
0
0
0
0
0
0
0
0
0
0
0
0
0
0
0
0
0
0
0
0
0
0
0
0
0
0
0
0
0
0
0
0
0
0
0
0
0
0
0
0
0
0
0
0
0
0
0
0
0
0
0
0
0
0
0
0
0
0
0
0
0
0
0
0
0
0
0
0
0
0
0
0
0
0
0
0
0
0
0
0
0
0
0
0
0
0
0
0
0
0
0
0
0
0
0
0
0
0
0
0
0
0
0
0
0
0
0
0
0
0
0
0
0
0
0
0
0
0
0
0
0
0
0
0
0
0
0
0
0
0
0
0
0
0
0
0
0
0
0
0
0
0
0
0
0
0
0
0
0
0
0
0
0
0
0
0
0
0
0
0
0
0
0
0
0
0
0
0
0
0
0
0
0
0
0
0
0
0
0
0
0
0
0
0
0
0
0
0
0
0
0
0
0
0
0
0
0
0
0
0
0
0
0
0
0
0
0
0
0
0
0
0
0
0
0
0
0
0
0
0
0
0
0
0
0
0
0
0
0
0
0
0
0
0
0
0
0
0
0
0
0
0
0
0
0
0
0
0
0
0
0
0
0
0
0
0
0
0
0
0
0
0
0
0
0
0
0
0
0
0
0
0
0
0
0
0
0
0
0
0
0
0
0
0
0
0
0
0
0
0
0
0
0
0
0
0
0
0
0
0
0
0
0
0
0
0
0
0
0
0
0
0
0
0
0
0
0
0
0
0
0
0
0
0
0
0
0
0
0
0
0
0
0
0
0
0
0
0
0
0
0
0
0
0
0
0
0
0
0
0
0
0
0
0
0
0
0
0
0
0
0
0
0
0
0
0
0
0
0
0
0
0
0
0
0
0
0
0
0
0
0
0
0
0
0
0
0
0
0
0
0
0
0
0
0
0
0
0
0
0
0
0
0
0
0
0
0
0
0
0
0
0
0
0
0
0
0
0
0
0
0
0
0
0
0
0
0
0
0
0
0
0
0
0
0
0
0
0
0
0
0
0
0
0
0
0
0
0
0
0
0
0
0
0
0
0
0
0
0
0
0
0
0
0
0
0
0
0
0
0
0
0
0
0
0
0
0
0
0
0
0
0
0
0
0
0
0
0
0
0
0
0
0
0
0
0
0
0
0
0
0
0
0
0
0
0
0
0
0
0
0
0
0
0
0
0
0
0
0
0
0
0
0
0
0
0
0
0
0
0
0
0
0
0
0
0
0
0
0
0
0
0
0
0
0
0
0
0
0
0
0
0
0
0
0
0
0
0
0
0
0
0
0
0
0
0
0
0
0
0
0
0
0
0
0
0
0
0
0
0
0
0
0
0
0
0
0
0
0
0
0
0
0
0
0
0
0
0
0
0
0
0
0
0
0
0
0
0
0
0
0
0
0
0
0
0
0
0
0
0
0
0
0
0
0
0
0
0
0
0
0
0
0
0
0
0
0
0
0
0
0
0
0
0
0
0
0
0
0
0
0
0
0
0
0
0
0
0
0
0
0
0
0
0
0
0
0
0
0
0
0
0
0
0
0
0
0
0
0
0
0
0
0
0
0
0
0
0
0
0
0
0
0
0
0
0
0
0
0
0
0
0
0
0
0
0
0
0
0
0
0
0
0
0
0
0
0
0
0
0
0
0
0
0
0
0
0
0
0
0
0
0
0
0
0
0
0
0
0
0
0
0
0
0
0
0
0
0
0
0
0
0
0
0
0
0
0
0
0
0
0
0
0
0
0
0
0
0
0
0
0
0
0
0
0
0
0
0
0
0
0
0
0
0
0
0
0
0
0
0
0
0
0
0
0
0
0
0
0
0
0
0
0
0
0
0
0
0
0
0
0
0
0
0
0
0
0
0
0
0
0
0
0
0
0
0
0
0
0
0
0
0
0
0
0
0
0
0
0
0
0
0
0
0
0
0
0
0
0
0
0
0
0
0
0
0
0
0
0
0
0
0
0
0
0
0
0
0
0
0
0
0
0
0
0
0
0
0
0
0
0
0
0
0
0
0
0
0
0
0
0
0
0
0
0
0
0
0
0
0
0
0
0
0
0
0
0
0
0
0
0
0
0
0
0
0
0
0
0
0
0
0
0
0
0
0
0
0
0
0
0
0
0
0
0
0
0
0
0
0
0
0
0
0
0
0
0
0
0
0
0
0
0
0
0
0
0
0
0
0
0
0
0
0
0
0
0
0
0
0
0
0
0
0
0
0
0
0
0
0
0
0
0
0
0
0
0
0
0
0
0
0
0
0
0
0
0
0
0
0
0
0
0
0
0
0
0
0
0
0
0
0
0
0
0
0
0
0
0
0
0
0
0
0
0
0
0
0
0
0
0
0
0
0
0
0
0
0
0
0
0
0
0
0
0
0
0
0
0
0
0
0
0
0
0
0
0
0
0
0
0
0
0
0
0
0
0
0
0
0
0
0
0
0
0
0
0
0
0
0
0
0
0
0
0
0
0
0
0
0
0
0
0
0
0
0
0
0
0
0
0
0
0
0
0
0
0
0
0
0
0
0
0
0
0
0
0
0
0
0
0
0
0
0
0
0
0
0
0
0
0
0
0
0
0
0
0
0
0
0
0
0
0
0
0
0
0
0
0
0
0
0
0
0
0
0
0
0
0
0
0
0
0
0
0
0
0
0
0
0
0
0
0
0
0
0
0
0
0
0
0
0
0
0
0
0
0
0
0
0
0
0
0
0
0
0
0
0
0
0
0
0
0
0
0
0
0
0
0
0
0
0
0
0
0
0
0
0
0
0
0
0
0
0
0
0
0
0
0
0
0
0
0
0
0
0
0
0
0
0
0
0
0
0
0
0
0
0
0
0
0
0
0
0
0
0
0
0
0
0
0
0
0
0
0
0
0
0
0
0
0
0
0
0
0
0
0
0
0
0
0
0
0
0
0
0
0
0
0
0
0
0
0
0
0
0
0
0
0
0
0
0
0
0
0
0
0
0
0
0
0
0
0
0
0
0
0
0
0
0
0
0
0
0
0
0
0
0
0
0
0
0
0
0
0
0
0
0
0
0
0
0
0
0
0
0
0
0
0
0
0
0
0
0
0
0
0
0
0
0
0
0
0
0
0
0
0
0
0
0
0
0
0
0
0
0
0
0
0
0
0
0
0
0
0
0
0
0
0
0
0
0
0
0
0
0
0
0
0
0
0
0
0
0
0
0
0
0
0
0
0
0
0
0
0
0
0
0
0
0
0
0
0
0
0
0
0
0
0
0
0
0
0
0
0
0
0
0
0
0
0
0
0
0
0
0
0
0
0
0
0
0
0
0
0
0
0
0
0
0
0
0
0
0
0
0
0
0
0
0
0
0
0
0
0
0
0
0
0
0
0
0
0
0
0
0
0
0
0
0
0
0
0
0
0
0
0
0
0
0
0
0
0
0
0
0
0
0
0
0
0
0
0
0
0
0
0
0
0
0
0
0
0
0
0
0
0
0
0
0
0
0
0
0
0
0
0
0
0
0
0
0
0
0
0
0
0
0
0
0
0
0
0
0
0
0
0
0
0
0
0
0
0
0
0
0
0
0
0
0
0
0
0
0
0
0
0
0
0
0
0
0
0
0
0
0
0
0
0
0
0
0
0
0
0
0
0
0
0
0
0
0
0
0
0
0
0
0
0
0
0
0
0
0
0
0
0
0
0
0
0
0
0
0
0
0
0
0
0
0
0
0
0
0
0
0
0
0
0
0
0
0
0
0
0
0
0
0
0
0
0
0
0
0
0
0
0
0
0
0
0
0
0
0
0
0
0
0
0
0
0
0
0
0
0
0
0
0
0
0
0
0
0
0
0
0
0
0
0
0
0
0
0
0
0
0
0
0
0
0
0
0
0
0
0
0
0
0
0
0
0
0
0
0
0
0
0
0
0
0
0
0
0
0
0
0
0
0
0
0
0
0
0
0
0
0
0
0
0
0
0
0
0
0
0
0
0
0
0
0
0
0
0
0
0
0
0
0
0
0
0
0
0
0
0
0
0
0
0
0
0
0
0
0
0
0
0
0
0
0
0
0
0
0
0
0
0
0
0
0
0
0
0
0
0
0
0
0
0
0
0
0
0
0
0
0
0
0
0
0
0
0
0
0
0
0
0
0
0
0
0
0
0
0
0
0
0
0
0
0
0
0
0
0
0
0
0
0
0
0
0
0
0
0
0
0
0
0
0
0
0
0
0
0
0
0
0
0
0
0
0
0
0
0
0
0
0
0
0
0
0
0
0
0
0
0
0
0
0
0
0
0
0
0
0
0
0
0
0
0
0
0
0
0
0
0
0
0
0
0
0
0
0
0
0
0
0
0
0
0
0
0
0
0
0
0
0
0
0
0
0
0
0
0
0
0
0
0
0
0
0
0
0
0
0
0
0
0
0
0
0
0
0
0
0
0
0
0
0
0
0
0
0
0
0
0
0
0
0
0
0
0
0
0
0
0
0
0
0
0
0
0
0
0
0
0
0
0
0
0
0
0
0
0
0
0
0
0
0
0
0
0
0
0
0
0
0
0
0
0
0
0
0
0
0
0
0
0
0
0
0
0
0
0
0
0
0
0
0
0
0
0
0
0
0
0
0
0
0
0
0
0
0
0
0
0
0
0
0
0
0
0
0
0
0
0
0
0
0
0
0
0
0
0
0
0
0
0
0
0
0
0
0
0
0
0
0
0
0
0
0
0
0
0
0
0
0
0
0
0
0
0
0
0
0
0
0
0
0
0
0
0
0
0
0
0
0
0
0
0
0
0
0
0
0
0
0
0
0
0
0
0
0
0
0
0
0
0
0
0
0
0
0
0
0
0
0
0
0
0
0
0
0
0
0
0
0
0
0
0
0
0
0
0
0
0
0
0
0
0
0
0
0
0
0
0
0
0
0
0
0
0
0
0
0
0
0
0
0
0
0
0
0
0
0
0
0
0
0
0
0
0
0
0
0
0
0
0
0
0
0
0
0
0
0
0
0
0
0
0
0
0
0
0
0
0
0
0
0
0
0
0
0
0
0
0
0
0
0
0
0
0
0
0
0
0
0
0
0
0
0
0
0
0
0
0
0
0
0
0
0
0
0
0
0
0
0
0
0
0
0
0
0
0
0
0
0
0
0
0
0
0
0
0
0
0
0
0
0
0
0
0
0
0
0
0
0
0
0
0
0
0
0
0
0
0
0
0
0
0
0
0
0
0
0
0
0
0
0
0
0
0
0
0
0
0
0
0
0
0
0
0
0
0
0
0
0
0
0
0
0
0
0
0
0
0
0
0
0
0
0
0
0
0
0
0
0
0
0
0
0
0
0
0
0
0
0
0
0
0
0
0
0
0
0
0
0
0
0
0
0
0
0
0
0
0
0
0
0
0
0
0
0
0
0
0
0
0
0
0
0
0
0
0
0
0
0
0
0
0
0
0
0
0
0
0
0
0
0
0
0
0
0
0
0
0
0
0
0
0
0
0
0
0
0
0
0
0
0
0
0
0
0
0
0
0
0
0
0
0
0
0
0
0
0
0
0
0
0
0
0
0
0
0
0
0
0
0
0
0
0
0
0
0
0
0
0
0
0
0
0
0
0
0
0
0
0
0
0
0
0
0
0
0
0
0
0
0
0
0
0
0
0
0
0
0
0
0
0
0
0
0
0
0
0
0
0
0
0
0
0
0
0
0
0
0
0
0
0
0
0
0
0
0
0
0
0
0
0
0
0
0
0
0
0
0
0
0
0
0
0
0
0
0
0
0
0
0
0
0
0
0
0
0
0
0
0
0
0
0
0
0
0
0
0
0
0
0
0
0
0
0
0
0
0
0
0
0
0
0
0
0
0
0
0
0
0
0
0
0
0
0
0
0
0
0
0
0
0
0
0
0
0
0
0
0
0
0
0
0
0
0
0
0
0
0
0
0
0
0
0
0
0
0
0
0
0
0
0
0
0
0
0
0
0
0
0
0
0
0
0
0
0
0
0
0
0
0
0
0
0
0
0
0
0
0
0
0
0
0
0
0
0
0
0
0
0
0
0
0
0
0
0
0
0
0
0
0
0
0
0
0
0
0
0
0
0
0
0
0
0
0
0
0
0
0
0
0
0
0
0
0
0
0
0
0
0
0
0
0
0
0
0
0
0
0
0
0
0
0
0
0
0
0
0
0
0
0
0
0
0
0
0
0
0
0
0
0
0
0
0
0
0
0
0
0
0
0
0
0
0
0
0
0
0
0
0
0
0
0
0
0
0
0
0
0
0
0
0
0
0
0
0
0
0
0
0
0
0
0
0
0
0
0
0
0
0
0
0
0
0
0
0
0
0
0
0
0
0
0
0
0
0
0
0
0
0
0
0
0
0
0
0
0
0
0
0
0
0
0
0
0
0
0
0
0
0
0
0
0
0
0
0
0
0
0
0
0
0
0
0
0
0
0
0
0
0
0
0
0
0
0
0
0
0
0
0
0
0
0
0
0
0
0
0
0
0
0
0
0
0
0
0
0
0
0
0
0
0
0
0
0
0
0
0
0
0
0
0
0
0
0
0
0
0
0
0
0
0
0
0
0
0
0
0
0
0
0
0
0
0
0
0
0
0
0
0
0
0
0
0
0
0
0
0
0
0
0
0
0
0
0
0
0
0
0
0
0
0
0
0
0
0
0
0
0
0
0
0
0
0
0
0
0
0
0
0
0
0
0
0
0
0
0
0
0
0
0
0
0
0
0
0
0
0
0
0
0
0
0
0
0
0
0
0
0
0
0
0
0
0
0
0
0
0
0
0
0
0
0
0
0
0
0
0
0
0
0
0
0
0
0
0
0
0
0
0
0
0
0
0
0
0
0
0
0
0
0
0
0
0
0
0
0
0
0
0
0
0
0
0
0
0
0
0
0
0
0
0
0
0
0
0
0
0
0
0
0
0
0
0
0
0
0
0
0
0
0
0
0
0
0
0
0
0
0
0
0
0
0
0
0
0
0
0
0
0
0
0
0
0
0
0
0
0
0
0
0
0
0
0
0
0
0
0
0
0
0
0
0
0
0
0
0
0
0
0
0
0
0
0
0
0
0
0
0
0
0
0
0
0
0
0
0
0
0
0
0
0
0
0
0
0
0
0
0
0
0
0
0
0
0
0
0
0
0
0
0
0
0
0
0
0
0
0
0
0
0
0
0
0
0
0
0
0
0
0
0
0
0
0
0
0
0
0
0
0
0
0
0
0
0
0
0
0
0
0
0
0
0
0
0
0
0
0
0
0
0
0
0
0
0
0
0
0
0
0
0
0
0
0
0
0
0
0
0
0
0
0
0
0
0
0
0
0
0
0
0
0
0
0
0
0
0
0
0
0
0
0
0
0
0
0
0
0
0
0
0
0
0
0
0
0
0
0
0
0
0
0
0
0
0
0
0
0
0
0
0
0
0
0
0
0
0
0
0
0
0
0
0
0
0
0
0
0
0
0
0
0
0
0
0
0
0
0
0
0
0
0
0
0
0
0
0
0
0
0
0
0
0
0
0
0
0
0
0
0
0
0
0
0
0
0
0
0
0
0
0
0
0
0
0
0
0
0
0
0
0
0
0
0
0
0
0
0
0
0
0
0
0
0
0
0
0
0
0
0
0
0
0
0
0
0
0
0
0
0
0
0
0
0
0
0
0
0
0
0
0
0
0
0
0
0
0
0
0
0
0
0
0
0
0
0
0
0
0
0
0
0
0
0
0
0
0
0
0
0
0
0
0
0
0
0
0
0
0
0
0
0
0
0
0
0
0
0
0
0
0
0
0
0
0
0
0
0
0
0
0
0
0
0
0
0
0
0
0
0
0
0
0
0
0
0
0
0
0
0
0
0
0
0
0
0
0
0
0
0
0
0
0
0
0
0
0
0
0
0
0
0
0
0
0
0
0
0
0
0
0
0
0
0
0
0
0
0
0
0
0
0
0
0
0
0
0
0
0
0
0
0
0
0
0
0
0
0
0
0
0
0
0
0
0
0
0
0
0
0
0
0
0
0
0
0
0
0
0
0
0
0
0
0
0
0
0
0
0
0
0
0
0
0
0
0
0
0
0
0
0
0
0
0
0
0
0
0
0
0
0
0
0
0
0
0
0
0
0
0
0
0
0
0
0
0
0
0
0
0
0
0
0
0
0
0
0
0
0
0
0
0
0
0
0
0
0
0
0
0
0
0
0
0
0
0
0
0
0
0
0
0
0
0
0
0
0
0
0
0
0
0
0
0
0
0
0
0
0
0
0
0
0
0
0
0
0
0
0
0
0
0
0
0
0
0
0
0
0
0
0
0
0
0
0
0
0
0
0
0
0
0
0
0
0
0
0
0
0
0
0
0
0
0
0
0
0
0
0
0
0
0
0
0
0
0
0
0
0
0
0
0
0
0
0
0
0
0
0
0
0
0
0
0
0
0
0
0
0
0
0
0
0
0
0
0
0
0
0
0
0
0
0
0
0
0
0
0
0
0
0
0
0
0
0
0
0
0
0
0
0
0
0
0
0
0
0
0
0
0
0
0
0
0
0
0
0
0
0
0
0
0
0
0
0
0
0
0
0
0
0
0
0
0
0
0
0
0
0
0
0
0
0
0
0
0
0
0
0
0
0
0
0
0
0
0
0
0
0
0
0
0
0
0
0
0
0
0
0
0
0
0
0
0
0
0
0
0
0
0
0
0
0
0
0
0
0
0
0
0
0
0
0
0
0
0
0
0
0
0
0
0
0
0
0
0
0
0
0
0
0
0
0
0
0
0
0
0
0
0
0
0
0
0
0
0
0
0
0
0
0
0
0
0
0
0
0
0
0
0
0
0
0
0
0
0
0
0
0
0
0
0
0
0
0
0
0
0
0
0
0
0
0
0
0
0
0
0
0
0
0
0
0
0
0
0
0
0
0
0
0
0
0
0
0
0
0
0
0
0
0
0
0
0
0
0
0
0
0
0
0
0
0
0
0
0
0
0
0
0
0
0
0
0
0
0
0
0
0
0
0
0
0
0
0
0
0
0
0
0
0
0
0
0
0
0
0
0
0
0
0
0
0
0
0
0
0
0
0
0
0
0
0
0
0
0
0
0
0
0
0
0
0
0
0
0
0
0
0
0
0
0
0
0
0
0
0
0
0
0
0
0
0
0
0
0
0
0
0
0
0
0
0
0
0
0
0
0
0
0
0
0
0
0
0
0
0
0
0
0
0
0
0
0
0
0
0
0
0
0
0
0
0
0
0
0
0
0
0
0
0
0
0
0
0
0
0
0
0
0
0
0
0
0
0
0
0
0
0
0
0
0
0
0
0
0
0
0
0
0
0
0
0
0
0
0
0
0
0
0
0
0
0
0
0
0
0
0
0
0
0
0
0
0
0
0
0
0
0
0
0
0
0
0
0
0
0
0
0
0
0
0
0
0
0
0
0
0
0
0
0
0
0
0
0
0
0
0
0
0
0
0
0
0
0
0
0
0
0
0
0
0
0
0
0
0
0
0
0
0
0
0
0
0
0
0
0
0
0
0
0
0
0
0
0
0
0
0
0
0
0
0
0
0
0
0
0
0
0
0
0
0
0
0
0
0
0
0
0
0
0
0
0
0
0
0
0
0
0
0
0
0
0
0
0
0
0
0
0
0
0
0
0
0
0
0
0
0
0
0
0
0
0
0
0
0
0
0
0
0
0
0
0
0
0
