0
0
0
1
0
0
1
0
1
2
1
0
1
0
0
0
1
0
1
1
0
0
0
1
0
0
1
0
0
1
0
1
0
0
0
1
3
0
0
2
0
0
1
1
0
2
2
0
2
1
2
0
1
0
0
1
1
3
0
0
0
1
2
0
3
0
1
0
1
2
3
3
1
2
2
0
1
2
1
2
3
0
2
1
0
2
3
1
2
1
2
2
5
1
0
3
1
4
2
0
1
0
1
4
2
4
2
3
0
2
1
5
1
2
3
3
4
1
1
2
1
3
4
2
3
4
1
1
1
3
5
6
5
1
2
2
3
3
2
3
2
6
1
4
3
4
3
3
1
3
3
5
3
6
4
4
2
3
2
5
5
1
8
1
2
6
4
3
6
1
8
3
2
2
2
4
3
3
2
2
6
4
6
11
1
13
4
7
5
5
4
4
6
9
5
5
4
3
4
5
5
4
2
6
5
7
9
6
10
3
6
5
4
9
6
5
6
3
7
7
10
7
4
6
9
8
7
17
10
5
8
10
4
9
6
10
5
7
5
8
9
17
6
7
9
4
8
7
8
7
9
8
9
6
6
5
9
12
11
11
4
5
10
9
8
16
8
6
11
7
9
16
7
16
8
15
13
13
14
11
6
11
8
7
16
21
12
15
12
13
20
12
9
12
8
16
11
9
9
11
12
13
16
15
12
13
18
13
12
15
13
15
7
13
13
16
10
15
16
14
19
16
25
15
24
23
7
12
13
16
21
19
16
21
13
11
19
12
20
17
24
19
15
11
20
19
16
18
19
31
16
26
26
12
13
24
30
9
23
26
20
19
29
14
29
21
26
18
21
19
14
20
25
25
27
25
28
23
17
27
22
23
24
24
32
25
22
28
21
26
23
33
30
15
25
22
35
28
19
28
32
31
29
42
26
30
32
33
28
40
27
20
36
32
35
26
24
23
34
26
28
30
43
37
23
30
35
35
35
36
38
40
27
39
27
32
32
38
32
27
37
46
30
49
34
49
33
38
39
45
40
52
43
42
40
52
43
53
34
39
49
42
45
61
50
44
38
36
49
44
44
49
49
56
54
47
47
55
55
60
42
57
58
42
57
60
61
52
54
44
44
50
51
51
57
68
65
60
51
50
59
57
44
58
49
65
75
59
62
64
68
63
64
61
54
60
44
53
73
61
63
73
83
61
73
64
77
86
71
70
56
73
68
64
73
71
82
74
71
62
81
69
61
87
87
80
70
87
72
93
73
88
77
85
71
72
84
79
70
78
91
93
88
74
102
86
86
98
90
76
101
73
113
91
100
86
98
94
98
95
97
95
89
106
96
93
82
105
86
86
103
105
78
96
99
94
117
99
112
95
116
98
100
97
115
102
95
92
82
107
98
129
100
94
118
104
119
111
122
94
105
105
124
128
115
108
125
127
134
126
116
113
107
122
100
140
145
121
130
122
122
143
138
134
124
142
133
143
145
132
120
138
107
116
152
158
142
149
133
137
147
134
134
126
158
153
157
124
134
152
154
154
132
138
163
148
151
154
167
151
168
146
167
168
150
169
166
157
150
165
154
176
179
171
175
190
205
170
152
162
181
193
180
184
172
188
229
165
163
209
175
188
196
201
176
171
179
201
188
198
187
221
203
199
189
188
190
195
167
230
218
190
231
201
195
206
191
211
201
217
243
197
203
199
200
208
197
195
203
223
234
239
227
222
213
226
242
224
231
234
263
233
223
261
226
222
258
240
236
218
235
250
247
234
254
266
235
222
228
265
242
265
253
264
276
266
262
286
230
277
277
255
265
266
273
203
274
277
260
277
294
298
304
271
258
305
261
288
258
286
284
276
269
277
305
305
310
283
303
304
316
300
292
299
312
328
304
293
289
291
300
337
329
307
303
350
282
287
326
304
283
323
313
335
319
312
325
321
356
335
327
361
344
361
357
351
339
369
334
345
366
334
349
378
344
357
350
357
347
354
372
373
337
384
307
307
359
376
382
394
393
381
389
389
372
395
353
384
387
410
409
402
393
391
393
390
424
408
376
359
410
380
401
393
379
412
399
399
411
399
409
456
416
409
410
424
452
460
423
411
394
417
430
374
385
422
386
453
458
426
433
454
455
448
430
436
457
418
434
408
449
460
445
488
465
449
435
450
425
439
462
476
444
441
473
451
465
429
466
466
497
465
460
478
523
462
484
463
471
496
459
498
499
545
497
512
541
477
515
532
468
490
491
526
488
513
507
520
554
491
547
541
486
539
540
520
541
513
510
490
569
531
479
501
522
525
566
581
546
570
545
550
525
585
528
536
551
560
577
548
573
603
592
655
581
568
572
580
579
570
564
571
605
599
580
611
593
568
561
648
601
593
570
618
582
608
627
592
607
636
606
493
647
622
608
596
665
642
627
618
660
628
646
638
672
656
614
595
634
644
658
606
639
612
688
671
712
664
646
672
678
665
708
668
632
673
656
721
664
652
649
661
678
652
711
722
764
680
640
702
716
722
714
729
737
736
667
674
681
668
698
730
700
747
693
733
711
698
690
816
664
687
743
734
755
745
745
717
731
688
662
670
728
679
709
713
750
712
738
768
755
728
769
752
708
835
720
782
752
789
772
771
800
759
737
808
801
724
787
783
825
780
806
756
722
730
788
817
774
788
790
812
776
762
807
768
802
757
791
676
783
779
784
813
830
784
801
837
831
788
801
841
826
793
772
801
803
875
856
836
834
789
841
851
819
807
751
847
835
829
794
867
821
873
837
906
842
882
835
884
895
874
862
849
856
842
795
883
918
821
824
882
914
884
808
902
895
925
840
878
924
872
868
922
898
853
921
922
891
876
922
849
906
877
829
948
902
930
751
808
908
949
894
981
916
863
917
886
907
843
858
888
932
875
894
952
897
904
904
952
927
925
954
1001
954
923
923
927
949
957
845
875
949
879
947
958
962
899
886
985
968
935
914
937
929
934
902
770
928
974
954
988
947
958
974
972
943
1039
973
980
1005
967
874
905
976
954
960
933
964
978
1000
1026
957
928
996
1075
956
1029
930
963
968
1065
981
1029
1010
960
990
1025
992
975
1042
981
1029
974
966
1007
943
963
1052
1066
1001
1009
994
987
985
962
978
1014
1030
1019
992
1000
957
967
1009
1066
1018
937
1023
1059
1018
1030
933
990
1001
991
924
972
1016
1018
1048
1007
985
980
1030
1026
1064
1012
1025
992
1083
1029
999
1061
1047
947
966
1028
1006
972
1028
1104
1014
969
1030
1049
1042
1010
966
1008
999
1056
1024
1063
951
1020
1003
1101
1001
1044
1019
1060
1025
1072
1030
829
1004
1045
1001
1020
1041
1009
1036
1029
1039
1091
1057
1063
1044
1039
1001
1026
1042
1035
1058
1035
1095
1054
1012
1105
1074
1058
1034
1104
1032
1006
1039
1060
1018
1046
1029
1050
1032
1002
1024
1065
1049
1043
1047
1092
1029
976
953
995
1063
1057
1041
1127
1013
1031
1040
1016
1005
1025
1025
1067
1049
1029
1016
1086
1083
1007
1055
1109
1027
1079
1021
1099
1078
1052
1040
1067
1104
1028
963
970
1067
1016
993
1112
1041
1086
979
1060
1008
1014
1052
1043
1043
1003
1037
1083
1071
1034
971
1057
1012
1061
1037
1103
1048
1021
1033
1044
1092
1050
995
1023
1096
1007
1077
1088
1066
1056
1043
1062
1040
1087
1100
1045
1037
1030
1014
869
1018
976
969
1052
1002
1035
993
1068
998
1076
1007
1037
1020
971
975
981
1103
1046
992
1002
1045
1027
1022
1009
1008
1011
1046
1015
984
1017
983
1021
1017
943
995
1058
951
1003
1003
1002
1032
981
1010
1022
1021
1034
915
1012
965
1021
1010
1063
990
1019
1003
1036
950
998
1036
985
1020
980
996
1043
997
979
988
1083
987
940
964
1031
1015
1009
986
1010
1033
984
870
848
940
976
981
1017
982
960
990
1046
906
968
933
1011
961
971
999
1023
1019
922
979
1051
985
987
979
954
956
925
981
926
923
944
932
920
941
932
980
948
942
973
945
996
914
913
964
999
982
994
942
816
963
961
968
1025
894
908
943
927
963
935
919
948
933
928
913
937
891
944
907
898
946
922
913
1000
935
980
900
907
845
889
936
950
927
895
879
966
890
872
931
897
921
847
945
927
918
897
825
878
913
832
870
901
894
949
915
933
898
846
812
907
934
829
819
871
882
943
901
964
909
861
895
863
878
861
854
874
863
864
758
743
879
800
862
910
905
841
877
869
826
891
843
894
891
826
811
842
828
842
875
877
853
862
783
814
878
863
791
843
839
796
804
778
814
795
833
856
811
794
808
841
847
785
805
846
815
802
784
590
857
809
792
813
829
811
757
787
823
780
801
776
764
760
776
766
765
778
806
792
788
794
762
794
765
778
732
762
798
746
781
802
750
784
808
750
811
750
740
735
795
762
737
757
760
708
641
748
739
793
688
747
657
738
737
774
746
730
707
741
711
741
698
747
694
703
753
769
737
713
691
708
694
698
684
751
650
690
626
638
712
689
714
737
668
703
706
698
652
682
653
693
691
680
616
694
665
678
685
765
688
676
667
678
664
641
658
647
651
622
638
637
632
686
647
697
671
640
690
653
607
605
650
632
597
664
638
549
593
646
627
618
592
608
592
640
609
631
625
621
644
564
554
556
601
606
576
613
599
618
591
607
584
603
564
576
624
627
600
599
600
585
591
612
560
544
543
603
549
615
560
623
580
585
555
559
610
620
544
587
556
556
578
545
528
533
524
567
591
530
530
558
520
524
541
563
584
505
525
548
563
561
542
549
522
549
446
484
512
493
527
582
488
483
510
494
513
477
531
512
465
523
480
488
513
496
524
451
505
461
485
482
512
517
479
541
497
496
472
484
469
523
452
464
482
506
471
491
417
454
475
519
501
478
432
414
485
430
491
479
456
457
441
481
438
465
415
433
457
443
440
403
414
415
429
406
449
396
423
465
425
409
416
449
481
432
411
430
406
427
429
406
372
411
404
432
420
448
438
425
428
425
402
415
448
369
406
392
396
399
367
420
416
394
394
377
373
406
407
391
363
381
347
378
379
381
342
413
361
356
376
385
357
382
351
352
319
380
336
389
356
343
356
359
377
341
362
335
333
348
330
348
343
318
348
317
329
328
358
335
324
334
342
348
348
360
328
344
341
316
330
339
321
347
349
354
313
350
330
341
302
328
327
283
305
289
318
298
339
316
305
316
329
323
277
292
302
293
284
286
301
285
295
313
262
280
289
252
307
289
269
283
281
259
274
282
259
277
294
269
299
278
271
268
274
274
263
274
262
264
218
266
246
287
234
254
281
276
257
255
276
255
249
270
294
255
234
219
216
229
233
257
267
254
258
264
278
243
243
231
244
260
223
202
223
238
210
218
240
237
230
251
229
228
226
220
224
239
223
212
222
208
230
247
224
211
201
220
232
217
224
227
206
189
213
216
216
200
208
188
205
217
191
215
202
184
196
199
199
203
199
159
191
209
206
185
185
170
201
201
191
214
193
179
191
188
204
176
170
188
201
192
200
161
191
176
198
165
178
164
167
163
169
175
174
195
170
172
176
177
158
169
172
168
163
157
158
172
153
148
132
166
154
166
164
162
152
177
151
179
160
166
164
163
145
151
145
123
143
133
128
157
165
151
153
140
138
146
152
148
127
147
143
150
140
155
152
136
136
136
126
152
157
150
141
115
136
143
132
130
137
141
129
132
122
147
119
124
125
163
117
128
133
112
111
106
100
141
130
126
112
137
123
127
117
118
117
130
100
89
114
131
129
119
108
135
123
99
109
116
119
128
96
137
103
95
118
107
106
120
120
110
112
108
94
100
119
119
113
104
101
110
97
84
103
105
104
107
87
92
91
91
93
92
83
110
79
87
107
78
90
98
96
95
82
95
101
90
86
95
86
91
96
82
93
98
80
83
102
92
84
86
92
82
82
94
84
73
88
70
85
75
75
78
68
95
87
87
90
85
64
78
75
86
79
69
68
71
84
89
83
72
73
65
65
69
64
83
70
71
74
65
62
57
75
72
76
87
64
76
72
58
64
76
66
55
69
51
77
70
79
58
61
75
60
65
77
55
55
61
61
65
57
59
76
60
70
51
60
59
57
57
68
50
49
60
53
45
67
73
50
63
48
53
53
46
55
56
56
67
49
56
53
45
37
45
53
51
47
54
55
54
40
49
57
45
45
52
55
46
47
49
48
51
51
43
42
51
38
39
37
39
46
47
54
41
37
37
37
49
66
46
49
42
48
58
37
39
45
41
31
43
41
56
36
47
39
32
36
32
42
48
40
39
51
40
34
30
39
26
40
51
30
42
33
36
28
26
37
29
39
28
36
37
34
33
36
42
25
38
34
33
53
27
35
36
35
36
23
31
37
31
30
26
15
24
35
38
24
36
23
31
38
31
34
33
30
30
33
28
34
27
27
26
22
38
39
32
28
28
23
17
33
22
26
32
23
25
19
25
27
27
24
26
18
30
25
16
33
25
28
24
19
22
20
28
21
28
21
30
28
15
19
27
20
22
25
28
23
22
25
16
18
21
27
13
23
32
13
15
18
18
21
23
17
23
20
18
21
20
20
23
14
17
15
16
15
14
16
22
18
21
15
22
28
19
12
19
17
26
17
14
10
16
14
13
18
21
16
18
10
14
19
16
13
22
17
15
10
15
21
20
13
19
19
16
12
19
18
20
21
11
18
16
14
11
16
14
20
10
14
12
12
10
13
12
16
10
9
8
17
16
16
12
8
13
15
13
15
9
10
12
10
10
13
8
15
12
15
10
10
14
14
14
12
12
9
14
14
10
8
13
15
13
12
9
14
10
6
10
17
10
7
11
10
10
11
15
9
9
9
9
13
17
7
7
7
9
11
9
8
12
10
9
11
11
8
5
10
8
13
10
8
14
12
10
7
10
5
4
13
8
6
8
5
9
5
5
2
5
3
5
5
3
7
8
6
4
8
11
13
13
7
8
3
7
5
5
8
3
10
8
14
8
2
7
10
6
9
4
3
5
4
10
5
5
7
5
8
6
6
5
9
6
4
4
5
5
6
9
4
6
9
7
5
4
8
1
3
5
4
2
3
9
6
8
5
3
3
3
8
3
7
5
6
4
7
6
2
4
8
7
6
6
5
3
3
4
4
1
2
3
3
1
2
5
5
2
8
4
5
2
4
2
1
3
2
6
2
1
5
5
2
0
3
4
4
6
3
3
4
3
2
3
0
3
3
3
1
9
5
1
3
5
0
2
1
4
7
5
4
5
2
1
6
2
2
3
5
5
1
4
3
1
3
2
3
7
3
2
2
6
1
0
2
2
2
4
2
1
2
2
3
6
4
2
2
3
2
6
3
4
1
1
3
1
0
2
1
1
2
4
2
3
2
2
2
3
3
2
2
4
0
2
0
1
3
3
2
2
1
2
2
4
0
1
2
2
0
1
1
2
1
1
2
1
1
1
2
0
2
2
5
1
3
3
3
0
1
2
3
1
0
0
0
2
4
0
1
4
2
3
1
2
5
7
2
3
1
2
2
4
3
0
3
0
0
0
4
0
2
2
2
3
4
0
1
4
1
2
1
0
1
1
0
0
1
1
2
2
3
1
2
1
1
1
3
0
0
0
0
1
0
1
2
5
1
1
0
1
0
0
0
1
3
0
0
1
0
0
0
0
0
1
3
2
1
0
2
0
3
1
1
1
1
0
0
0
1
0
0
1
2
1
0
0
1
0
0
0
1
1
1
0
0
0
2
0
0
1
1
0
0
0
3
1
1
0
2
0
0
0
0
1
2
1
2
3
0
1
0
0
1
0
2
0
1
1
0
0
1
0
1
0
1
1
0
1
0
2
0
0
0
2
2
0
1
0
0
0
0
0
1
0
0
0
0
0
0
0
1
0
0
1
2
0
1
0
2
1
2
0
1
1
1
1
1
0
0
1
0
0
0
0
0
0
0
0
0
1
0
1
0
0
0
0
1
0
1
0
1
0
0
0
1
0
1
0
1
0
0
0
0
1
0
1
0
0
0
2
0
0
2
0
0
0
1
0
1
0
0
1
0
0
1
0
1
1
0
1
0
1
0
0
0
0
0
0
1
0
1
0
1
0
0
0
2
1
0
1
0
0
0
1
0
0
0
1
0
0
0
0
0
0
0
0
0
0
0
0
0
0
0
0
0
1
0
0
0
0
0
0
0
0
0
0
0
0
0
0
0
0
0
0
0
0
0
0
0
0
0
0
0
0
0
0
0
0
0
0
0
0
0
1
0
0
1
0
0
0
0
0
0
0
0
0
0
0
1
0
0
0
0
0
0
1
0
0
0
0
0
0
0
0
0
0
0
0
0
0
0
0
0
0
0
0
0
1
1
0
0
0
0
0
1
0
0
0
0
0
0
0
0
0
0
0
0
0
0
0
0
0
0
0
0
1
0
0
0
0
0
0
0
0
0
0
0
0
0
0
0
0
0
0
0
0
0
0
0
0
0
0
0
0
0
0
1
0
0
0
0
0
0
0
0
0
0
0
0
0
0
0
0
0
0
0
0
0
1
0
1
0
0
0
0
0
0
0
0
0
0
0
0
0
0
0
1
0
0
0
0
0
0
0
0
0
0
0
0
0
0
0
0
0
0
0
0
0
0
0
0
0
0
0
0
0
0
0
0
0
0
0
0
0
0
0
0
0
0
0
0
0
0
0
0
0
0
0
0
0
0
0
0
0
0
0
0
0
0
0
0
0
0
0
0
0
0
0
1
0
0
0
0
0
0
0
0
0
0
0
0
0
0
0
0
0
0
0
0
0
0
0
0
0
0
0
0
0
0
0
0
0
0
0
0
0
0
0
0
0
0
0
0
0
0
0
0
0
0
1
0
0
0
0
0
0
0
0
0
0
0
0
0
0
0
0
0
0
0
0
0
0
0
0
0
0
0
0
0
0
0
0
0
0
0
0
0
0
0
0
0
0
0
0
0
0
0
0
0
0
0
0
0
0
0
0
0
0
0
0
0
0
0
0
0
0
0
0
0
0
0
0
0
0
0
0
0
0
0
0
0
0
0
0
0
0
0
0
0
0
0
0
0
0
0
0
0
0
0
0
0
0
0
0
0
0
0
0
0
0
0
0
0
0
0
0
0
1
0
0
0
0
0
0
0
0
0
0
0
0
0
0
0
0
0
0
0
0
0
0
0
0
0
0
0
0
0
0
0
0
0
0
0
0
0
0
0
0
0
0
0
0
0
0
0
0
0
0
0
0
0
0
0
0
0
0
0
0
0
0
0
0
0
0
0
0
0
0
0
0
0
0
0
0
0
0
0
0
0
0
0
0
0
0
0
0
0
0
0
0
0
0
0
0
0
0
0
0
0
0
0
0
0
0
0
0
0
0
0
0
0
0
0
0
0
0
0
0
0
0
0
0
0
0
0
0
0
0
0
0
0
0
0
0
0
0
0
0
0
0
0
0
0
0
0
0
0
0
0
0
0
0
0
0
0
0
0
0
0
0
0
0
0
0
0
0
0
0
0
0
0
0
0
0
0
0
0
0
0
0
0
0
0
0
0
0
0
0
0
0
0
0
0
0
0
0
0
0
0
0
0
0
0
0
0
0
0
0
0
0
0
0
0
0
0
0
0
0
0
0
0
0
0
0
0
0
0
0
0
0
0
0
0
0
0
0
0
0
0
0
0
0
0
0
0
0
0
0
0
0
0
0
0
0
0
0
0
0
0
0
0
0
0
0
0
0
0
0
0
0
0
0
0
0
0
0
0
0
0
0
0
0
0
0
0
0
0
0
0
0
0
0
0
0
0
0
0
0
0
0
0
0
0
0
0
0
0
0
0
0
0
0
0
0
0
0
0
0
0
0
0
0
0
0
0
0
0
0
0
0
0
0
0
0
0
0
0
0
0
0
0
0
0
0
0
0
0
0
0
0
0
0
0
0
0
0
0
0
0
0
0
0
0
0
0
0
0
0
0
0
0
0
0
0
0
0
0
0
0
0
0
0
0
0
0
0
0
0
0
0
0
0
0
0
0
0
0
0
0
0
0
0
0
0
0
0
0
0
0
0
0
0
0
0
0
0
0
0
0
0
0
0
0
0
0
0
0
0
0
0
0
0
0
0
0
0
0
0
0
0
0
0
0
0
0
0
0
0
0
0
0
0
0
0
0
0
0
0
0
0
0
0
0
0
0
0
0
0
0
0
0
0
0
0
0
0
0
0
0
0
0
0
0
0
0
0
0
0
0
0
0
0
0
0
0
0
0
0
0
0
0
0
0
0
0
0
0
0
0
0
0
0
0
0
0
0
0
0
0
0
0
0
0
0
0
0
0
0
0
0
0
0
0
0
0
0
0
0
0
0
0
0
0
0
0
0
0
0
0
0
0
0
0
0
0
0
0
0
0
0
0
0
0
0
0
0
0
0
0
0
0
0
0
0
0
0
0
0
0
0
0
0
0
0
0
0
0
0
0
0
0
0
0
0
0
0
0
0
0
0
0
0
0
0
0
0
0
0
0
0
0
0
0
0
0
0
0
0
0
0
0
0
0
0
0
0
0
0
0
0
0
0
0
0
0
0
0
0
0
0
0
0
0
0
0
0
0
0
0
0
0
0
0
0
0
0
0
0
0
0
0
0
0
0
0
0
0
0
0
0
0
0
0
0
0
0
0
0
0
0
0
0
0
0
0
0
0
0
0
0
0
0
0
0
0
0
0
0
0
0
0
0
0
0
0
0
0
0
0
0
0
0
0
0
0
0
0
0
0
0
0
0
0
0
0
0
0
0
0
0
0
0
0
0
0
0
0
0
0
0
0
0
0
0
0
0
0
0
0
0
0
0
0
0
0
0
0
0
0
0
0
0
0
0
0
0
0
0
0
0
0
0
0
0
0
0
0
0
0
0
0
0
0
0
0
0
0
0
0
0
0
0
0
0
0
0
0
0
0
0
0
0
0
0
0
0
0
0
0
0
0
0
0
0
0
0
0
0
0
0
0
0
0
0
0
0
0
0
0
0
0
0
0
0
0
0
0
0
0
0
0
0
0
0
0
0
0
0
0
0
0
0
0
0
0
0
0
0
0
0
0
0
0
0
0
0
0
0
0
0
0
0
0
0
0
0
0
0
0
0
0
0
0
0
0
0
0
0
0
0
0
0
0
0
0
0
0
0
0
0
0
0
0
0
0
0
0
0
0
0
0
0
0
0
0
0
0
0
0
0
0
0
0
0
0
0
0
0
0
0
0
0
0
0
0
0
0
0
0
0
0
0
0
0
0
0
0
0
0
0
0
0
0
0
0
0
0
0
0
0
0
0
0
0
0
0
0
0
0
0
0
0
0
0
0
0
0
0
0
0
0
0
0
0
0
0
0
0
0
0
0
0
0
0
0
0
0
0
0
0
0
0
0
0
0
0
0
0
0
0
0
0
0
0
0
0
0
0
0
0
0
0
0
0
0
0
0
0
0
0
0
0
0
0
0
0
0
0
0
0
0
0
0
0
0
0
0
0
0
0
0
0
0
0
0
0
0
0
0
0
0
0
0
0
0
0
0
0
0
0
0
0
0
0
0
0
0
0
0
0
0
0
0
0
0
0
0
0
0
0
0
0
0
0
0
0
0
0
0
0
0
0
0
0
0
0
0
0
0
0
0
0
0
0
0
0
0
0
0
0
0
0
0
0
0
0
0
0
0
0
0
0
0
0
0
0
0
0
0
0
0
0
0
0
0
0
0
0
0
0
0
0
0
0
0
0
0
0
0
0
0
0
0
0
0
0
0
0
0
0
0
0
0
0
0
0
0
0
0
0
0
0
0
0
0
0
0
0
0
0
0
0
0
0
0
0
0
0
0
0
0
0
0
0
0
0
0
0
0
0
0
0
0
0
0
0
0
0
0
0
0
0
0
0
0
0
0
0
0
0
0
0
0
0
0
0
0
0
0
0
0
0
0
0
0
0
0
0
0
0
0
0
0
0
0
0
0
0
0
0
0
0
0
0
0
0
0
0
0
0
0
0
0
0
0
0
0
0
0
0
0
0
0
0
0
0
0
0
0
0
0
0
0
0
0
0
0
0
0
0
0
0
0
0
0
0
0
0
0
0
0
0
0
0
0
0
0
0
0
0
0
0
0
0
0
0
0
0
0
0
0
0
0
0
0
0
0
0
0
0
0
0
0
0
0
0
0
0
0
0
0
0
0
0
0
0
0
0
0
0
0
0
0
0
0
0
0
0
0
0
0
0
0
0
0
0
0
0
0
0
0
0
0
0
0
0
0
0
0
0
0
0
0
0
0
0
0
0
0
0
0
0
0
0
0
0
0
0
0
0
0
0
0
0
0
0
0
0
0
0
0
0
0
0
0
0
0
0
0
0
0
0
0
0
0
0
0
0
0
0
0
0
0
0
0
0
0
0
0
0
0
0
0
0
0
0
0
0
0
0
0
0
0
0
0
0
0
0
0
0
0
0
0
0
0
0
0
0
0
0
0
0
0
0
0
0
0
0
0
0
0
0
0
0
0
0
0
0
0
0
0
0
0
0
0
0
0
0
0
0
0
0
0
0
0
0
0
0
0
0
0
0
0
0
0
0
0
0
0
0
0
0
0
0
0
0
0
0
0
0
0
0
0
0
0
0
0
0
0
0
0
0
0
0
0
0
0
0
0
0
0
0
0
0
0
0
0
0
0
0
0
0
0
0
0
0
0
0
0
0
0
0
0
0
0
0
0
0
0
0
0
0
0
0
0
0
0
0
0
0
0
0
0
0
0
0
0
0
0
0
0
0
0
0
0
0
0
0
0
0
0
0
0
0
0
0
0
0
0
0
0
0
0
0
0
0
0
0
0
0
0
0
0
0
0
0
0
0
0
0
0
0
0
0
0
0
0
0
0
0
0
0
0
0
0
0
0
0
0
0
0
0
0
0
0
0
0
0
0
0
0
0
0
0
0
0
0
0
0
0
0
0
0
0
0
0
0
0
0
0
0
0
0
0
0
0
0
0
0
0
0
0
0
0
0
0
0
0
0
0
0
0
0
0
0
0
0
0
0
0
0
0
0
0
0
0
0
0
0
0
0
0
0
0
0
0
0
0
0
0
0
0
0
0
0
0
0
0
0
0
0
0
0
0
0
0
0
0
0
0
0
0
0
0
0
0
0
0
0
0
0
0
0
0
0
0
0
0
0
0
0
0
0
0
0
0
0
0
0
0
0
0
0
0
0
0
0
0
0
0
0
0
0
0
0
0
0
0
0
0
0
0
0
0
0
0
0
0
0
0
0
0
0
0
0
0
0
0
0
0
0
0
0
0
0
0
0
0
0
0
0
0
0
0
0
0
0
0
0
0
0
0
0
0
0
0
0
0
0
0
0
0
0
0
0
0
0
0
0
0
0
0
0
0
0
0
0
0
0
0
0
0
0
0
0
0
0
0
0
0
0
0
0
0
0
0
0
0
0
0
0
0
0
0
0
0
0
0
0
0
0
0
0
0
0
0
0
0
0
0
0
0
0
0
0
0
0
0
0
0
0
0
0
0
0
0
0
0
0
0
0
0
0
0
0
0
0
0
0
0
0
0
0
0
0
0
0
0
0
0
0
0
0
0
0
0
0
0
0
0
0
0
0
0
0
0
0
0
0
0
0
0
0
0
0
0
0
0
0
0
0
0
0
0
0
0
0
0
0
0
0
0
0
0
0
0
0
0
0
0
0
0
0
0
0
0
0
0
0
0
0
0
0
0
0
0
0
0
0
0
0
0
0
0
0
0
0
0
0
0
0
0
0
0
0
0
0
0
0
0
0
0
0
0
0
0
0
0
0
0
0
0
0
0
0
0
0
0
0
0
0
0
0
0
0
0
0
0
0
0
0
0
0
0
0
0
0
0
0
0
0
0
0
0
0
0
0
0
0
0
0
0
0
0
0
0
0
0
0
0
0
0
0
0
0
0
0
0
0
0
0
0
0
0
0
0
0
0
0
0
0
0
0
0
0
0
0
0
0
0
0
0
0
0
0
0
0
0
0
0
0
0
0
0
0
0
0
0
0
0
0
0
0
0
0
0
0
0
0
0
0
0
0
0
0
0
0
0
0
0
0
0
0
0
0
0
0
0
0
0
0
0
0
0
0
0
0
0
0
0
0
0
0
0
0
0
0
0
0
0
0
0
0
0
0
0
0
0
0
0
0
0
0
0
0
0
0
0
0
0
0
0
0
0
0
0
0
0
0
0
0
0
0
0
0
0
0
0
0
0
0
0
0
0
0
0
0
0
0
0
0
0
0
0
0
0
0
0
0
0
0
0
0
0
0
0
0
0
0
0
0
0
0
0
0
0
0
0
0
0
0
0
0
0
0
0
0
0
0
0
0
0
0
0
0
0
0
0
0
0
0
0
0
0
0
0
0
0
0
0
0
0
0
0
0
0
0
0
0
0
0
0
0
0
0
0
0
0
0
0
0
0
0
0
0
0
0
0
0
0
0
0
0
0
0
0
0
0
0
0
0
0
0
0
0
0
0
0
0
0
0
0
0
0
0
0
0
0
0
0
0
0
0
0
0
0
0
0
0
0
0
0
0
0
0
0
0
0
0
0
0
0
0
0
0
0
0
0
0
0
0
0
0
0
0
0
0
0
0
0
0
0
0
0
0
0
0
0
0
0
0
0
0
0
0
0
0
0
0
0
0
0
0
0
0
0
0
0
0
0
0
0
0
0
0
0
0
0
0
0
0
0
0
0
0
0
0
0
0
0
0
0
0
0
0
0
0
0
0
0
0
0
0
0
0
0
0
0
0
0
0
0
0
0
0
0
0
0
0
0
0
0
0
0
0
0
0
0
0
0
0
0
0
0
0
0
0
0
0
0
0
0
0
0
0
0
0
0
0
0
0
0
0
0
0
0
0
0
0
0
0
0
0
0
0
0
0
0
0
0
0
0
0
0
0
0
0
0
0
0
0
0
0
0
0
0
0
0
0
0
0
0
0
0
0
0
0
0
0
0
0
0
0
0
0
0
0
0
0
0
0
0
0
0
0
0
0
0
0
0
0
0
0
0
0
0
0
0
0
0
0
0
0
0
0
0
0
0
0
0
0
0
0
0
0
0
0
0
0
0
0
0
0
0
0
0
0
0
0
0
0
0
0
0
0
0
0
0
0
0
0
0
0
0
0
0
0
0
0
0
0
0
0
0
0
0
0
0
0
0
0
0
0
0
0
0
0
0
0
0
0
0
0
0
0
0
0
0
0
0
0
0
0
0
0
0
0
0
0
0
0
0
0
0
0
0
0
0
0
0
0
0
0
0
0
0
0
0
0
0
0
0
0
0
0
0
0
0
0
0
0
0
0
0
0
0
0
0
0
0
0
0
0
0
0
0
0
0
0
0
0
0
0
0
0
0
0
0
0
0
0
0
0
0
0
0
0
0
0
0
0
0
0
0
0
0
0
0
0
0
0
0
0
0
0
0
0
0
0
0
0
0
0
0
0
0
0
0
0
0
0
0
0
0
0
0
0
0
0
0
0
0
0
0
0
0
0
0
0
0
0
0
0
0
0
0
0
0
0
0
0
0
0
0
0
0
0
0
0
0
0
0
0
0
0
0
0
0
0
0
0
0
0
0
0
0
0
0
0
0
0
0
0
0
0
0
0
0
0
0
0
0
0
0
0
0
0
0
0
0
0
0
0
0
0
0
0
0
0
0
0
0
0
0
0
0
0
0
0
0
0
0
0
0
0
0
0
0
0
0
0
0
0
0
0
0
0
0
0
0
0
0
0
0
0
0
0
0
0
0
0
0
0
0
0
0
0
0
0
0
0
0
0
0
0
0
0
0
0
0
0
0
0
0
0
0
0
0
0
0
0
0
0
0
0
0
0
0
0
0
0
0
0
0
0
0
0
0
0
0
0
0
0
0
0
0
0
0
0
0
0
0
0
0
0
0
0
0
0
0
0
0
0
0
0
0
0
0
0
0
0
0
0
0
0
0
0
0
0
0
0
0
0
0
0
0
0
0
0
0
0
0
0
0
0
0
0
0
0
0
0
0
0
0
0
0
0
0
0
0
0
0
0
0
0
0
0
0
0
0
0
0
0
0
0
0
0
0
0
0
0
0
0
0
0
0
0
0
0
0
0
0
0
0
0
0
0
0
0
0
0
0
0
0
0
0
0
0
0
0
0
0
0
0
0
0
0
0
0
0
0
0
0
0
0
0
0
0
0
0
0
0
0
0
0
0
0
0
0
0
0
0
0
0
0
0
0
0
0
0
0
0
0
0
0
0
0
0
0
0
0
0
0
0
0
0
0
0
0
0
0
0
0
0
0
0
0
0
0
0
0
0
0
0
0
0
0
0
0
0
0
0
0
0
0
0
0
0
0
0
0
0
0
0
0
0
0
0
0
0
0
0
0
0
0
0
0
0
0
0
0
0
0
0
0
0
0
0
0
0
0
0
0
0
0
0
0
0
0
0
0
0
0
0
0
0
0
0
0
0
0
0
0
0
0
0
0
0
0
0
0
0
0
0
0
0
0
0
0
0
0
0
0
0
0
0
0
0
0
0
0
0
0
0
0
0
0
0
0
0
0
0
0
0
0
0
0
0
0
0
0
0
0
0
0
0
0
0
0
0
0
0
0
0
0
0
0
0
0
0
0
0
0
0
0
0
0
0
0
0
0
0
0
0
0
0
0
0
0
0
0
0
0
0
0
0
0
0
0
0
0
0
0
0
0
0
0
0
0
0
0
0
0
0
0
0
0
0
0
0
0
0
0
0
0
0
0
0
0
0
0
0
0
0
0
0
0
0
0
0
0
0
0
0
0
0
0
0
0
0
0
0
0
0
0
0
0
0
0
0
0
0
0
0
0
0
0
0
0
0
0
0
0
0
0
0
0
0
0
0
0
0
0
0
0
0
0
0
0
0
0
0
0
0
0
0
0
0
0
0
0
0
0
0
0
0
0
0
0
0
0
0
0
0
0
0
0
0
0
0
0
0
0
0
0
0
0
0
0
0
0
0
0
0
0
0
0
0
0
0
0
0
0
0
0
0
0
0
0
0
0
0
0
0
0
0
0
0
0
0
0
0
0
0
0
0
0
0
0
0
0
0
0
0
0
0
0
0
0
0
0
0
0
0
0
0
0
0
0
0
0
0
0
0
0
0
0
0
0
0
0
0
0
0
0
0
0
0
0
0
0
0
0
0
0
0
0
0
0
0
0
0
0
0
0
0
0
0
0
0
0
0
0
0
0
0
0
0
0
0
0
0
0
0
0
0
0
0
0
0
0
0
0
0
0
0
0
0
0
0
0
0
0
0
0
0
0
0
0
0
0
0
0
0
0
0
0
0
0
0
0
0
0
0
0
0
0
0
0
0
0
0
0
0
0
0
0
0
0
0
0
0
0
0
0
0
0
0
0
0
0
0
0
0
0
0
0
0
0
0
0
0
0
0
0
0
0
0
0
0
0
0
0
0
0
0
0
0
0
0
0
0
0
0
0
0
0
0
0
0
0
0
0
0
0
0
0
0
0
0
0
0
0
0
0
0
0
0
0
0
0
0
0
0
0
0
0
0
0
0
0
0
0
0
0
0
0
0
0
0
0
0
0
0
0
0
0
0
0
0
0
0
0
0
0
0
0
0
0
0
0
0
0
0
0
0
0
0
0
0
0
0
0
0
0
0
0
0
0
0
0
0
0
0
0
0
0
0
0
0
0
0
0
0
0
0
0
0
0
0
0
0
0
0
0
0
0
0
0
0
0
0
0
0
0
0
0
0
0
0
0
0
0
0
0
0
0
0
0
0
0
0
0
0
0
0
0
0
0
0
0
0
0
0
0
0
0
0
0
0
0
0
0
0
0
0
0
0
0
0
0
0
0
0
0
0
0
0
0
0
0
0
0
0
0
0
0
0
0
0
0
0
0
0
0
0
0
0
0
0
0
0
0
0
0
0
0
0
0
0
0
0
0
0
0
0
0
0
0
0
0
0
0
0
0
0
0
0
0
0
0
0
0
0
0
0
0
0
0
0
0
0
0
0
0
0
0
0
0
0
0
0
0
0
0
0
0
0
0
0
0
0
0
0
0
0
0
0
0
0
0
0
0
0
0
0
0
0
0
0
0
0
0
0
0
0
0
0
0
0
0
0
0
0
0
0
0
0
0
0
0
0
0
0
0
0
0
0
0
0
0
0
0
0
0
0
0
0
0
0
0
0
0
0
0
0
0
0
0
0
0
0
0
0
0
0
0
0
0
0
0
0
0
0
0
0
0
0
0
0
0
0
0
0
0
0
0
0
0
0
0
0
0
0
0
0
0
0
0
0
0
0
0
0
0
0
0
0
0
0
0
0
0
0
0
0
0
0
0
0
0
0
0
0
0
0
0
0
0
0
0
0
0
0
0
0
0
0
0
0
0
0
0
0
0
0
0
0
0
0
0
0
0
0
0
0
0
0
0
0
0
0
0
0
0
0
0
0
0
0
0
0
0
0
0
0
0
0
0
0
0
0
0
0
0
0
0
0
0
0
0
0
0
0
0
0
0
0
0
0
0
0
0
0
0
0
0
0
0
0
0
0
0
0
0
0
0
0
0
0
0
0
0
0
0
0
0
0
0
0
0
0
0
0
0
0
0
0
0
0
0
0
0
0
0
0
0
0
0
0
0
0
0
0
0
0
0
0
0
0
0
0
0
0
0
0
0
0
0
0
0
0
0
0
0
0
0
0
0
0
0
0
