0
0
0
0
0
0
0
0
0
0
0
0
0
0
0
0
0
0
0
0
0
0
0
0
0
0
0
0
0
0
0
0
0
0
0
0
0
0
0
0
0
0
0
0
0
0
0
0
0
0
0
0
0
0
0
0
0
0
0
0
0
0
0
0
0
0
0
0
0
0
0
0
0
0
0
0
0
0
0
0
0
0
0
0
0
0
0
0
1
0
0
0
0
0
0
0
0
0
0
0
0
0
0
0
0
0
0
0
0
0
0
0
1
0
0
0
0
0
0
0
0
0
0
0
0
0
0
0
0
0
0
0
0
0
0
0
0
0
0
0
0
0
0
1
0
0
0
0
0
0
1
0
0
0
0
0
0
0
0
0
0
0
0
0
0
0
0
0
0
0
0
0
0
0
0
0
0
0
0
0
0
0
0
0
0
0
0
1
0
0
0
0
0
1
0
0
1
1
0
0
0
2
0
0
0
1
0
0
0
0
0
0
0
0
0
0
2
2
1
0
1
1
0
0
0
0
1
0
0
2
0
1
0
0
1
1
2
1
1
0
0
2
3
2
1
1
1
0
0
0
1
0
5
1
4
1
2
1
0
1
0
3
1
0
0
1
0
2
0
3
3
4
0
0
2
4
3
0
1
2
2
3
3
1
4
0
3
3
4
5
3
3
4
1
2
1
5
4
2
1
4
2
2
3
2
4
5
2
5
5
3
4
1
4
2
2
4
7
6
3
5
8
4
6
4
5
6
4
2
5
5
3
2
4
10
2
5
6
6
12
9
3
8
8
11
6
3
14
7
9
6
12
4
8
7
16
2
10
6
6
8
8
6
7
8
9
13
14
10
10
14
15
7
8
7
10
13
8
10
9
7
10
11
13
22
7
5
22
12
14
7
14
14
14
14
13
10
16
15
15
14
14
13
17
19
16
22
14
20
16
15
9
15
27
17
20
24
14
12
24
33
24
17
18
26
20
17
18
25
31
24
24
20
24
23
21
26
26
24
29
28
24
23
23
29
22
27
24
31
27
24
45
24
18
31
35
29
28
36
33
21
30
48
33
29
33
37
42
24
36
39
32
28
46
36
43
41
35
40
42
49
41
44
46
44
51
48
35
60
35
45
39
62
51
43
54
55
50
47
59
52
44
51
73
56
50
61
64
64
44
67
59
58
64
72
64
60
63
71
67
86
76
63
62
83
78
69
79
78
80
74
61
86
82
81
67
73
75
83
74
90
75
81
92
84
74
91
94
85
88
86
95
99
88
77
107
97
102
75
98
105
101
90
103
96
101
100
89
93
108
96
106
86
122
126
127
123
105
114
115
126
120
133
125
149
134
110
131
129
127
123
142
144
132
140
151
129
145
133
147
137
146
162
167
145
146
157
171
143
148
153
152
166
164
155
182
177
174
157
137
187
175
172
152
176
177
182
192
185
187
202
192
213
177
195
207
184
207
194
180
211
214
217
219
242
186
190
190
234
215
219
229
241
202
238
220
215
223
203
235
241
244
227
250
256
238
259
187
246
245
266
274
278
259
271
265
276
287
269
277
290
256
294
253
264
296
294
318
261
302
286
288
300
293
340
320
333
322
300
329
345
275
338
334
306
323
312
357
317
340
332
358
376
359
323
354
337
310
345
379
348
379
361
357
404
356
366
392
349
403
367
392
349
389
412
431
378
407
399
427
404
406
410
441
424
431
363
379
391
414
439
437
452
419
431
437
402
477
422
452
465
427
468
494
463
490
450
475
516
500
474
481
495
523
520
530
530
530
497
515
547
512
500
537
500
484
539
554
535
538
553
590
541
543
541
459
563
534
587
595
555
577
562
607
551
573
607
622
569
605
569
561
611
600
614
628
635
586
644
660
629
647
601
647
668
674
658
640
709
618
657
696
663
680
658
698
707
716
677
711
749
716
617
712
728
769
710
756
712
665
730
709
727
707
750
778
779
741
758
786
724
764
728
782
804
831
765
818
774
800
823
787
779
833
700
708
795
756
840
807
883
830
782
855
872
827
877
880
835
827
841
934
782
842
869
875
923
839
908
936
911
883
851
900
946
881
899
941
953
918
950
946
919
928
973
967
915
972
990
946
906
938
962
779
942
938
1016
1007
998
1026
949
966
990
986
1041
1025
1009
1023
881
1000
1014
977
1092
1094
1001
1026
968
1046
1057
1017
1074
1069
1083
1028
1034
1110
1039
1097
1102
1106
1075
1142
1048
1107
1052
1102
1114
1118
1073
1148
1028
1220
1196
1071
1172
1140
1106
1138
1144
1205
1176
1138
1140
1206
1176
1135
1142
1223
1172
1173
1153
1155
1150
1164
1167
1234
1252
1165
1161
1239
1211
1208
1135
1120
1214
1206
1333
1226
1228
1229
1260
1303
1248
1285
1221
1202
1239
1247
1272
1281
1253
1253
1279
1328
1218
1296
1236
1334
1247
1335
1299
1323
1274
1344
1255
1298
1319
1310
1360
1372
1297
1290
1282
1335
1320
1282
1324
1301
1345
1309
1343
1101
1375
1334
1350
1403
1335
1322
1384
1360
1435
1342
1307
1403
1368
1384
1285
1347
1379
1366
1340
1403
1449
1348
1382
1365
1434
1422
1438
1447
1383
1421
1369
1391
1422
1445
1465
1490
1516
1461
1406
1469
1491
1460
1462
1480
1465
1403
1335
1431
1432
1424
1481
1468
1381
1424
1401
1524
1484
1416
1494
1535
1454
1484
1395
1454
1454
1486
1495
1504
1515
1456
1443
1449
1489
1548
1509
1449
1452
1441
1290
1355
1546
1429
1572
1465
1468
1500
1447
1535
1514
1512
1424
1525
1592
1447
1474
1597
1475
1438
1552
1600
1588
1497
1512
1555
1452
1520
1515
1554
1539
1504
1536
1496
1528
1516
1565
1542
1523
1459
1453
1581
1493
1519
1500
1592
1507
1531
1523
1233
1551
1500
1499
1575
1533
1480
1469
1583
1504
1514
1540
1522
1538
1528
1425
1392
1566
1563
1558
1634
1540
1476
1501
1604
1544
1523
1487
1552
1560
1456
1568
1500
1530
1530
1521
1529
1504
1521
1508
1551
1487
1555
1566
1530
1551
1487
1393
1510
1565
1511
1506
1591
1425
1523
1502
1532
1532
1523
1527
1511
1484
1509
1471
1505
1598
1513
1544
1568
1527
1483
1468
1505
1462
1531
1555
1522
1491
1527
1356
1313
1523
1535
1491
1528
1486
1446
1478
1480
1553
1498
1498
1476
1489
1439
1460
1516
1508
1477
1484
1542
1576
1483
1431
1485
1511
1495
1491
1488
1486
1416
1435
1477
1470
1438
1464
1547
1464
1486
1472
1448
1471
1424
1372
1481
1529
1462
1422
1214
1478
1484
1514
1514
1456
1460
1407
1372
1507
1391
1305
1424
1451
1433
1375
1373
1393
1461
1409
1458
1359
1381
1405
1394
1368
1398
1300
1431
1372
1359
1339
1362
1398
1373
1354
1398
1370
1338
1406
1365
1368
1341
1331
1307
1345
1415
1300
1390
1307
1363
1355
1414
1359
1355
1308
1361
1274
1340
1344
1384
1321
1332
1266
1312
1325
1377
1379
1280
1273
1341
1284
1325
1286
1281
1303
1386
1317
1289
1159
1189
1304
1267
1265
1338
1233
1225
1313
1274
1268
1194
1201
1276
1176
1191
1211
1221
1228
1210
1255
1257
1153
1183
1204
1238
1253
1217
1159
1238
1200
1247
1187
1216
1180
1228
1173
1206
1227
1211
1109
1195
1140
1161
1139
1184
1256
1177
1182
945
1086
1191
1156
1176
1179
1182
1109
1127
1164
1167
1143
1095
1088
1099
1076
1103
1169
1131
1160
1158
1112
1077
1067
1165
1071
1070
1010
1163
1080
1119
1049
1148
1073
1021
1078
1165
1063
1057
1055
1070
1016
1030
1028
1089
995
991
940
1049
1006
1004
1063
918
970
1064
995
1009
896
986
989
1012
992
950
936
948
984
928
999
944
954
964
926
1006
939
920
935
990
978
957
842
810
970
901
957
906
912
882
862
934
878
916
891
871
881
919
907
863
848
886
813
914
911
873
913
891
828
843
882
799
809
836
862
840
879
817
796
833
797
845
826
848
837
827
843
829
806
809
786
704
808
781
785
803
706
784
747
774
717
773
763
705
744
749
707
771
760
732
756
734
714
761
754
745
751
653
686
727
638
705
705
760
700
700
720
707
708
685
641
716
697
677
660
689
685
686
578
702
674
647
670
670
640
635
614
692
651
650
607
645
632
609
624
607
618
592
627
650
593
577
603
541
595
584
592
599
581
603
523
487
591
572
593
586
628
611
580
570
560
568
554
545
533
603
529
510
520
540
537
560
535
527
559
525
517
512
510
496
538
482
529
529
511
497
504
477
485
512
488
476
492
463
500
481
487
459
457
425
476
475
446
478
488
467
466
471
443
453
463
455
463
433
414
427
444
421
418
407
420
405
405
442
413
391
414
438
410
402
430
402
400
417
387
421
381
379
416
407
380
369
383
404
404
364
323
380
395
377
372
392
358
365
366
360
351
336
380
331
349
356
343
347
359
364
363
317
319
363
316
341
344
344
320
342
315
346
310
287
318
311
298
356
314
312
310
317
317
282
306
313
323
302
292
286
272
260
312
271
263
257
251
285
283
282
281
279
270
263
235
259
226
238
237
257
231
252
245
249
235
261
225
229
220
233
257
192
224
224
244
278
233
204
238
222
232
213
235
224
224
222
209
216
215
226
219
230
201
236
196
226
192
210
219
229
199
216
206
211
185
199
184
211
172
174
197
186
197
205
223
210
185
186
194
188
183
192
176
173
211
167
166
154
184
202
157
166
160
169
161
179
170
153
144
160
164
170
159
163
178
159
156
164
142
151
138
154
162
163
135
171
129
136
154
127
163
141
121
154
128
138
147
130
142
120
140
122
147
145
130
114
121
96
126
116
139
119
117
139
130
122
117
129
127
116
99
101
104
100
104
124
96
126
119
80
124
105
108
123
121
100
92
105
110
88
97
85
85
80
101
98
109
111
97
89
83
94
115
97
95
93
93
68
91
88
85
77
95
94
90
94
94
64
80
89
94
93
73
80
71
68
65
81
79
83
71
82
75
85
75
77
68
74
68
69
74
79
66
72
78
85
65
68
87
73
66
61
70
66
70
71
66
64
54
59
77
64
50
69
66
66
70
70
69
41
67
58
52
64
46
51
63
59
47
62
59
46
46
53
66
51
54
46
50
53
48
54
58
60
44
47
64
61
52
53
51
46
38
45
47
39
37
31
49
27
58
42
43
37
34
53
43
44
42
41
42
38
29
36
37
31
48
40
32
47
41
35
30
39
35
37
32
24
35
36
28
30
42
30
37
39
35
30
30
30
30
33
26
18
36
35
29
28
28
42
22
27
20
31
37
30
27
27
19
23
18
22
15
22
28
30
24
33
37
25
32
32
30
26
32
23
22
27
22
21
28
27
19
22
25
19
18
23
18
17
22
17
17
26
22
18
18
30
29
25
24
26
17
24
23
27
23
14
11
9
16
20
18
18
14
10
18
19
17
15
15
20
14
22
12
14
15
13
20
16
12
12
15
21
18
15
15
10
15
13
24
8
15
10
13
8
12
6
13
21
20
11
11
16
11
10
5
14
13
9
11
9
12
22
16
9
12
13
9
10
8
8
10
10
12
10
11
9
12
12
9
11
18
9
9
9
10
8
8
10
7
10
10
7
6
7
4
5
10
8
3
6
4
10
11
11
5
2
8
5
8
12
11
12
8
8
6
5
7
4
5
8
6
11
8
10
4
5
7
7
10
8
2
8
7
8
8
7
3
6
6
3
9
5
2
7
5
3
5
7
4
1
7
2
3
4
7
5
5
5
4
6
3
10
3
6
7
4
0
5
3
5
3
4
5
6
6
3
5
3
6
5
5
6
4
3
2
4
3
10
6
1
4
2
3
5
3
4
2
2
2
8
3
5
2
1
4
5
3
4
3
3
1
0
5
2
5
4
3
3
8
2
3
2
3
0
3
3
2
3
3
3
1
2
1
5
3
4
0
2
3
3
1
0
3
0
3
2
4
3
1
2
1
3
0
0
2
1
2
3
1
0
4
2
0
2
1
0
2
0
1
1
2
5
1
4
2
3
2
1
0
3
1
2
1
2
4
1
3
3
1
0
0
0
1
0
1
0
1
3
2
0
2
2
0
0
3
0
0
3
1
3
1
1
1
1
1
3
1
1
0
0
1
1
0
2
2
0
0
0
0
0
2
1
0
1
1
0
1
2
0
1
1
0
0
0
0
0
0
2
0
0
0
1
1
3
1
1
1
0
1
0
0
2
1
1
1
1
1
1
0
1
0
1
1
1
2
0
1
0
1
2
1
0
1
1
0
0
1
1
1
0
0
1
1
0
0
1
1
0
0
1
0
0
2
1
0
0
0
0
0
0
0
0
0
0
1
0
0
1
1
0
1
0
0
0
1
0
2
0
0
2
1
1
0
0
1
0
0
0
1
0
0
0
0
0
0
1
0
0
0
0
1
0
1
0
0
0
0
0
0
0
0
0
0
1
0
1
0
1
0
0
0
1
0
0
0
0
0
0
0
0
0
0
0
0
0
0
0
0
0
0
0
0
1
0
1
1
0
0
0
0
1
0
0
0
0
0
0
0
0
0
0
0
0
0
0
0
0
0
0
0
0
0
0
0
0
0
0
0
0
0
1
0
0
0
2
0
0
0
0
0
0
0
0
0
0
0
0
0
0
0
0
0
0
0
0
0
0
0
0
0
0
0
0
0
0
0
0
0
0
0
0
0
0
0
0
0
0
0
0
0
0
0
0
0
0
0
0
0
0
0
0
0
0
0
0
0
0
0
0
0
0
0
0
0
0
0
0
0
0
0
0
0
0
0
0
0
0
0
0
0
1
0
0
0
0
0
0
0
0
0
0
0
0
0
0
0
0
0
0
0
0
0
0
0
0
0
0
1
0
0
0
0
0
0
0
0
0
0
0
0
0
0
0
0
0
0
0
0
0
0
0
0
0
0
0
0
0
0
0
0
0
0
0
0
0
0
0
0
0
0
0
0
0
0
0
0
0
0
0
0
0
0
0
0
0
0
0
0
0
0
0
0
0
0
0
0
0
0
0
0
0
0
0
0
0
0
0
0
0
0
0
0
0
0
0
0
0
0
0
0
0
0
0
0
0
0
0
0
0
0
0
0
0
0
0
0
0
0
0
0
0
0
0
0
0
0
0
0
0
0
0
0
0
0
0
0
0
0
0
0
0
0
0
0
0
0
0
0
0
0
0
0
0
0
0
0
0
0
0
0
0
0
0
0
0
0
0
0
0
0
0
0
0
0
0
0
0
0
0
0
0
0
0
0
0
0
0
0
0
0
0
0
0
0
0
0
0
0
0
0
0
0
0
0
0
0
0
0
0
0
0
0
0
0
0
0
0
0
0
0
0
0
0
0
0
0
0
0
0
0
0
0
0
0
0
0
0
0
0
0
0
0
0
0
0
0
0
0
0
0
0
0
0
0
0
0
0
0
0
0
0
0
0
0
0
0
0
0
0
0
0
0
0
0
0
0
0
0
0
0
0
0
0
0
0
0
0
0
0
0
0
0
0
0
0
0
0
0
0
0
0
0
0
0
0
0
0
0
0
0
0
0
0
0
0
0
0
0
0
0
0
0
0
0
0
0
0
0
0
0
0
0
0
0
0
0
0
0
0
0
0
0
0
0
0
0
0
0
0
0
0
0
0
0
0
0
0
0
0
0
0
0
0
0
0
0
0
0
0
0
0
0
0
0
0
0
0
0
0
0
0
0
0
0
0
0
0
0
0
0
0
0
0
0
0
0
0
0
0
0
0
0
0
0
0
0
0
0
0
0
0
0
0
0
0
0
0
0
0
0
0
0
0
0
0
0
0
0
0
0
0
0
0
0
0
0
0
0
0
0
0
0
0
0
0
0
0
0
0
0
0
0
0
0
0
0
0
0
0
0
0
0
0
0
0
0
0
0
0
0
0
0
0
0
0
0
0
0
0
0
0
0
0
0
0
0
0
0
0
0
0
0
0
0
0
0
0
0
0
0
0
0
0
0
0
0
0
0
0
0
0
0
0
0
0
0
0
0
0
0
0
0
0
0
0
0
0
0
0
0
0
0
0
0
0
0
0
0
0
0
0
0
0
0
0
0
0
0
0
0
0
0
0
0
0
0
0
0
0
0
0
0
0
0
0
0
0
0
0
0
0
0
0
0
0
0
0
0
0
0
0
0
0
0
0
0
0
0
0
0
0
0
0
0
0
0
0
0
0
0
0
0
0
0
0
0
0
0
0
0
0
0
0
0
0
0
0
0
0
0
0
0
0
0
0
0
0
0
0
0
0
0
0
0
0
0
0
0
0
0
0
0
0
0
0
0
0
0
0
0
0
0
0
0
0
0
0
0
0
0
0
0
0
0
0
0
0
0
0
0
0
0
0
0
0
0
0
0
0
0
0
0
0
0
0
0
0
0
0
0
0
0
0
0
0
0
0
0
0
0
0
0
0
0
0
0
0
0
0
0
0
0
0
0
0
0
0
0
0
0
0
0
0
0
0
0
0
0
0
0
0
0
0
0
0
0
0
0
0
0
0
0
0
0
0
0
0
0
0
0
0
0
0
0
0
0
0
0
0
0
0
0
0
0
0
0
0
0
0
0
0
0
0
0
0
0
0
0
0
0
0
0
0
0
0
0
0
0
0
0
0
0
0
0
0
0
0
0
0
0
0
0
0
0
0
0
0
0
0
0
0
0
0
0
0
0
0
0
0
0
0
0
0
0
0
0
0
0
0
0
0
0
0
0
0
0
0
0
0
0
0
0
0
0
0
0
0
0
0
0
0
0
0
0
0
0
0
0
0
0
0
0
0
0
0
0
0
0
0
0
0
0
0
0
0
0
0
0
0
0
0
0
0
0
0
0
0
0
0
0
0
0
0
0
0
0
0
0
0
0
0
0
0
0
0
0
0
0
0
0
0
0
0
0
0
0
0
0
0
0
0
0
0
0
0
0
0
0
0
0
0
0
0
0
0
0
0
0
0
0
0
0
0
0
0
0
0
0
0
0
0
0
0
0
0
0
0
0
0
0
0
0
0
0
0
0
0
0
0
0
0
0
0
0
0
0
0
0
0
0
0
0
0
0
0
0
0
0
0
0
0
0
0
0
0
0
0
0
0
0
0
0
0
0
0
0
0
0
0
0
0
0
0
0
0
0
0
0
0
0
0
0
0
0
0
0
0
0
0
0
0
0
0
0
0
0
0
0
0
0
0
0
0
0
0
0
0
0
0
0
0
0
0
0
0
0
0
0
0
0
0
0
0
0
0
0
0
0
0
0
0
0
0
0
0
0
0
0
0
0
0
0
0
0
0
0
0
0
0
0
0
0
0
0
0
0
0
0
0
0
0
0
0
0
0
0
0
0
0
0
0
0
0
0
0
0
0
0
0
0
0
0
0
0
0
0
0
0
0
0
0
0
0
0
0
0
0
0
0
0
0
0
0
0
0
0
0
0
0
0
0
0
0
0
0
0
0
0
0
0
0
0
0
0
0
0
0
0
0
0
0
0
0
0
0
0
0
0
0
0
0
0
0
0
0
0
0
0
0
0
0
0
0
0
0
0
0
0
0
0
0
0
0
0
0
0
0
0
0
0
0
0
0
0
0
0
0
0
0
0
0
0
0
0
0
0
0
0
0
0
0
0
0
0
0
0
0
0
0
0
0
0
0
0
0
0
0
0
0
0
0
0
0
0
0
0
0
0
0
0
0
0
0
0
0
0
0
0
0
0
0
0
0
0
0
0
0
0
0
0
0
0
0
0
0
0
0
0
0
0
0
0
0
0
0
0
0
0
0
0
0
0
0
0
0
0
0
0
0
0
0
0
0
0
0
0
0
0
0
0
0
0
0
0
0
0
0
0
0
0
0
0
0
0
0
0
0
0
0
0
0
0
0
0
0
0
0
0
0
0
0
0
0
0
0
0
0
0
0
0
0
0
0
0
0
0
0
0
0
0
0
0
0
0
0
0
0
0
0
0
0
0
0
0
0
0
0
0
0
0
0
0
0
0
0
0
0
0
0
0
0
0
0
0
0
0
0
0
0
0
0
0
0
0
0
0
0
0
0
0
0
0
0
0
0
0
0
0
0
0
0
0
0
0
0
0
0
0
0
0
0
0
0
0
0
0
0
0
0
0
0
0
0
0
0
0
0
0
0
0
0
0
0
0
0
0
0
0
0
0
0
0
0
0
0
0
0
0
0
0
0
0
0
0
0
0
0
0
0
0
0
0
0
0
0
0
0
0
0
0
0
0
0
0
0
0
0
0
0
0
0
0
0
0
0
0
0
0
0
0
0
0
0
0
0
0
0
0
0
0
0
0
0
0
0
0
0
0
0
0
0
0
0
0
0
0
0
0
0
0
0
0
0
0
0
0
0
0
0
0
0
0
0
0
0
0
0
0
0
0
0
0
0
0
0
0
0
0
0
0
0
0
0
0
0
0
0
0
0
0
0
0
0
0
0
0
0
0
0
0
0
0
0
0
0
0
0
0
0
0
0
0
0
0
0
0
0
0
0
0
0
0
0
0
0
0
0
0
0
0
0
0
0
0
0
0
0
0
0
0
0
0
0
0
0
0
0
0
0
0
0
0
0
0
0
0
0
0
0
0
0
0
0
0
0
0
0
0
0
0
0
0
0
0
0
0
0
0
0
0
0
0
0
0
0
0
0
0
0
0
0
0
0
0
0
0
0
0
0
0
0
0
0
0
0
0
0
0
0
0
0
0
0
0
0
0
0
0
0
0
0
0
0
0
0
0
0
0
0
0
0
0
0
0
0
0
0
0
0
0
0
0
0
0
0
0
0
0
0
0
0
0
0
0
0
0
0
0
0
0
0
0
0
0
0
0
0
0
0
0
0
0
0
0
0
0
0
0
0
0
0
0
0
0
0
0
0
0
0
0
0
0
0
0
0
0
0
0
0
0
0
0
0
0
0
0
0
0
0
0
0
0
0
0
0
0
0
0
0
0
0
0
0
0
0
0
0
0
0
0
0
0
0
0
0
0
0
0
0
0
0
0
0
0
0
0
0
0
0
0
0
0
0
0
0
0
0
0
0
0
0
0
0
0
0
0
0
0
0
0
0
0
0
0
0
0
0
0
0
0
0
0
0
0
0
0
0
0
0
0
0
0
0
0
0
0
0
0
0
0
0
0
0
0
0
0
0
0
0
0
0
0
0
0
0
0
0
0
0
0
0
0
0
0
0
0
0
0
0
0
0
0
0
0
0
0
0
0
0
0
0
0
0
0
0
0
0
0
0
0
0
0
0
0
0
0
0
0
0
0
0
0
0
0
0
0
0
0
0
0
0
0
0
0
0
0
0
0
0
0
0
0
0
0
0
0
0
0
0
0
0
0
0
0
0
0
0
0
0
0
0
0
0
0
0
0
0
0
0
0
0
0
0
0
0
0
0
0
0
0
0
0
0
0
0
0
0
0
0
0
0
0
0
0
0
0
0
0
0
0
0
0
0
0
0
0
0
0
0
0
0
0
0
0
0
0
0
0
0
0
0
0
0
0
0
0
0
0
0
0
0
0
0
0
0
0
0
0
0
0
0
0
0
0
0
0
0
0
0
0
0
0
0
0
0
0
0
0
0
0
0
0
0
0
0
0
0
0
0
0
0
0
0
0
0
0
0
0
0
0
0
0
0
0
0
0
0
0
0
0
0
0
0
0
0
0
0
0
0
0
0
0
0
0
0
0
0
0
0
0
0
0
0
0
0
0
0
0
0
0
0
0
0
0
0
0
0
0
0
0
0
0
0
0
0
0
0
0
0
0
0
0
0
0
0
0
0
0
0
0
0
0
0
0
0
0
0
0
0
0
0
0
0
0
0
0
0
0
0
0
0
0
0
0
0
0
0
0
0
0
0
0
0
0
0
0
0
0
0
0
0
0
0
0
0
0
0
0
0
0
0
0
0
0
0
0
0
0
0
0
0
0
0
0
0
0
0
0
0
0
0
0
0
0
0
0
0
0
0
0
0
0
0
0
0
0
0
0
0
0
0
0
0
0
0
0
0
0
0
0
0
0
0
0
0
0
0
0
0
0
0
0
0
0
0
0
0
0
0
0
0
0
0
0
0
0
0
0
0
0
0
0
0
0
0
0
0
0
0
0
0
0
0
0
0
0
0
0
0
0
0
0
0
0
0
0
0
0
0
0
0
0
0
0
0
0
0
0
0
0
0
0
0
0
0
0
0
0
0
0
0
0
0
0
0
0
0
0
0
0
0
0
0
0
0
0
0
0
0
0
0
0
0
0
0
0
0
0
0
0
0
0
0
0
0
0
0
0
0
0
0
0
0
0
0
0
0
0
0
0
0
0
0
0
0
0
0
0
0
0
0
0
0
0
0
0
0
0
0
0
0
0
0
0
0
0
0
0
0
0
0
0
0
0
0
0
0
0
0
0
0
0
0
0
0
0
0
0
0
0
0
0
0
0
0
0
0
0
0
0
0
0
0
0
0
0
0
0
0
0
0
0
0
0
0
0
0
0
0
0
0
0
0
0
0
0
0
0
0
0
0
0
0
0
0
0
0
0
0
0
0
0
0
0
0
0
0
0
0
0
0
0
0
0
0
0
0
0
0
0
0
0
0
0
0
0
0
0
0
0
0
0
0
0
0
0
0
0
0
0
0
0
0
0
0
0
0
0
0
0
0
0
0
0
0
0
0
0
0
0
0
0
0
0
0
0
0
0
0
0
0
0
0
0
0
0
0
0
0
0
0
0
0
0
0
0
0
0
0
0
0
0
0
0
0
0
0
0
0
0
0
0
0
0
0
0
0
0
0
0
0
0
0
0
0
0
0
0
0
0
0
0
0
0
0
0
0
0
0
0
0
0
0
0
0
0
0
0
0
0
0
0
0
0
0
0
0
0
0
0
0
0
0
0
0
0
0
0
0
0
0
0
0
0
0
0
0
0
0
0
0
0
0
0
0
0
0
0
0
0
0
0
0
0
0
0
0
0
0
0
0
0
0
0
0
0
0
0
0
0
0
0
0
0
0
0
0
0
0
0
0
0
0
0
0
0
0
0
0
0
0
0
0
0
0
0
0
0
0
0
0
0
0
0
0
0
0
0
0
0
0
0
0
0
0
0
0
0
0
0
0
0
0
0
0
0
0
0
0
0
0
0
0
0
0
0
0
0
0
0
0
0
0
0
0
0
0
0
0
0
0
0
0
0
0
0
0
0
0
0
0
0
0
0
0
0
0
0
0
0
0
0
0
0
0
0
0
0
0
0
0
0
0
0
0
0
0
0
0
0
0
0
0
0
0
0
0
0
0
0
0
0
0
0
0
0
0
0
0
0
0
0
0
0
0
0
0
0
0
0
0
0
0
0
0
0
0
0
0
0
0
0
0
0
0
0
0
0
0
0
0
0
0
0
0
0
0
0
0
0
0
0
0
0
0
0
0
0
0
0
0
0
0
0
0
0
0
0
0
0
0
0
0
0
0
0
0
0
0
0
0
0
0
0
0
0
0
0
0
0
0
0
0
0
0
0
0
0
0
0
0
0
0
0
0
0
0
0
0
0
0
0
0
0
0
0
0
0
0
0
0
0
0
0
0
0
0
0
0
0
0
0
0
0
0
0
0
0
0
0
0
0
0
0
0
0
0
0
0
0
0
0
0
0
0
0
0
0
0
0
0
0
0
0
0
0
0
0
0
0
0
0
0
0
0
0
0
0
0
0
0
0
0
0
0
0
0
0
0
0
0
0
0
0
0
0
0
0
0
0
0
0
0
0
0
0
0
0
0
0
0
0
0
0
0
0
0
0
0
0
0
0
0
0
0
0
0
0
0
0
0
0
0
0
0
0
0
0
0
0
0
0
0
0
0
0
0
0
0
0
0
0
0
0
0
0
0
0
0
0
0
0
0
0
0
0
0
0
0
0
0
0
0
0
0
0
0
0
0
0
0
0
0
0
0
0
0
0
0
0
0
0
0
0
0
0
0
0
0
0
0
0
0
0
0
0
0
0
0
0
0
0
0
0
0
0
0
0
0
0
0
0
0
0
0
0
0
0
0
0
0
0
0
0
0
0
0
0
0
0
0
0
0
0
0
0
0
0
0
0
0
0
0
0
0
0
0
0
0
0
0
0
0
0
0
0
0
0
0
0
0
0
0
0
0
0
0
0
0
0
0
0
0
0
0
0
0
0
0
0
0
0
0
0
0
0
0
0
0
0
0
0
0
0
0
0
0
0
0
0
0
0
0
0
0
0
0
0
0
0
0
0
0
0
0
0
0
0
0
0
0
0
0
0
0
0
0
0
0
0
0
0
0
0
0
0
0
0
0
0
0
0
0
0
0
0
0
0
0
0
0
0
0
0
0
0
0
0
0
0
0
0
0
0
0
0
0
0
0
0
0
0
0
0
0
0
0
0
0
0
0
0
0
0
0
0
0
0
0
0
0
0
0
0
0
0
0
0
0
0
0
0
0
0
0
0
0
0
0
0
0
0
0
0
0
0
0
0
0
0
0
0
0
0
0
0
0
0
0
0
0
0
0
0
0
0
0
0
0
0
0
0
0
0
0
0
0
0
0
0
0
0
0
0
0
0
0
0
0
0
0
0
0
0
0
0
0
0
0
0
0
0
0
0
0
0
0
0
0
0
0
0
0
0
0
0
0
0
0
0
0
0
0
0
0
0
0
0
0
0
0
0
0
0
0
0
0
0
0
0
0
0
0
0
0
0
0
0
0
0
0
0
0
0
0
0
0
0
0
0
0
0
0
0
0
0
0
0
0
0
0
0
0
0
0
0
0
0
0
0
0
0
0
0
0
0
0
0
0
0
0
0
0
0
0
0
0
0
0
0
0
0
0
0
0
0
0
0
0
0
0
0
0
0
0
0
0
0
0
0
0
0
0
0
0
0
0
0
0
0
0
0
0
0
0
0
0
0
0
0
0
0
0
0
0
0
0
0
0
0
0
0
0
0
0
0
0
0
0
0
0
0
0
0
0
0
0
0
0
0
0
0
0
0
0
0
0
0
0
0
0
0
0
0
0
0
0
0
0
0
0
0
0
0
0
0
0
0
0
0
0
0
0
0
0
0
0
0
0
0
0
0
0
0
0
0
0
0
0
0
0
0
0
0
0
0
0
0
0
0
0
0
0
0
0
0
0
0
0
0
0
0
0
0
0
0
0
0
0
0
0
0
0
0
0
0
0
0
0
0
0
0
0
0
0
0
0
0
0
0
0
0
0
0
0
0
0
0
0
0
0
0
0
0
0
0
0
0
0
0
0
0
0
0
0
0
0
0
0
0
0
0
0
0
0
0
0
0
0
0
0
0
0
0
0
0
0
0
0
0
0
0
0
0
0
0
0
0
0
0
0
0
0
0
0
0
0
0
0
0
0
0
0
0
0
0
0
0
0
0
0
0
0
0
0
0
0
0
0
0
0
0
0
0
0
0
0
0
0
0
0
0
0
0
0
0
0
0
0
0
0
0
0
0
0
0
0
0
0
0
0
0
0
0
0
0
0
0
0
0
0
0
0
0
0
0
0
0
0
0
0
0
0
0
0
0
0
0
0
0
0
0
0
0
0
0
0
0
0
0
0
0
0
0
0
0
0
0
0
0
0
0
0
0
0
0
0
0
0
0
0
0
0
0
0
0
0
0
0
0
0
0
0
0
0
0
0
0
0
0
0
0
0
0
0
0
0
0
0
0
0
0
0
0
0
0
0
0
0
0
0
0
0
0
0
0
0
0
0
0
0
0
0
0
0
0
0
0
0
0
0
0
0
0
0
0
0
0
0
0
0
0
0
0
0
0
0
0
0
0
0
0
0
0
0
0
0
0
0
0
0
0
0
0
0
0
0
0
0
0
0
0
0
0
0
0
0
0
0
0
0
0
0
0
0
0
0
0
0
0
0
0
0
0
0
0
0
0
0
0
0
0
0
0
0
0
0
0
0
0
0
0
0
0
0
0
0
0
0
0
0
0
0
0
0
0
0
0
0
0
0
0
0
0
0
0
0
0
0
0
0
0
0
0
0
0
0
0
0
0
0
0
0
0
0
0
0
0
0
0
0
0
0
0
0
0
0
0
0
0
0
0
0
0
0
0
0
0
0
0
0
0
0
0
0
0
0
0
0
0
0
0
0
0
0
0
0
0
0
0
0
0
0
0
0
0
0
0
0
0
0
0
0
0
0
0
0
0
0
0
0
0
0
0
0
0
0
0
0
0
0
0
0
0
0
0
0
0
0
0
0
0
0
0
0
0
0
0
0
0
0
0
0
0
0
0
0
0
0
0
0
0
0
0
0
0
0
0
0
0
0
0
0
0
0
0
0
0
0
0
0
0
0
0
0
0
0
0
0
0
0
0
0
0
0
0
0
0
0
0
0
0
0
0
0
0
0
0
0
0
0
0
0
0
0
0
0
0
0
0
0
0
0
0
0
0
0
0
0
0
0
0
0
0
0
0
0
0
0
0
0
0
0
0
0
0
0
0
0
0
0
0
0
0
0
0
0
0
0
0
0
0
0
0
0
0
0
0
0
0
0
0
0
0
0
0
0
0
0
0
0
0
0
0
0
0
0
0
0
0
0
0
0
0
0
0
0
0
0
0
0
0
0
0
0
0
0
0
0
0
0
0
0
0
0
0
0
0
0
0
0
0
0
0
0
0
0
0
0
0
0
0
0
0
0
0
0
0
0
0
0
0
0
0
0
0
0
0
0
0
0
0
0
0
0
0
0
0
0
0
0
0
0
0
0
0
0
0
0
0
0
0
0
0
0
0
0
0
0
0
0
0
0
0
0
0
0
0
0
0
0
0
0
0
0
0
0
0
0
0
0
0
0
0
0
0
0
0
0
0
0
0
0
0
0
0
0
0
0
0
0
0
0
0
0
0
0
0
0
0
0
0
0
0
0
0
0
0
0
0
0
0
0
0
0
0
0
0
0
0
0
0
0
0
0
0
0
0
0
0
0
0
0
0
0
0
0
0
0
0
0
0
0
0
0
0
0
0
0
0
0
0
0
0
0
0
0
0
0
0
0
0
0
0
0
0
0
0
0
0
0
0
0
0
0
0
0
0
0
0
0
0
0
0
0
0
0
0
0
0
0
0
0
0
0
0
0
0
0
0
0
0
0
0
0
0
0
0
0
0
0
0
0
0
0
0
0
0
0
0
0
0
0
0
0
0
0
0
0
0
0
0
0
0
0
0
0
0
0
0
0
0
0
0
0
0
0
0
0
0
0
0
0
0
0
0
0
0
0
0
0
0
0
0
0
0
0
0
0
0
0
0
0
0
0
0
0
0
0
0
0
0
0
0
0
0
0
0
0
0
0
0
0
0
0
0
0
0
0
0
0
0
0
0
0
0
0
0
0
0
0
0
0
0
0
0
0
0
0
0
0
0
0
0
0
0
0
0
0
0
0
0
0
0
0
0
0
0
0
0
0
0
0
0
0
0
0
0
0
0
0
0
0
0
0
0
0
0
0
0
0
0
0
0
0
0
0
0
0
0
0
0
0
0
0
0
0
0
0
0
0
0
0
0
0
0
0
0
0
0
0
0
0
0
0
0
0
0
0
0
0
0
0
0
0
0
0
0
0
0
0
0
0
0
0
0
0
0
0
0
0
0
0
0
0
0
0
0
0
0
0
0
0
0
0
0
0
0
0
0
0
0
0
0
0
0
0
0
0
0
0
0
0
0
0
0
0
0
0
0
0
0
0
0
0
0
0
0
0
0
0
0
0
0
0
0
0
0
0
0
0
0
0
0
0
0
0
0
0
0
0
0
0
0
0
0
0
0
0
0
0
0
0
0
0
0
0
0
0
0
0
0
0
0
0
0
0
0
0
0
0
0
0
0
0
0
0
0
0
0
0
0
0
0
0
0
0
0
0
0
0
0
0
0
0
0
0
0
0
0
0
0
0
0
0
0
0
0
0
0
0
0
0
0
0
0
0
0
0
0
0
0
0
0
0
0
0
0
0
0
0
0
0
0
0
0
0
0
0
0
0
0
0
0
0
0
0
0
0
0
0
0
0
0
0
0
0
0
0
0
0
0
0
0
0
0
0
0
0
0
0
0
0
0
0
0
0
0
0
0
0
0
0
0
0
0
0
0
0
0
0
0
0
0
0
0
0
0
0
0
0
0
0
0
0
0
0
0
0
0
0
0
0
0
0
0
0
0
0
0
0
0
0
0
0
0
0
0
0
0
0
0
0
0
0
0
0
0
0
0
0
0
0
0
0
0
0
0
0
0
0
0
0
0
0
0
0
0
0
0
0
0
0
0
0
0
0
0
0
0
0
0
0
0
0
0
0
0
0
0
0
0
0
0
0
0
0
0
0
0
0
0
0
0
0
0
0
0
0
0
0
0
0
0
0
0
0
0
0
0
0
0
0
0
0
0
0
0
0
0
0
0
0
0
0
0
0
0
0
0
0
0
0
0
0
0
0
0
0
0
0
0
0
0
0
0
0
0
0
0
0
0
0
0
0
0
0
0
0
0
0
0
0
0
0
0
0
0
0
0
0
0
0
0
0
0
0
0
0
0
0
0
0
0
0
0
0
0
0
0
0
0
0
0
0
0
0
0
0
0
0
0
0
0
0
0
0
0
0
0
0
0
0
0
0
0
0
0
0
0
0
0
0
0
0
0
0
0
0
0
0
0
0
0
0
0
0
0
0
0
0
0
0
0
0
0
0
0
0
0
0
0
0
0
0
0
0
0
0
0
0
0
0
0
0
0
0
0
0
0
0
0
0
0
0
0
0
0
0
0
0
0
0
0
0
0
0
0
0
0
0
0
0
0
0
0
0
0
0
0
0
0
0
0
0
0
0
0
0
0
0
0
0
0
0
0
0
0
0
0
0
0
0
0
0
0
0
0
0
0
0
0
0
0
0
0
0
0
0
0
0
0
0
0
0
0
0
0
0
0
0
0
0
0
0
0
0
0
0
0
0
0
0
0
0
0
0
0
0
0
0
0
0
0
0
0
0
0
0
0
0
0
