0
0
0
0
0
0
0
0
0
0
0
0
0
0
0
0
0
0
0
0
0
0
0
0
0
0
0
0
0
0
0
0
0
0
0
0
0
0
0
0
0
0
0
0
0
0
1
0
1
0
1
1
0
0
0
0
1
0
0
1
0
0
0
0
0
0
0
0
0
0
0
0
0
0
0
1
0
0
0
0
0
0
0
0
0
0
0
1
0
0
0
0
0
0
0
0
0
1
0
0
0
0
0
0
0
0
0
0
1
0
0
0
0
0
0
0
0
0
0
0
0
0
0
0
0
0
0
0
0
0
0
0
1
0
0
0
0
0
0
0
0
1
0
0
0
1
0
0
0
0
0
0
0
1
1
0
0
1
0
0
0
2
0
0
0
0
0
0
0
1
0
0
1
0
0
0
1
0
0
1
0
0
0
0
1
0
0
0
1
0
0
0
0
0
0
0
1
1
0
0
0
0
2
0
0
0
2
0
0
0
1
0
0
0
0
0
0
0
0
0
0
0
0
0
0
0
0
1
0
0
0
0
0
0
0
0
1
0
0
0
0
0
1
2
1
0
0
1
0
0
0
0
1
0
1
0
0
0
2
0
0
0
0
0
0
0
1
0
0
1
0
0
1
0
0
2
0
2
0
0
0
0
0
1
0
0
0
0
0
1
1
0
0
1
1
0
0
0
0
0
1
0
0
1
1
0
2
1
0
0
0
0
1
0
0
1
0
0
1
0
1
1
0
1
0
2
1
0
0
1
1
1
0
1
0
0
2
0
0
2
2
2
1
0
0
0
0
6
2
2
4
0
2
4
2
0
3
3
1
2
3
0
0
0
2
1
1
2
0
0
0
0
1
0
3
0
1
2
2
3
1
1
3
3
2
1
1
1
1
2
3
3
2
0
1
3
3
1
0
3
2
1
3
1
5
4
1
2
1
5
0
4
1
2
0
1
2
1
2
1
1
1
1
3
1
1
2
2
2
3
2
2
3
3
0
3
1
3
4
3
2
3
2
2
2
2
2
0
2
3
1
2
4
3
3
1
2
5
1
4
2
1
0
3
1
1
1
4
2
5
3
1
4
2
4
2
3
5
1
2
5
4
5
0
3
1
2
1
3
9
7
1
4
6
3
1
2
4
2
1
2
2
3
4
7
3
10
3
3
9
6
6
3
5
7
5
3
4
5
4
3
6
5
9
9
5
4
10
1
5
2
3
2
9
3
3
4
4
8
8
10
3
4
7
10
7
3
5
7
5
7
2
8
3
5
10
9
8
4
3
7
8
6
2
5
3
5
4
8
5
2
16
2
4
13
7
9
7
7
3
8
8
13
9
6
13
6
7
10
7
9
6
5
9
6
7
11
8
6
12
7
6
4
8
6
3
12
6
11
6
9
6
15
10
6
8
15
13
11
14
5
10
11
13
8
12
9
11
7
11
11
8
11
15
9
10
4
5
14
12
18
18
10
13
11
15
12
10
12
12
14
10
4
11
10
16
12
12
11
18
15
10
7
7
12
10
7
13
12
10
4
15
18
11
11
14
18
15
15
17
11
13
11
20
13
17
13
14
14
16
12
16
20
13
21
14
14
13
18
19
15
14
15
19
13
22
19
20
16
13
14
20
21
22
17
10
25
12
12
15
19
14
21
19
17
22
19
26
21
12
21
24
23
19
23
16
21
25
19
18
19
17
26
21
23
20
20
19
17
14
29
28
16
24
35
24
32
24
28
26
23
26
18
37
25
22
22
27
26
30
25
28
25
31
25
45
20
37
25
30
25
28
18
31
30
26
30
30
27
33
27
29
25
29
30
28
28
36
30
31
31
30
30
32
28
33
26
39
36
42
29
25
40
26
39
34
23
32
41
38
39
33
31
41
41
42
38
35
32
30
35
41
41
33
42
32
35
36
43
37
45
44
33
43
50
41
38
37
32
28
39
33
46
41
40
42
56
42
42
39
39
41
46
47
39
58
39
37
47
40
47
44
43
39
40
36
58
62
37
43
43
56
63
42
51
41
43
51
49
32
60
66
51
42
62
55
37
49
40
76
48
53
60
52
58
51
56
55
59
60
55
67
70
45
57
41
61
55
53
62
56
54
62
58
59
52
60
77
55
64
65
82
63
55
54
70
80
63
68
63
58
54
65
57
71
61
70
55
64
69
69
62
77
69
79
59
81
70
84
93
74
68
69
65
77
69
79
68
68
83
80
80
75
69
75
65
73
72
77
78
77
95
78
91
80
103
61
84
77
78
83
97
90
97
77
90
84
85
91
97
78
87
77
103
81
99
91
82
115
101
86
86
88
102
97
76
107
118
94
94
88
103
92
103
93
83
92
102
89
102
98
98
104
112
86
115
104
106
111
90
121
107
111
123
105
110
130
102
105
92
117
91
101
110
114
130
114
135
112
122
132
127
102
122
114
105
125
93
123
123
127
113
122
116
125
116
135
106
124
111
128
107
118
134
130
126
134
134
131
116
114
115
144
150
125
126
121
129
123
140
148
143
139
146
141
144
134
144
138
137
148
164
153
162
140
137
163
154
162
156
152
133
140
143
164
135
169
169
165
138
146
145
144
142
156
174
171
174
179
178
173
144
159
175
153
151
189
168
166
169
186
155
181
189
158
179
152
156
191
169
173
169
187
183
154
194
166
181
190
155
165
181
183
185
173
185
160
209
170
149
194
195
211
188
198
203
187
195
166
198
205
211
183
208
199
181
181
179
198
202
184
185
207
215
213
202
214
223
210
210
190
237
211
203
209
215
200
207
234
222
217
222
231
219
237
216
210
232
223
230
209
230
230
218
223
244
251
208
227
246
248
223
264
211
236
239
242
253
228
243
241
252
226
245
210
246
252
244
250
228
257
246
225
253
260
270
242
266
259
241
252
264
258
271
253
255
267
262
246
283
265
281
266
259
284
244
249
295
269
276
291
263
282
271
286
302
275
269
306
258
258
283
277
271
282
300
289
235
271
304
282
290
310
313
261
342
263
291
284
322
275
315
286
312
270
297
335
321
301
314
301
293
340
322
315
323
318
321
296
354
316
333
327
341
333
329
351
360
323
336
307
325
330
338
326
317
314
333
327
316
340
309
321
346
356
326
361
368
347
339
363
366
316
325
355
389
345
376
334
352
352
385
356
398
362
366
329
349
343
335
405
368
350
380
374
364
355
365
386
405
385
370
378
419
354
366
403
397
342
446
379
412
420
415
391
418
411
397
405
392
403
384
403
418
418
373
426
396
389
412
388
427
384
421
394
322
403
372
371
434
449
409
410
440
407
424
418
449
444
384
370
446
442
417
463
443
437
443
399
448
438
439
438
443
422
430
449
454
443
416
436
435
460
487
425
462
451
496
449
426
512
480
418
454
495
415
468
473
448
468
463
489
464
446
487
465
462
455
462
499
522
480
455
498
482
512
472
492
522
489
503
510
523
464
455
434
551
521
499
541
502
468
469
491
483
473
519
496
522
455
514
471
514
526
540
523
529
520
543
527
597
541
522
596
513
535
494
551
517
555
520
521
512
564
499
564
578
530
517
521
546
512
532
443
535
528
575
558
598
509
572
586
575
597
547
630
552
545
565
525
591
591
581
588
551
588
576
606
635
618
564
583
587
586
590
599
601
581
572
631
626
573
600
603
650
597
586
625
562
571
569
616
638
597
571
633
599
562
602
627
582
627
606
653
610
629
648
618
645
604
594
647
682
646
601
639
637
640
595
680
636
642
595
550
618
630
641
669
667
654
637
632
657
710
645
639
654
608
627
636
627
656
649
649
702
699
658
650
644
635
642
648
659
668
638
724
644
670
696
685
695
684
724
669
708
680
650
666
689
682
681
557
739
684
693
686
686
689
687
750
716
671
666
643
725
697
649
672
736
708
683
763
731
696
700
737
674
675
679
754
752
741
700
733
708
766
678
724
716
715
708
642
717
719
715
758
720
735
686
734
716
772
730
769
768
738
738
732
714
748
721
781
702
722
645
767
745
784
730
797
757
745
774
734
764
755
700
759
795
753
639
683
786
799
759
775
768
751
748
796
825
761
774
774
795
778
769
755
802
754
738
795
757
757
733
820
775
767
808
772
819
802
773
758
789
842
802
797
769
764
794
771
771
819
792
753
843
773
774
631
825
785
749
821
867
791
791
768
803
761
773
803
827
747
729
749
800
786
818
844
816
817
810
786
832
824
820
827
841
866
753
811
838
803
828
826
814
900
734
792
788
792
788
851
841
809
776
839
843
797
847
869
837
792
807
846
882
856
780
842
845
841
800
831
834
865
859
901
824
867
851
823
869
782
825
899
817
834
742
746
875
867
892
868
859
816
824
840
876
832
822
875
846
816
823
820
886
873
908
878
847
844
830
823
858
831
874
832
840
830
824
808
881
898
846
836
877
863
853
869
889
803
887
902
881
832
852
705
877
819
876
904
828
843
853
866
873
834
864
887
839
873
788
830
879
878
875
893
833
833
840
837
876
839
774
903
893
856
891
903
946
847
831
903
863
863
833
866
840
890
840
920
845
902
809
832
840
858
926
859
926
893
825
835
925
797
862
904
857
904
860
878
882
890
893
855
912
936
849
904
891
877
895
884
926
898
795
820
929
892
889
925
929
886
881
914
880
861
883
885
890
937
885
901
878
876
883
948
831
881
889
916
848
939
909
956
893
891
823
871
921
877
904
928
920
901
881
913
893
930
857
883
860
881
901
732
892
868
908
944
914
859
925
897
855
808
874
907
851
853
811
886
880
877
861
950
888
841
871
906
886
888
895
913
871
846
827
921
859
881
846
935
885
847
897
889
847
888
861
901
877
893
807
954
846
827
880
927
884
880
886
830
864
822
864
832
890
883
873
923
874
805
847
896
882
853
813
865
881
868
865
898
793
840
763
797
849
910
888
921
923
857
867
944
817
880
854
896
832
846
862
903
822
855
847
857
871
867
833
853
840
835
884
898
838
849
851
844
855
834
853
887
847
864
859
862
816
868
833
920
831
880
842
731
817
847
875
887
826
845
827
829
816
840
876
872
870
852
796
795
856
866
829
838
862
807
868
844
833
783
788
852
830
923
811
847
801
826
821
841
856
849
786
864
855
890
839
861
803
824
789
804
845
838
867
819
816
818
837
868
790
760
799
798
836
798
809
845
852
825
775
850
794
830
802
849
838
785
826
802
816
755
716
712
818
804
794
816
775
822
759
826
797
777
786
807
778
824
744
862
796
786
805
866
839
769
837
800
811
808
755
735
826
794
782
787
769
740
768
868
773
772
756
791
759
762
750
795
807
807
782
657
777
749
766
760
768
796
853
796
770
741
804
696
727
780
762
736
739
769
789
722
723
712
705
753
750
752
749
761
755
770
765
719
720
722
708
829
747
714
680
757
729
681
769
791
740
769
687
725
757
715
735
778
776
756
730
770
747
730
699
740
733
752
691
762
701
716
739
716
725
700
702
782
721
699
674
729
723
704
650
597
667
736
661
732
684
733
686
649
711
697
722
682
696
658
657
724
716
722
670
727
700
675
633
695
701
669
670
688
704
692
680
707
689
721
657
667
640
632
661
667
700
631
670
698
695
662
678
569
647
700
715
642
622
664
697
697
696
620
664
638
646
633
634
662
671
636
644
610
660
656
630
639
663
658
626
662
638
617
647
641
646
607
643
650
687
606
586
634
648
638
600
647
683
589
539
594
593
601
661
671
598
607
615
638
632
616
594
596
608
582
605
601
585
578
618
602
592
595
580
609
596
608
573
616
590
566
555
498
622
589
569
592
577
582
580
597
587
599
546
548
608
534
565
593
596
577
538
537
543
560
553
575
568
536
590
563
544
530
545
555
565
540
588
573
532
573
526
544
579
554
535
528
555
577
530
453
549
568
520
628
525
493
589
591
549
534
522
509
543
504
511
529
521
517
516
534
480
538
505
524
511
510
505
509
545
518
498
527
516
480
540
534
511
479
544
523
498
485
463
525
455
483
435
488
489
480
521
500
521
549
464
481
495
513
471
539
438
471
490
522
498
477
481
494
479
461
480
470
461
485
462
415
487
465
421
421
479
482
460
478
485
478
444
460
466
452
421
448
457
464
466
470
445
451
435
487
440
474
424
437
414
431
452
451
440
446
402
379
419
434
435
443
452
418
425
436
431
386
416
426
417
419
449
347
383
406
402
399
417
400
421
419
372
416
429
428
390
378
392
420
412
406
353
414
426
405
391
427
383
394
390
395
383
399
405
401
382
405
403
387
395
367
382
369
404
400
369
402
353
402
363
354
381
347
388
382
363
358
380
357
348
348
350
356
363
385
369
360
359
341
350
367
412
323
358
366
373
344
339
400
398
383
330
309
322
334
361
357
323
320
336
356
352
362
333
328
323
343
299
339
328
324
322
336
338
330
344
364
333
291
302
290
312
335
325
338
318
334
308
317
305
346
308
301
317
277
313
320
310
319
322
270
291
297
315
320
302
291
275
306
267
310
272
297
287
273
289
287
301
302
305
317
287
311
246
280
272
296
284
290
296
300
294
279
297
300
291
323
261
294
256
249
281
257
270
263
270
241
264
272
310
303
244
288
279
265
281
288
274
237
229
261
253
266
268
249
252
245
264
240
269
305
270
258
270
269
275
255
233
275
258
212
262
259
267
261
274
268
276
249
242
230
214
257
226
210
228
235
222
253
222
243
228
191
210
189
237
242
235
225
231
206
223
210
243
237
204
196
220
234
246
220
237
225
205
201
205
200
233
166
235
232
224
200
215
214
235
214
219
197
210
227
192
206
188
219
206
204
221
218
212
211
184
195
216
177
179
203
206
208
208
172
197
188
192
188
201
168
206
196
181
188
183
198
205
195
174
165
209
180
198
198
198
169
189
192
164
170
200
185
196
188
175
163
169
177
179
166
181
171
167
167
177
186
162
191
164
160
145
159
151
182
187
181
187
189
172
159
175
167
167
152
150
165
149
158
142
138
163
150
163
156
155
157
145
152
159
164
163
151
146
127
155
151
147
156
130
162
142
150
141
157
132
151
144
148
123
122
152
117
138
131
143
137
140
156
164
137
146
147
142
133
143
154
145
138
120
135
130
152
154
143
115
121
123
113
134
134
146
123
139
112
142
125
138
127
130
120
135
144
139
133
130
133
112
133
129
140
115
122
137
96
112
122
125
117
130
104
112
117
123
125
104
106
117
110
120
115
116
115
102
118
102
138
119
123
102
90
104
108
100
105
112
110
108
103
104
103
100
126
121
118
108
90
113
91
90
104
101
84
100
91
110
100
115
100
117
113
104
116
97
106
95
95
96
94
96
91
92
96
99
80
100
87
113
75
87
94
88
75
76
89
90
86
75
86
71
76
106
78
72
87
79
88
93
76
68
71
88
103
84
107
85
77
68
73
74
95
90
84
83
96
81
91
73
64
78
81
63
79
100
84
70
77
78
69
63
83
84
69
76
80
81
79
84
72
70
91
62
71
80
68
70
76
80
70
65
71
83
69
85
79
67
55
49
61
61
67
84
67
70
54
63
76
61
69
78
69
67
80
57
78
60
67
61
67
65
81
56
52
62
79
58
52
51
65
52
58
49
45
59
61
44
59
55
65
51
58
50
51
54
61
63
58
71
60
56
64
44
59
57
58
52
56
55
57
55
46
70
45
51
63
49
65
60
51
43
58
48
64
44
52
70
54
56
51
60
47
48
59
57
41
48
41
49
50
58
51
49
46
46
54
45
41
46
52
48
42
38
36
39
38
36
43
45
43
37
52
44
49
37
42
44
50
49
36
51
25
44
40
40
49
35
40
38
27
48
42
34
37
39
31
45
41
32
40
29
43
37
47
26
36
36
40
51
37
44
31
30
39
38
37
40
41
27
34
24
30
28
42
31
26
31
33
33
38
41
36
33
36
31
34
38
33
46
42
32
42
36
33
30
28
34
33
37
32
21
35
29
30
25
32
34
34
37
31
28
20
37
38
25
36
28
29
36
24
35
31
30
36
30
36
26
28
26
28
30
29
28
31
37
19
25
38
26
31
20
27
33
31
18
19
26
20
17
28
25
24
22
32
21
18
29
19
20
32
20
32
15
24
19
14
21
32
25
22
25
24
25
22
22
22
16
22
18
23
28
23
14
20
19
25
15
19
20
23
22
27
32
23
24
25
25
30
33
16
21
30
23
20
17
14
17
16
19
24
23
20
23
20
17
15
26
27
19
20
11
22
14
11
16
17
7
21
18
16
15
20
19
18
19
23
16
14
19
12
14
17
15
17
15
29
11
16
19
17
19
17
13
18
10
9
14
20
13
27
17
18
14
13
14
19
6
11
21
8
16
11
9
17
14
16
15
10
12
17
20
20
16
15
18
13
9
11
8
7
13
17
16
14
12
9
15
11
10
12
12
16
12
7
20
9
16
13
12
12
16
12
12
10
9
9
12
10
24
12
10
8
7
11
8
14
8
12
15
12
13
14
14
10
2
18
10
18
15
6
8
6
4
9
9
11
9
12
9
7
6
8
6
9
11
9
12
9
8
2
7
11
15
14
9
7
10
10
7
8
6
10
9
9
7
10
6
9
5
13
4
8
10
10
9
5
6
10
9
7
11
8
10
8
9
13
7
5
6
4
11
8
4
5
9
8
6
13
4
7
5
6
7
6
7
5
10
4
9
8
4
5
6
9
11
4
5
1
12
8
7
10
4
6
11
5
8
6
6
4
3
3
15
13
7
11
6
2
4
4
6
6
8
10
6
7
7
9
4
3
6
3
7
7
2
2
4
7
4
6
8
5
3
4
5
3
5
7
9
6
3
4
4
3
6
6
6
7
6
6
3
3
2
6
7
9
3
11
7
3
6
9
5
2
2
4
4
3
6
8
4
4
5
5
4
7
5
2
4
2
5
3
3
7
5
9
2
9
5
7
4
0
3
3
4
3
6
1
2
3
1
6
3
3
6
1
5
5
2
2
3
2
5
3
3
3
3
1
2
2
1
3
6
3
3
4
4
2
3
1
5
5
2
0
5
3
3
3
3
2
4
6
4
1
1
4
0
4
2
1
3
1
2
5
2
1
0
4
1
3
5
2
2
1
5
1
5
3
5
0
3
0
2
2
3
0
3
4
2
1
2
2
5
2
3
7
4
3
2
2
1
1
4
1
6
1
2
0
1
7
2
3
0
3
0
0
3
3
7
5
5
5
2
3
4
1
2
2
0
4
1
5
3
3
3
1
1
4
3
3
2
1
0
1
2
1
3
2
2
0
2
1
1
2
6
4
0
3
1
2
2
3
1
1
2
1
0
3
1
1
1
1
1
2
1
4
2
1
1
7
1
3
1
2
2
0
3
1
0
2
0
2
1
1
1
2
1
1
2
0
0
1
0
1
4
2
0
1
0
2
3
1
4
1
2
0
0
3
0
0
0
4
0
1
2
0
1
2
0
1
0
0
1
0
2
0
0
3
0
1
0
1
1
1
1
1
1
1
2
1
1
0
1
2
0
1
2
0
0
0
0
0
0
1
0
1
2
0
2
2
0
1
1
0
1
3
2
1
1
0
1
0
1
2
0
0
1
0
1
1
1
1
1
1
0
0
0
1
0
0
0
0
2
1
0
2
0
0
1
1
0
1
0
2
1
0
0
2
0
0
0
0
1
1
0
2
0
0
0
2
0
0
0
0
2
0
3
1
1
1
0
1
1
0
0
0
0
0
0
0
3
0
0
1
0
3
1
0
0
0
0
1
1
0
0
1
1
0
0
0
0
0
0
0
0
1
0
0
0
0
0
1
0
0
0
0
0
0
0
0
1
2
2
1
0
0
0
0
0
0
0
0
0
0
0
1
0
1
0
0
0
0
0
1
0
0
0
1
0
0
1
0
1
0
0
0
0
0
0
0
2
1
0
0
0
0
1
0
1
0
0
0
1
0
0
0
0
0
0
1
1
0
0
0
1
0
0
1
0
0
0
0
0
0
1
0
0
1
0
1
1
1
0
1
0
0
1
0
0
0
0
0
0
1
1
0
0
0
0
0
1
0
0
0
0
0
0
0
1
0
1
1
0
0
0
1
0
0
0
0
1
0
0
0
2
0
0
1
0
0
0
0
0
0
0
0
0
0
0
0
0
1
0
1
0
0
0
0
0
0
0
0
0
0
0
0
0
0
0
0
0
0
0
0
0
0
0
0
0
0
0
0
0
0
0
0
0
0
0
0
0
0
0
0
0
0
0
0
0
0
0
0
0
0
0
0
0
0
0
0
0
0
0
0
0
0
0
0
0
0
0
0
0
0
0
0
0
0
0
1
0
0
0
0
0
0
0
0
0
0
0
0
0
0
0
0
0
0
0
0
0
0
0
0
0
0
0
0
1
0
0
0
0
1
0
0
0
0
0
0
0
0
0
0
0
0
0
0
1
0
0
0
0
0
0
0
0
1
0
0
0
0
0
0
0
0
0
0
0
0
0
0
0
0
0
0
0
0
0
0
0
0
0
0
0
0
0
0
0
0
0
0
0
0
0
0
0
1
0
0
0
0
0
0
0
0
0
0
0
0
0
0
1
0
0
0
0
0
0
0
0
0
0
0
0
0
0
0
1
0
0
0
1
0
0
0
0
0
1
0
0
0
0
0
0
0
0
0
0
0
0
0
0
0
0
0
0
0
0
0
0
0
0
0
0
0
0
0
0
0
0
0
0
0
0
0
0
0
0
0
0
0
1
0
0
0
0
0
0
0
0
0
0
0
0
0
1
0
0
0
0
0
0
0
0
0
0
0
0
0
0
0
0
0
0
0
0
0
0
0
0
0
0
0
1
0
0
0
0
0
0
0
0
0
0
0
0
0
0
0
0
0
0
0
0
0
0
0
0
0
1
0
0
0
0
0
0
0
0
0
0
0
0
0
0
0
0
0
0
0
0
0
0
0
0
0
0
0
0
0
0
0
0
0
0
0
0
0
0
0
0
0
0
0
0
0
0
0
0
0
0
0
0
0
0
0
0
0
0
0
0
0
0
0
0
0
0
0
0
0
0
1
0
0
0
0
0
0
0
0
0
0
0
0
0
0
0
0
0
0
1
0
0
0
0
0
0
0
0
0
0
0
0
0
0
0
0
0
0
0
0
0
0
0
0
0
0
0
1
0
0
0
0
0
0
0
0
0
0
0
0
0
0
0
0
0
0
0
0
0
0
0
0
0
0
0
0
0
0
0
0
0
0
0
0
0
0
0
0
0
0
0
0
0
0
0
0
0
0
0
0
0
0
0
0
0
0
0
0
0
0
0
0
0
0
0
0
0
0
0
0
0
0
0
0
0
0
0
0
0
0
0
0
0
0
0
0
0
0
0
0
0
0
0
0
0
0
0
0
0
0
0
0
0
0
0
0
0
0
0
0
0
0
0
0
0
0
0
0
0
0
0
0
0
0
0
0
0
0
0
0
0
0
0
0
0
0
0
0
0
0
0
0
0
0
0
0
0
0
0
0
0
0
0
0
0
0
0
0
0
0
0
0
0
0
0
0
0
0
0
0
0
0
0
0
0
0
0
0
0
0
0
0
0
0
0
0
0
0
0
0
0
0
0
0
0
0
0
0
0
0
0
0
0
0
0
0
0
0
0
0
0
0
0
0
0
0
0
0
0
0
0
0
0
0
0
0
0
0
0
0
0
0
0
0
0
0
0
0
0
0
0
0
0
0
0
0
0
0
0
0
0
0
0
0
0
0
0
0
0
0
0
0
0
0
0
0
0
0
0
0
0
0
0
0
0
0
0
0
0
0
0
0
0
0
0
0
0
0
0
0
0
0
0
0
0
0
0
0
0
0
0
0
0
0
0
0
0
0
0
0
0
0
0
0
0
0
0
0
0
0
0
0
0
0
0
0
0
0
0
0
0
0
0
0
0
0
0
0
0
0
0
0
0
0
0
0
0
0
0
0
0
0
0
0
0
0
0
0
0
0
0
0
0
0
0
0
0
0
0
0
0
0
0
0
0
0
0
0
0
0
0
0
0
0
0
0
0
0
0
0
0
0
0
0
0
0
0
0
0
0
0
0
0
0
0
0
0
0
0
0
0
0
0
0
0
0
0
0
0
0
0
0
0
0
0
0
0
0
0
0
0
0
0
0
0
0
0
0
0
0
0
0
0
0
0
0
0
0
0
0
0
0
0
0
0
0
0
0
0
0
0
0
0
0
0
0
0
0
0
0
0
0
0
0
0
0
0
0
0
0
0
0
0
0
0
0
0
0
0
0
0
0
0
0
0
0
0
0
0
0
0
0
0
0
0
0
0
0
0
0
0
0
0
0
0
0
0
0
0
0
0
0
0
0
0
0
0
0
0
0
0
0
0
0
0
0
0
0
0
0
0
0
0
0
0
0
0
0
0
0
0
0
0
0
0
0
0
0
0
0
0
0
0
0
0
0
0
0
0
0
0
0
0
0
0
0
0
0
0
0
0
0
0
0
0
0
0
0
0
0
0
0
0
0
0
0
0
0
0
0
0
0
0
0
0
0
0
0
0
0
0
0
0
0
0
0
0
0
0
0
0
0
0
0
0
0
0
0
0
0
0
0
0
0
0
0
0
0
0
0
0
0
0
0
0
0
0
0
0
0
0
0
0
0
0
0
0
0
0
0
0
0
0
0
0
0
0
0
0
0
0
0
0
0
0
0
0
0
0
0
0
0
0
0
0
0
0
0
0
0
0
0
0
0
0
0
0
0
0
0
0
0
0
0
0
0
0
0
0
0
0
0
0
0
0
0
0
0
0
0
0
0
0
0
0
0
0
0
0
0
0
0
0
0
0
0
0
0
0
0
0
0
0
0
0
0
0
0
0
0
0
0
0
0
0
0
0
0
0
0
0
0
0
0
0
0
0
0
0
0
0
0
0
0
0
0
0
0
0
0
0
0
0
0
0
0
0
0
0
0
0
0
0
0
0
0
0
0
0
0
0
0
0
0
0
0
0
0
0
0
0
0
0
0
0
0
0
0
0
0
0
0
0
0
0
0
0
0
0
0
0
0
0
0
0
0
0
0
0
0
0
0
0
0
0
0
0
0
0
0
0
0
0
0
0
0
0
0
0
0
0
0
0
0
0
0
0
0
0
0
0
0
0
0
0
0
0
0
0
0
0
0
0
0
0
0
0
0
0
0
0
0
0
0
0
0
0
0
0
0
0
0
0
0
0
0
0
0
0
0
0
0
0
0
0
0
0
0
0
0
0
0
0
0
0
0
0
0
0
0
0
0
0
0
0
0
0
0
0
0
0
0
0
0
0
0
0
0
0
0
0
0
0
0
0
0
0
0
0
0
0
0
0
0
0
0
0
0
0
0
0
0
0
0
0
0
0
0
0
0
0
0
0
0
0
0
0
0
0
0
0
0
0
0
0
0
0
0
0
0
0
0
0
0
0
0
0
0
0
0
0
0
0
0
0
0
0
0
0
0
0
0
0
0
0
0
0
0
0
0
0
0
0
0
0
0
0
0
0
0
0
0
0
0
0
0
0
0
0
0
0
0
0
0
0
0
0
0
0
0
0
0
0
0
0
0
0
0
0
0
0
0
0
0
0
0
0
0
0
0
0
0
0
0
0
0
0
0
0
0
0
0
0
0
0
0
0
0
0
0
0
0
0
0
0
0
0
0
0
0
0
0
0
0
0
0
0
0
0
0
0
0
0
0
0
0
0
0
0
0
0
0
0
0
0
0
0
0
0
0
0
0
0
0
0
0
0
0
0
0
0
0
0
0
0
0
0
0
0
0
0
0
0
0
0
0
0
0
0
0
0
0
0
0
0
0
0
0
0
0
0
0
0
0
0
0
0
0
0
0
0
0
0
0
0
0
0
0
0
0
0
0
0
0
0
0
0
0
0
0
0
0
0
0
0
0
0
0
0
0
0
0
0
0
0
0
0
0
0
0
0
0
0
0
0
0
0
0
0
0
0
0
0
0
0
0
0
0
0
0
0
0
0
0
0
0
0
0
0
0
0
0
0
0
0
0
0
0
0
0
0
0
0
0
0
0
0
0
0
0
0
0
0
0
0
0
0
0
0
0
0
0
0
0
0
0
0
0
0
0
0
0
0
0
0
0
0
0
0
0
0
0
0
0
0
0
0
0
0
0
0
0
0
0
0
0
0
0
0
0
0
0
0
0
0
0
0
0
0
0
0
0
0
0
0
0
0
0
0
0
0
0
0
0
0
0
0
0
0
0
0
0
0
0
0
0
0
0
0
0
0
0
0
0
0
0
0
0
0
0
0
0
0
0
0
0
0
0
0
0
0
0
0
0
0
0
0
0
0
0
0
0
0
0
0
0
0
0
0
0
0
0
0
0
0
0
0
0
0
0
0
0
0
0
0
0
0
0
0
0
0
0
0
0
0
0
0
0
0
0
0
0
0
0
0
0
0
0
0
0
0
0
0
0
0
0
0
0
0
0
0
0
0
0
0
0
0
0
0
0
0
0
0
0
0
0
0
0
0
0
0
0
0
0
0
0
0
0
0
0
0
0
0
0
0
0
0
0
0
0
0
0
0
0
0
0
0
0
0
0
0
0
0
0
0
0
0
0
0
0
0
0
0
0
0
0
0
0
0
0
0
0
0
0
0
0
0
0
0
0
0
0
0
0
0
0
0
0
0
0
0
0
0
0
0
0
0
0
0
0
0
0
0
0
0
0
0
0
0
0
0
0
0
0
0
0
0
0
0
0
0
0
0
0
0
0
0
0
0
0
0
0
0
0
0
0
0
0
0
0
0
0
0
0
0
0
0
0
0
0
0
0
0
0
0
0
0
0
0
0
0
0
0
0
0
0
0
0
0
0
0
0
0
0
0
0
0
0
0
0
0
0
0
0
0
0
0
0
0
0
0
0
0
0
0
0
0
0
0
0
0
0
0
0
0
0
0
0
0
0
0
0
0
0
0
0
0
0
0
0
0
0
0
0
0
0
0
0
0
0
0
0
0
0
0
0
0
0
0
0
0
0
0
0
0
0
0
0
0
0
0
0
0
0
0
0
0
0
0
0
0
0
0
0
0
0
0
0
0
0
0
0
0
0
0
0
0
0
0
0
0
0
0
0
0
0
0
0
0
0
0
0
0
0
0
0
0
0
0
0
0
0
0
0
0
0
0
0
0
0
0
0
0
0
0
0
0
0
0
0
0
0
0
0
0
0
0
0
0
0
0
0
0
0
0
0
0
0
0
0
0
0
0
0
0
0
0
0
0
0
0
0
0
0
0
0
0
0
0
0
0
0
0
0
0
0
0
0
0
0
0
0
0
0
0
0
0
0
0
0
0
0
0
0
0
0
0
0
0
0
0
0
0
0
0
0
0
0
0
0
0
0
0
0
0
0
0
0
0
0
0
0
0
0
0
0
0
0
0
0
0
0
0
0
0
0
0
0
0
0
0
0
0
0
0
0
0
0
0
0
0
0
0
0
0
0
0
0
0
0
0
0
0
0
0
0
0
0
0
0
0
0
0
0
0
0
0
0
0
0
0
0
0
0
0
0
0
0
0
0
0
0
0
0
0
0
0
0
0
0
0
0
0
0
0
0
0
0
0
0
0
0
0
0
0
0
0
0
0
0
0
0
0
0
0
0
0
0
0
0
0
0
0
0
0
0
0
0
0
0
0
0
0
0
0
0
0
0
0
0
0
0
0
0
0
0
0
0
0
0
0
0
0
0
0
0
0
0
0
0
0
0
0
0
0
0
0
0
0
0
0
0
0
0
0
0
0
0
0
0
0
0
0
0
0
0
0
0
0
0
0
0
0
0
0
0
0
0
0
0
0
0
0
0
0
0
0
0
0
0
0
0
0
0
0
0
0
0
0
0
0
0
0
0
0
0
0
0
0
0
0
0
0
0
0
0
0
0
0
0
0
0
0
0
0
0
0
0
0
0
0
0
0
0
0
0
0
0
0
0
0
0
0
0
0
0
0
0
0
0
0
0
0
0
0
0
0
0
0
0
0
0
0
0
0
0
0
0
0
0
0
0
0
0
0
0
0
0
0
0
0
0
0
0
0
0
0
0
0
0
0
0
0
0
0
0
0
0
0
0
0
0
0
0
0
0
0
0
0
0
0
0
0
0
0
0
0
0
0
0
0
0
0
0
0
0
0
0
0
0
0
0
0
0
0
0
0
0
0
0
0
0
0
0
0
0
0
0
0
0
0
0
0
0
0
0
0
0
0
0
0
0
0
0
0
0
0
0
0
0
0
0
0
0
0
0
0
0
0
0
0
0
0
0
0
0
0
0
0
0
0
0
0
0
0
0
0
0
0
0
0
0
0
0
0
0
0
0
0
0
0
0
0
0
0
0
0
0
0
0
0
0
0
0
0
0
0
0
0
0
0
0
0
0
0
0
0
0
0
0
0
0
0
0
0
0
0
0
0
0
0
0
0
0
0
0
0
0
0
0
0
0
0
0
0
0
0
0
0
0
0
0
0
0
0
0
0
0
0
0
0
0
0
0
0
0
0
0
0
0
0
0
0
0
0
0
0
0
0
0
0
0
0
0
0
0
0
0
0
0
0
0
0
0
0
0
0
0
0
0
0
0
0
0
0
0
0
0
0
0
0
0
0
0
0
0
0
0
0
0
0
0
0
0
0
0
0
0
0
0
0
0
0
0
0
0
0
0
0
0
0
0
0
0
0
0
0
0
0
0
0
0
0
0
0
0
0
0
0
0
0
0
0
0
0
0
0
0
0
0
0
0
0
0
0
0
0
0
0
0
0
0
0
0
0
0
0
0
0
0
0
0
0
0
0
0
0
0
0
0
0
0
0
0
0
0
0
0
0
0
0
0
0
0
0
0
0
0
0
0
0
0
0
0
0
0
0
0
0
0
0
0
0
0
0
0
0
0
0
0
0
0
0
0
0
0
0
0
0
0
0
0
0
0
0
0
0
0
0
0
0
0
0
0
0
0
0
0
0
0
0
0
0
0
0
0
0
0
0
0
0
0
0
0
0
0
0
0
0
0
0
0
0
0
0
0
0
0
0
0
0
0
0
0
0
0
0
0
0
0
0
0
0
0
0
0
0
0
0
0
0
0
0
0
0
0
0
0
0
0
0
0
0
0
0
0
0
0
0
0
0
0
0
0
0
0
0
0
0
0
0
0
0
0
0
0
0
0
0
0
0
0
0
0
0
0
0
0
0
0
0
0
0
0
0
0
0
0
0
0
0
0
0
0
0
0
0
0
0
0
0
0
0
0
0
0
0
0
0
0
0
0
0
0
0
0
0
0
0
0
0
0
0
0
0
0
0
0
0
0
0
0
0
0
0
0
0
0
0
0
0
0
0
0
0
0
0
0
0
0
0
0
0
0
0
0
0
0
0
0
0
0
0
0
0
0
0
0
0
0
0
0
0
0
0
0
0
0
0
0
0
0
0
0
0
0
0
0
0
0
0
0
0
0
0
0
0
0
0
0
0
0
0
0
0
0
0
0
0
0
0
0
0
0
0
0
0
0
0
0
0
0
0
0
0
0
0
0
0
0
0
0
0
0
0
0
0
0
0
0
0
0
0
0
0
0
0
0
0
0
0
0
0
0
0
0
0
0
0
0
0
0
0
0
0
0
0
0
0
0
0
0
0
0
0
0
0
0
0
0
0
0
0
0
0
0
0
0
0
0
0
0
0
0
0
0
0
0
0
0
0
0
0
0
0
0
0
0
0
0
0
0
0
0
0
0
0
0
0
0
0
0
0
0
0
0
0
0
0
0
0
0
0
0
0
0
0
0
0
0
0
0
0
0
0
0
0
0
0
0
0
0
0
0
0
0
0
0
0
0
0
0
0
0
0
0
0
0
0
0
0
0
0
0
0
0
0
0
0
0
0
0
0
0
0
0
0
0
0
0
0
0
0
0
0
0
0
0
0
0
0
0
0
0
0
0
0
0
0
0
0
0
0
0
0
0
0
0
0
0
0
0
0
0
0
0
0
0
0
0
0
0
0
0
0
0
0
0
0
0
0
0
0
0
0
0
0
0
0
0
0
0
0
0
0
0
0
0
0
0
0
0
0
0
0
0
0
0
0
0
0
0
0
0
0
0
0
0
0
0
0
0
0
0
0
0
0
0
0
0
0
0
0
0
0
0
0
0
0
0
0
0
0
0
0
0
0
0
0
0
0
0
0
0
0
0
0
0
0
0
0
0
0
0
0
0
0
0
0
0
0
0
0
0
0
0
0
0
0
0
0
0
0
0
0
0
0
0
0
0
0
0
0
0
0
0
0
0
0
0
0
0
0
0
0
0
0
0
0
0
0
0
0
0
0
0
0
0
0
0
0
0
0
0
0
0
0
0
0
0
0
0
0
0
0
0
0
0
0
0
0
0
0
0
0
0
0
0
0
0
0
0
0
0
0
0
0
0
0
0
0
0
0
0
0
0
0
0
0
0
0
0
0
0
0
0
0
0
0
0
0
0
0
0
0
0
0
0
0
0
0
0
0
0
0
0
0
0
0
0
0
0
0
0
0
0
0
0
0
0
0
0
0
0
0
0
0
0
0
0
0
0
0
0
0
0
0
0
0
0
0
0
0
