0
0
0
2
4
1
2
0
0
0
0
1
2
2
1
2
1
0
0
2
0
2
0
1
4
0
1
1
2
2
1
0
3
1
1
0
2
1
1
0
2
1
0
0
2
2
2
1
2
0
1
3
0
1
0
0
1
3
4
3
1
1
4
3
2
2
2
3
0
2
1
1
5
1
0
2
3
0
0
0
4
0
3
2
6
4
3
2
1
2
1
2
1
2
2
0
3
1
2
2
2
1
5
2
4
4
2
3
4
0
1
4
1
1
5
1
1
2
5
7
1
1
4
2
2
4
1
4
4
2
3
5
6
2
3
2
3
6
2
2
4
4
5
3
5
4
6
3
3
3
4
4
5
5
1
6
2
2
5
3
5
5
5
2
3
3
3
3
4
4
6
6
3
7
4
4
11
5
0
3
8
11
7
6
6
3
10
5
3
9
6
7
3
3
9
7
5
3
8
9
7
5
5
9
6
10
5
11
3
6
12
8
6
3
10
10
10
8
9
7
15
14
9
11
8
9
7
9
3
12
7
5
4
12
9
8
5
9
12
11
11
8
10
7
7
6
7
15
14
12
13
13
7
15
16
9
16
8
10
13
9
13
12
9
9
12
2
16
18
16
13
13
12
15
11
18
12
17
9
12
14
15
16
16
13
13
15
13
14
15
18
16
14
18
15
22
15
12
10
15
15
10
16
21
15
10
21
18
8
14
23
15
18
14
16
14
26
22
22
21
26
14
23
10
27
17
23
19
13
24
20
18
24
31
26
27
20
16
22
18
28
24
20
28
24
25
29
27
29
15
23
32
26
26
33
22
34
39
25
27
28
27
27
27
24
38
24
30
28
31
33
28
30
28
32
30
16
27
31
33
35
24
34
38
33
31
38
41
34
23
29
32
35
38
36
33
42
33
38
38
41
42
31
41
39
36
44
46
34
37
32
30
36
26
31
33
50
51
32
39
33
48
46
37
39
43
46
31
52
31
50
41
59
37
51
51
43
45
57
46
68
41
41
50
52
58
56
65
48
59
44
61
66
51
55
51
51
66
52
61
59
54
56
53
53
58
63
66
70
56
63
43
49
72
57
70
50
62
62
69
66
63
75
61
72
57
71
75
69
74
62
67
82
90
76
72
84
79
64
73
57
65
69
78
69
73
86
73
89
82
72
81
79
87
71
77
69
87
82
74
70
67
70
87
101
85
80
93
101
77
87
79
93
92
88
76
108
102
82
73
87
109
95
115
108
106
89
104
91
88
105
99
86
115
89
98
106
125
94
101
97
98
114
110
102
104
106
93
107
111
116
109
117
102
111
113
104
116
122
131
100
112
121
109
121
105
97
124
123
139
127
123
118
122
125
134
127
123
130
105
113
119
124
117
134
155
130
132
120
122
143
138
137
146
146
151
134
132
132
134
150
154
148
157
163
148
132
147
163
127
160
158
161
142
133
155
144
161
161
139
158
147
175
163
158
181
145
158
160
174
170
216
162
151
162
152
200
146
163
171
150
169
193
179
159
173
174
167
163
170
183
184
178
163
184
185
202
176
193
192
204
180
197
170
201
186
238
217
208
175
197
207
201
215
189
222
206
245
215
210
217
197
197
239
206
207
224
198
213
197
219
259
220
227
212
234
207
201
234
229
222
224
240
250
238
205
214
241
274
247
235
241
211
217
247
273
251
258
240
234
259
265
261
276
268
271
250
255
271
260
282
291
277
261
228
313
261
276
281
275
258
273
300
297
280
274
297
290
315
295
288
268
284
294
274
282
282
292
284
327
287
285
314
321
310
303
279
305
314
293
297
301
327
319
303
261
291
381
305
341
300
335
319
369
358
357
342
338
319
317
283
345
343
327
342
362
363
309
305
368
345
346
352
359
366
356
338
364
388
323
402
319
356
387
348
400
391
403
383
396
400
365
357
394
388
381
368
394
374
377
368
392
437
405
397
411
403
372
391
445
406
418
362
462
409
396
439
412
395
437
414
438
456
433
385
374
449
447
430
482
445
385
460
409
465
430
444
432
457
436
416
435
450
464
433
483
443
449
409
460
514
450
451
508
475
442
438
479
447
502
496
495
487
489
471
520
484
468
471
518
523
502
506
431
499
495
464
529
515
519
528
522
501
510
521
515
564
532
521
529
508
523
507
537
572
512
581
518
529
533
506
592
545
519
538
543
571
497
552
564
574
561
556
551
554
550
583
548
514
601
508
566
632
570
563
625
531
605
568
560
593
608
580
581
625
570
609
595
603
567
598
609
609
595
628
665
583
619
655
615
677
627
542
568
622
635
643
674
631
641
627
636
661
663
601
662
609
595
626
705
628
659
650
643
675
673
635
681
664
693
650
665
659
678
653
637
659
667
665
678
689
656
652
692
700
710
685
692
725
674
706
600
741
715
681
754
743
691
687
674
687
713
748
758
740
733
652
702
730
729
731
758
717
775
684
743
715
765
739
758
749
749
742
727
734
724
750
758
774
765
777
777
807
764
778
824
807
792
727
785
808
731
788
779
787
768
760
841
793
784
776
854
800
733
770
833
775
787
788
783
783
793
805
851
797
767
763
800
826
829
745
685
803
852
790
880
845
805
777
850
816
823
831
855
811
838
846
808
810
811
855
905
853
873
850
877
889
854
847
868
874
844
820
847
851
883
864
872
884
838
912
897
862
890
868
922
910
854
919
743
892
877
879
946
867
898
884
887
899
887
893
862
882
881
846
883
897
936
927
890
891
878
914
926
892
892
977
901
960
878
949
901
933
898
957
945
906
902
932
956
900
916
921
972
973
940
817
884
938
921
903
939
958
976
885
980
962
927
954
1030
953
1001
870
978
980
906
967
924
965
951
1021
952
958
1017
945
990
992
1017
902
867
947
924
965
985
989
993
962
973
1008
976
966
1005
1003
906
1010
1010
964
995
995
1018
1021
1006
993
1003
993
985
937
994
969
938
1005
1032
1039
998
1028
1013
1022
1042
979
1035
1036
1013
1025
1068
988
965
1036
885
1070
943
1003
1115
1039
1054
1046
1104
1030
1018
966
998
983
996
1001
948
1085
981
1058
1052
999
1043
1045
1089
1005
1090
1018
1082
1027
1116
1019
1060
1033
1045
1018
1121
1051
1049
993
1070
1029
1041
1055
1125
1067
1064
966
1070
1047
1060
1083
1020
1098
1064
1026
1098
971
1061
1070
1066
987
1016
998
1037
1037
1056
1087
1107
1045
1022
1014
1102
1081
1010
1027
1077
1031
1057
1011
917
1007
1044
1026
1119
1112
1029
976
1050
1065
1084
1024
1079
1116
1110
1073
1141
1032
1000
1100
1049
1054
1112
1089
1065
1111
1103
1053
1100
1094
1062
1072
1034
1047
1057
1031
1053
1040
1091
1079
1110
1087
1016
1065
1060
1096
1085
1059
908
1142
1047
1097
1147
1055
1023
1058
1105
1040
1028
1036
1152
1154
1056
993
1052
1093
1041
1096
1096
1070
1008
1058
1152
1041
1090
1035
1064
1122
1127
1104
1056
1105
1007
1110
1021
1081
1045
1049
1093
1143
1000
1065
1053
1079
1032
955
1034
1085
1046
982
1100
1032
1060
1067
1049
1066
1066
1093
1051
1024
1047
1009
1030
1129
1058
1130
1110
1030
1039
1011
1064
1071
1089
1050
1031
1085
1115
978
960
1027
1003
1086
1045
1076
978
1056
1086
1057
999
1054
1051
1046
1008
1034
1038
1057
1006
1061
1093
1090
992
1049
1076
1005
1129
1024
1049
1044
1024
1030
1071
1036
1002
1056
1095
1018
1008
1083
1094
1053
1043
1030
1162
976
983
1033
865
1009
1051
1023
1120
1069
1024
983
960
974
1044
963
1070
1000
941
1014
1001
1064
1021
1044
1054
1036
1013
991
972
1051
977
1013
1035
980
982
986
998
967
1026
970
1053
1026
954
980
947
979
1029
966
1011
952
935
887
978
972
975
983
1031
971
1006
970
1022
1008
965
940
1000
993
1007
1010
1018
1000
989
961
979
968
906
1014
925
994
973
992
946
962
919
945
840
963
914
968
976
964
968
994
982
968
963
936
960
964
939
930
982
994
953
960
965
920
966
888
952
952
935
883
955
972
871
846
934
951
896
932
957
953
980
853
896
943
902
845
916
935
914
907
804
902
911
860
944
877
932
869
864
857
925
860
902
916
896
855
884
859
877
881
878
914
879
881
897
889
879
857
932
937
863
852
904
846
883
886
886
906
863
887
889
939
867
839
893
831
850
802
797
842
863
855
855
812
847
827
884
829
849
848
804
868
849
772
927
808
802
824
861
841
797
812
806
836
798
837
824
774
745
726
706
758
774
763
844
830
789
818
789
851
729
747
764
743
781
742
809
774
795
765
807
784
792
765
789
739
785
750
792
730
753
771
805
821
766
754
823
741
746
803
751
753
774
727
771
757
725
715
614
755
735
730
788
722
744
747
747
757
707
688
758
678
703
675
688
734
685
694
734
732
735
718
738
683
718
643
696
690
744
716
677
686
661
707
733
703
679
679
704
682
666
670
684
656
637
648
674
680
629
657
676
653
677
652
685
591
689
653
654
646
689
648
694
658
646
609
653
642
605
598
634
664
620
635
616
636
624
593
562
653
651
642
604
590
605
589
606
617
569
601
637
648
576
589
612
584
578
602
644
638
605
603
594
619
587
532
578
577
570
549
606
599
599
549
630
599
605
560
594
535
558
570
551
586
547
548
442
564
549
544
569
593
559
508
549
519
535
499
529
531
546
507
505
538
563
524
528
552
516
512
533
497
496
488
540
519
506
471
517
491
526
504
502
535
502
429
493
510
468
502
503
506
482
490
504
445
521
509
504
488
498
457
474
474
477
437
489
495
466
433
450
419
466
459
483
457
453
433
464
480
490
463
435
432
456
402
419
433
465
424
437
466
425
431
456
463
461
399
468
443
461
393
441
463
413
419
428
429
451
377
393
438
437
419
431
442
415
405
444
412
397
411
391
400
426
434
377
353
372
379
418
359
345
363
301
405
380
388
400
351
359
369
361
376
384
374
375
390
388
328
348
364
364
352
392
317
341
365
331
365
368
321
356
390
365
361
380
349
332
345
378
362
341
320
329
322
318
325
318
379
349
310
284
329
320
327
324
313
299
297
350
320
331
327
333
298
324
310
297
324
291
272
322
298
276
310
333
282
294
296
307
307
314
234
292
289
269
281
279
302
328
282
288
298
291
277
284
276
307
243
257
281
277
244
301
272
268
266
284
260
277
261
264
255
304
239
246
242
273
245
283
208
266
272
216
255
265
260
273
259
258
223
196
265
271
226
241
243
246
260
224
241
244
232
233
241
227
224
211
252
252
229
235
207
235
211
214
232
240
193
223
242
230
212
223
211
202
242
200
226
220
221
206
219
207
193
232
214
225
185
215
195
224
198
195
208
206
191
205
175
196
215
200
191
189
175
185
223
181
178
214
192
182
174
198
196
187
164
170
184
181
174
156
181
184
180
182
169
169
167
172
168
156
161
180
168
172
136
174
145
158
165
176
163
181
162
192
179
160
164
174
181
167
169
187
153
158
169
179
172
146
144
140
140
163
156
160
148
126
128
112
164
147
145
144
150
137
132
156
128
200
158
141
155
153
139
157
172
133
137
130
146
143
140
153
128
140
151
148
126
143
131
139
132
140
140
139
135
126
135
143
124
131
127
102
133
129
110
120
120
121
125
107
125
119
118
117
114
94
92
109
106
93
114
115
105
116
120
113
111
85
121
106
116
116
117
117
125
108
89
101
107
111
93
122
107
94
104
96
105
113
102
88
109
88
85
109
89
83
115
125
93
86
99
107
113
75
82
91
95
83
80
109
87
75
98
94
91
90
84
92
89
92
98
88
84
96
78
70
92
64
96
89
93
86
81
84
67
73
101
80
89
69
78
78
85
74
83
79
76
71
75
79
85
72
58
95
57
77
84
72
78
61
71
61
66
63
63
63
51
55
65
69
69
66
63
66
78
55
67
73
63
62
64
62
70
69
62
72
70
73
71
62
78
64
59
59
45
63
55
48
48
73
62
62
60
59
37
46
59
50
66
61
63
63
60
64
59
48
57
65
55
46
60
50
48
52
63
65
46
54
48
46
47
69
41
44
55
50
41
63
47
51
49
40
48
38
50
54
40
43
48
52
45
29
42
35
48
48
41
52
38
44
36
39
46
36
47
44
38
43
45
33
38
41
37
42
27
33
47
34
32
42
38
40
51
45
37
40
43
37
37
43
39
28
48
48
30
31
47
53
38
34
28
27
37
34
35
31
50
25
35
27
23
28
30
36
35
14
28
34
35
31
31
32
34
30
34
30
30
32
36
27
31
30
26
25
27
32
35
30
37
25
23
30
24
33
21
26
37
26
28
34
28
21
31
32
32
31
29
26
31
20
24
27
21
24
26
34
25
23
29
26
32
25
24
12
20
20
19
28
19
26
23
19
20
15
22
23
21
18
23
23
22
22
23
20
17
23
14
19
21
24
15
11
18
20
16
19
15
20
16
25
19
17
10
12
27
18
15
19
22
15
27
17
21
21
14
18
11
20
14
26
17
8
11
15
15
17
18
11
12
17
23
22
15
18
10
9
10
13
13
16
11
17
15
11
12
12
18
20
15
14
16
22
13
7
11
16
16
9
10
10
13
14
17
12
5
11
14
15
10
18
17
11
9
11
15
9
8
15
10
9
14
15
9
13
14
8
10
11
6
15
13
12
15
10
9
12
13
18
13
13
10
13
9
9
10
11
8
9
9
8
6
9
9
8
11
8
9
11
8
8
11
10
7
9
10
10
3
12
7
17
12
9
5
5
10
10
6
5
7
13
6
7
5
7
8
3
5
9
11
6
6
7
10
8
7
11
11
6
7
7
8
10
9
5
2
12
12
4
8
5
6
6
5
5
5
6
8
3
4
6
4
10
5
8
2
7
10
2
1
5
5
8
5
6
6
5
4
5
7
7
4
6
5
6
6
1
6
6
4
9
3
5
6
3
6
2
5
12
3
7
3
7
9
6
6
3
2
2
5
2
5
4
8
5
4
3
5
1
3
1
1
3
3
4
4
4
3
5
5
0
4
3
1
2
5
5
3
1
3
4
3
7
0
2
3
3
3
7
4
3
4
3
3
1
2
3
2
3
5
4
2
3
2
5
2
3
0
2
1
0
2
1
3
2
5
4
1
2
2
4
1
0
1
1
1
3
3
3
3
3
2
1
4
1
4
4
1
0
2
0
1
1
3
1
4
3
2
0
2
1
3
4
2
1
0
1
2
0
1
0
3
2
1
1
0
4
2
1
2
1
3
2
3
2
2
0
4
3
1
3
3
3
2
0
2
2
0
0
3
3
0
2
2
1
2
1
4
2
0
1
3
5
1
2
2
1
0
1
0
2
3
1
0
1
0
2
2
1
0
0
1
2
2
2
1
1
0
1
0
1
0
0
1
0
1
0
2
1
1
1
1
1
0
1
1
1
2
0
0
2
3
1
1
2
1
1
1
1
0
0
0
1
1
0
1
1
3
0
0
2
0
0
0
0
2
1
0
0
2
0
2
2
0
1
1
0
0
1
1
1
2
2
2
2
1
1
0
0
0
0
1
0
2
0
0
1
1
0
1
0
0
0
0
0
1
1
1
1
0
0
0
0
1
2
2
0
0
0
2
0
1
0
1
0
2
0
0
1
0
1
0
1
1
1
0
2
1
1
0
0
1
0
1
0
0
1
0
0
0
0
0
0
2
1
0
1
1
1
1
2
0
0
1
0
0
0
0
0
0
2
0
0
0
0
0
0
1
0
0
0
2
0
1
1
0
2
3
0
1
1
0
1
1
2
1
0
0
0
0
0
0
0
1
0
0
0
0
1
0
0
0
0
0
0
0
0
0
0
1
0
0
0
1
2
0
0
1
0
0
0
1
0
0
0
1
0
0
0
0
0
1
0
1
0
0
1
0
0
0
0
0
0
0
0
0
1
0
0
0
0
0
0
0
0
0
0
0
0
0
0
0
0
0
2
0
0
1
0
1
0
2
2
0
2
0
0
0
0
0
0
0
0
0
1
0
0
0
0
0
0
0
0
0
0
1
0
0
0
0
0
1
0
0
0
0
0
0
0
0
0
1
0
0
0
0
0
0
0
0
0
0
0
0
1
0
0
0
0
0
0
0
1
0
0
0
0
0
0
0
0
0
0
0
0
0
0
0
0
0
0
0
1
0
0
0
0
0
0
0
1
0
1
0
1
0
0
0
0
1
0
0
0
0
0
0
0
0
0
1
0
1
0
0
0
1
0
0
0
0
0
0
0
0
0
1
0
0
0
0
1
0
0
0
0
0
0
0
0
0
0
0
0
0
1
0
0
0
0
0
0
0
0
0
0
0
0
0
0
0
0
0
0
0
0
0
0
0
0
0
0
0
0
0
0
0
0
0
0
0
0
0
0
0
0
0
0
0
0
0
0
0
0
0
0
0
0
0
0
0
0
0
0
0
2
0
0
0
0
0
0
0
0
0
0
0
0
0
0
0
0
0
0
0
0
0
0
0
0
0
0
0
0
0
0
0
0
0
0
0
0
0
0
0
0
0
0
0
0
0
0
0
0
0
0
0
0
0
0
0
0
0
0
0
0
0
0
0
1
0
0
0
0
0
0
0
0
0
0
0
0
0
0
0
0
0
1
0
0
0
0
0
0
0
0
0
0
0
0
0
0
0
0
0
0
0
0
0
0
0
0
0
0
0
0
0
0
0
0
0
0
0
0
0
0
0
0
0
0
0
0
0
0
0
0
0
0
0
0
0
0
0
0
0
0
0
0
0
0
0
0
0
0
0
0
0
0
0
0
0
0
0
0
0
0
0
0
0
0
0
0
0
0
0
0
0
0
0
0
0
0
0
0
0
0
0
0
0
0
0
0
0
0
0
0
0
0
0
0
0
0
0
0
0
0
0
0
0
0
0
0
0
0
0
0
0
0
0
0
0
0
0
0
0
0
0
0
0
0
0
0
0
0
0
0
0
0
0
0
0
0
0
0
0
0
0
0
0
0
0
0
0
0
0
0
0
0
0
0
0
0
0
0
0
0
0
0
0
0
0
0
0
0
0
0
0
0
0
0
0
0
0
0
0
0
0
0
0
0
0
0
0
0
0
0
0
0
0
0
0
0
0
0
0
0
0
0
0
0
0
0
0
0
0
0
0
0
0
0
0
0
0
0
0
0
0
0
0
0
0
0
0
0
0
0
0
0
0
0
0
0
0
0
0
0
0
0
0
0
0
0
0
0
0
0
0
0
0
0
0
0
0
0
0
0
0
0
0
0
1
0
0
0
0
0
0
0
0
0
0
0
0
0
0
0
0
0
0
0
0
0
0
0
0
0
0
0
0
0
0
0
0
0
0
0
0
0
0
0
0
0
0
0
0
0
0
0
0
0
0
0
0
0
0
0
0
0
0
0
0
0
0
0
0
0
0
0
0
0
0
0
0
0
0
0
0
0
0
0
0
0
0
0
0
0
0
0
0
0
0
0
0
0
0
0
0
0
0
0
0
0
0
0
0
0
0
0
0
0
0
0
0
0
0
0
0
0
0
0
0
0
0
0
0
0
0
0
0
0
0
0
0
0
0
0
0
0
0
0
0
0
0
0
0
0
0
0
0
0
0
0
0
0
0
0
0
0
0
0
0
0
0
0
0
0
0
0
0
0
0
0
0
0
0
0
0
0
0
0
0
0
0
0
0
0
0
0
0
0
0
0
0
0
0
0
0
0
0
0
0
0
0
0
0
0
0
0
0
0
0
0
0
0
0
0
0
0
0
0
0
0
0
0
0
0
0
0
0
0
0
0
0
0
0
0
0
0
0
0
0
0
0
0
0
0
0
0
0
0
0
0
0
0
0
0
0
0
0
0
0
0
0
0
0
0
0
0
0
0
0
0
0
0
0
0
0
0
0
0
0
0
0
0
0
0
0
0
0
0
0
0
0
0
0
0
0
0
0
0
0
0
0
0
0
0
0
0
0
0
0
0
0
0
0
0
0
0
0
0
0
0
0
0
0
0
0
0
0
0
0
0
0
0
0
0
0
0
0
0
0
0
0
0
0
0
0
0
0
0
0
0
0
0
0
0
0
0
0
0
0
0
0
0
0
0
0
0
0
0
0
0
0
0
0
0
0
0
0
0
0
0
0
0
0
0
0
0
0
0
0
0
0
0
0
0
0
0
0
0
0
0
0
0
0
0
0
0
0
0
0
0
0
0
0
0
0
0
0
0
0
0
0
0
0
0
0
0
0
0
0
0
0
0
0
0
0
0
0
0
0
0
0
0
0
0
0
0
0
0
0
0
0
0
0
0
0
0
0
0
0
0
0
0
0
0
0
0
0
0
0
0
0
0
0
0
0
0
0
0
0
0
0
0
0
0
0
0
0
0
0
0
0
0
0
0
0
0
0
0
0
0
0
0
0
0
0
0
0
0
0
0
0
0
0
0
0
0
0
0
0
0
0
0
0
0
0
0
0
0
0
0
0
0
0
0
0
0
0
0
0
0
0
0
0
0
0
0
0
0
0
0
0
0
0
0
0
0
0
0
0
0
0
0
0
0
0
0
0
0
0
0
0
0
0
0
0
0
0
0
0
0
0
0
0
0
0
0
0
0
0
0
0
0
0
0
0
0
0
0
0
0
0
0
0
0
0
0
0
0
0
0
0
0
0
0
0
0
0
0
0
0
0
0
0
0
0
0
0
0
0
0
0
0
0
0
0
0
0
0
0
0
0
0
0
0
0
0
0
0
0
0
0
0
0
0
0
0
0
0
0
0
0
0
0
0
0
0
0
0
0
0
0
0
0
0
0
0
0
0
0
0
0
0
0
0
0
0
0
0
0
0
0
0
0
0
0
0
0
0
0
0
0
0
0
0
0
0
0
0
0
0
0
0
0
0
0
0
0
0
0
0
0
0
0
0
0
0
0
0
0
0
0
0
0
0
0
0
0
0
0
0
0
0
0
0
0
0
0
0
0
0
0
0
0
0
0
0
0
0
0
0
0
0
0
0
0
0
0
0
0
0
0
0
0
0
0
0
0
0
0
0
0
0
0
0
0
0
0
0
0
0
0
0
0
0
0
0
0
0
0
0
0
0
0
0
0
0
0
0
0
0
0
0
0
0
0
0
0
0
0
0
0
0
0
0
0
0
0
0
0
0
0
0
0
0
0
0
0
0
0
0
0
0
0
0
0
0
0
0
0
0
0
0
0
0
0
0
0
0
0
0
0
0
0
0
0
0
0
0
0
0
0
0
0
0
0
0
0
0
0
0
0
0
0
0
0
0
0
0
0
0
0
0
0
0
0
0
0
0
0
0
0
0
0
0
0
0
0
0
0
0
0
0
0
0
0
0
0
0
0
0
0
0
0
0
0
0
0
0
0
0
0
0
0
0
0
0
0
0
0
0
0
0
0
0
0
0
0
0
0
0
0
0
0
0
0
0
0
0
0
0
0
0
0
0
0
0
0
0
0
0
0
0
0
0
0
0
0
0
0
0
0
0
0
0
0
0
0
0
0
0
0
0
0
0
0
0
0
0
0
0
0
0
0
0
0
0
0
0
0
0
0
0
0
0
0
0
0
0
0
0
0
0
0
0
0
0
0
0
0
0
0
0
0
0
0
0
0
0
0
0
0
0
0
0
0
0
0
0
0
0
0
0
0
0
0
0
0
0
0
0
0
0
0
0
0
0
0
0
0
0
0
0
0
0
0
0
0
0
0
0
0
0
0
0
0
0
0
0
0
0
0
0
0
0
0
0
0
0
0
0
0
0
0
0
0
0
0
0
0
0
0
0
0
0
0
0
0
0
0
0
0
0
0
0
0
0
0
0
0
0
0
0
0
0
0
0
0
0
0
0
0
0
0
0
0
0
0
0
0
0
0
0
0
0
0
0
0
0
0
0
0
0
0
0
0
0
0
0
0
0
0
0
0
0
0
0
0
0
0
0
0
0
0
0
0
0
0
0
0
0
0
0
0
0
0
0
0
0
0
0
0
0
0
0
0
0
0
0
0
0
0
0
0
0
0
0
0
0
0
0
0
0
0
0
0
0
0
0
0
0
0
0
0
0
0
0
0
0
0
0
0
0
0
0
0
0
0
0
0
0
0
0
0
0
0
0
0
0
0
0
0
0
0
0
0
0
0
0
0
0
0
0
0
0
0
0
0
0
0
0
0
0
0
0
0
0
0
0
0
0
0
0
0
0
0
0
0
0
0
0
0
0
0
0
0
0
0
0
0
0
0
0
0
0
0
0
0
0
0
0
0
0
0
0
0
0
0
0
0
0
0
0
0
0
0
0
0
0
0
0
0
0
0
0
0
0
0
0
0
0
0
0
0
0
0
0
0
0
0
0
0
0
0
0
0
0
0
0
0
0
0
0
0
0
0
0
0
0
0
0
0
0
0
0
0
0
0
0
0
0
0
0
0
0
0
0
0
0
0
0
0
0
0
0
0
0
0
0
0
0
0
0
0
0
0
0
0
0
0
0
0
0
0
0
0
0
0
0
0
0
0
0
0
0
0
0
0
0
0
0
0
0
0
0
0
0
0
0
0
0
0
0
0
0
0
0
0
0
0
0
0
0
0
0
0
0
0
0
0
0
0
0
0
0
0
0
0
0
0
0
0
0
0
0
0
0
0
0
0
0
0
0
0
0
0
0
0
0
0
0
0
0
0
0
0
0
0
0
0
0
0
0
0
0
0
0
0
0
0
0
0
0
0
0
0
0
0
0
0
0
0
0
0
0
0
0
0
0
0
0
0
0
0
0
0
0
0
0
0
0
0
0
0
0
0
0
0
0
0
0
0
0
0
0
0
0
0
0
0
0
0
0
0
0
0
0
0
0
0
0
0
0
0
0
0
0
0
0
0
0
0
0
0
0
0
0
0
0
0
0
0
0
0
0
0
0
0
0
0
0
0
0
0
0
0
0
0
0
0
0
0
0
0
0
0
0
0
0
0
0
0
0
0
0
0
0
0
0
0
0
0
0
0
0
0
0
0
0
0
0
0
0
0
0
0
0
0
0
0
0
0
0
0
0
0
0
0
0
0
0
0
0
0
0
0
0
0
0
0
0
0
0
0
0
0
0
0
0
0
0
0
0
0
0
0
0
0
0
0
0
0
0
0
0
0
0
0
0
0
0
0
0
0
0
0
0
0
0
0
0
0
0
0
0
0
0
0
0
0
0
0
0
0
0
0
0
0
0
0
0
0
0
0
0
0
0
0
0
0
0
0
0
0
0
0
0
0
0
0
0
0
0
0
0
0
0
0
0
0
0
0
0
0
0
0
0
0
0
0
0
0
0
0
0
0
0
0
0
0
0
0
0
0
0
0
0
0
0
0
0
0
0
0
0
0
0
0
0
0
0
0
0
0
0
0
0
0
0
0
0
0
0
0
0
0
0
0
0
0
0
0
0
0
0
0
0
0
0
0
0
0
0
0
0
0
0
0
0
0
0
0
0
0
0
0
0
0
0
0
0
0
0
0
0
0
0
0
0
0
0
0
0
0
0
0
0
0
0
0
0
0
0
0
0
0
0
0
0
0
0
0
0
0
0
0
0
0
0
0
0
0
0
0
0
0
0
0
0
0
0
0
0
0
0
0
0
0
0
0
0
0
0
0
0
0
0
0
0
0
0
0
0
0
0
0
0
0
0
0
0
0
0
0
0
0
0
0
0
0
0
0
0
0
0
0
0
0
0
0
0
0
0
0
0
0
0
0
0
0
0
0
0
0
0
0
0
0
0
0
0
0
0
0
0
0
0
0
0
0
0
0
0
0
0
0
0
0
0
0
0
0
0
0
0
0
0
0
0
0
0
0
0
0
0
0
0
0
0
0
0
0
0
0
0
0
0
0
0
0
0
0
0
0
0
0
0
0
0
0
0
0
0
0
0
0
0
0
0
0
0
0
0
0
0
0
0
0
0
0
0
0
0
0
0
0
0
0
0
0
0
0
0
0
0
0
0
0
0
0
0
0
0
0
0
0
0
0
0
0
0
0
0
0
0
0
0
0
0
0
0
0
0
0
0
0
0
0
0
0
0
0
0
0
0
0
0
0
0
0
0
0
0
0
0
0
0
0
0
0
0
0
0
0
0
0
0
0
0
0
0
0
0
0
0
0
0
0
0
0
0
0
0
0
0
0
0
0
0
0
0
0
0
0
0
0
0
0
0
0
0
0
0
0
0
0
0
0
0
0
0
0
0
0
0
0
0
0
0
0
0
0
0
0
0
0
0
0
0
0
0
0
0
0
0
0
0
0
0
0
0
0
0
0
0
0
0
0
0
0
0
0
0
0
0
0
0
0
0
0
0
0
0
0
0
0
0
0
0
0
0
0
0
0
0
0
0
0
0
0
0
0
0
0
0
0
0
0
0
0
0
0
0
0
0
0
0
0
0
0
0
0
0
0
0
0
0
0
0
0
0
0
0
0
0
0
0
0
0
0
0
0
0
0
0
0
0
0
0
0
0
0
0
0
0
0
0
0
0
0
0
0
0
0
0
0
0
0
0
0
0
0
0
0
0
0
0
0
0
0
0
0
0
0
0
0
0
0
0
0
0
0
0
0
0
0
0
0
0
0
0
0
0
0
0
0
0
0
0
0
0
0
0
0
0
0
0
0
0
0
0
0
0
0
0
0
0
0
0
0
0
0
0
0
0
0
0
0
0
0
0
0
0
0
0
0
0
0
0
0
0
0
0
0
0
0
0
0
0
0
0
0
0
0
0
0
0
0
0
0
0
0
0
0
0
0
0
0
0
0
0
0
0
0
0
0
0
0
0
0
0
0
0
0
0
0
0
0
0
0
0
0
0
0
0
0
0
0
0
0
0
0
0
0
0
0
0
0
0
0
0
0
0
0
0
0
0
0
0
0
0
0
0
0
0
0
0
0
0
0
0
0
0
0
0
0
0
0
0
0
0
0
0
0
0
0
0
0
0
0
0
0
0
0
0
0
0
0
0
0
0
0
0
0
0
0
0
0
0
0
0
0
0
0
0
0
0
0
0
0
0
0
0
0
0
0
0
0
0
0
0
0
0
0
0
0
0
0
0
0
0
0
0
0
0
0
0
0
0
0
0
0
0
0
0
0
0
0
0
0
0
0
0
0
0
0
0
0
0
0
0
0
0
0
0
0
0
0
0
0
0
0
0
0
0
0
0
0
0
0
0
0
0
0
0
0
0
0
0
0
0
0
0
0
0
0
0
0
0
0
0
0
0
0
0
0
0
0
0
0
0
0
0
0
0
0
0
0
0
0
0
0
0
0
0
0
0
0
0
0
0
0
0
0
0
0
0
0
0
0
0
0
0
0
0
0
0
0
0
0
0
0
0
0
0
0
0
0
0
0
0
0
0
0
0
0
0
0
0
0
0
0
0
0
0
0
0
0
0
0
0
0
0
0
0
0
0
0
0
0
0
0
0
0
0
0
0
0
0
0
0
0
0
0
0
0
0
0
0
0
0
0
0
0
0
0
0
0
0
0
0
0
0
0
0
0
0
0
0
0
0
0
0
0
0
0
0
0
0
0
0
0
0
0
0
0
0
0
0
0
0
0
0
0
0
0
0
0
0
0
0
0
0
0
0
0
0
0
0
0
0
0
0
0
0
0
0
0
0
0
0
0
0
0
0
0
0
0
0
0
0
0
0
0
0
0
0
0
0
0
0
0
0
0
0
0
0
0
0
0
0
0
0
0
0
0
0
0
0
0
0
0
0
0
0
0
0
0
0
0
0
0
0
0
0
0
0
0
0
0
0
0
0
0
0
0
0
0
0
0
0
0
0
0
0
0
0
0
0
0
0
0
0
0
0
0
0
0
0
0
0
0
0
0
0
0
0
0
0
0
0
0
0
0
0
0
0
0
0
0
0
0
0
0
0
0
0
0
0
0
0
0
0
0
0
0
0
0
0
0
0
0
0
0
0
0
0
0
0
0
0
0
0
0
0
0
0
0
0
0
0
0
0
0
0
0
0
0
0
0
0
0
0
0
0
0
0
0
0
0
0
0
0
0
0
0
0
0
0
0
0
0
0
0
0
0
0
0
0
0
0
0
0
0
0
0
0
0
0
0
0
0
0
0
0
0
0
0
0
0
0
0
0
0
0
0
0
0
0
0
0
0
0
0
0
0
0
0
0
0
0
0
0
0
0
0
0
0
0
0
0
0
0
0
0
0
0
0
0
0
0
0
0
0
0
0
0
0
0
0
0
0
0
0
0
0
0
0
0
0
0
0
0
0
0
0
0
0
0
0
0
0
0
0
0
0
0
0
0
0
0
0
0
0
0
0
0
0
0
0
0
0
0
0
0
0
0
0
0
0
0
0
0
0
0
0
0
0
0
0
0
0
0
0
0
0
0
0
0
0
0
0
0
0
0
0
0
0
0
0
0
0
0
0
0
0
0
0
0
0
0
0
0
0
0
0
0
0
0
0
0
0
0
0
0
0
0
0
0
0
0
0
0
0
0
0
0
0
0
0
0
0
0
0
0
0
0
0
0
0
0
0
0
0
0
0
0
0
0
0
0
0
0
0
0
0
0
0
0
0
0
0
0
0
0
0
0
0
0
0
0
0
0
0
0
0
0
0
0
0
0
0
0
0
0
0
0
0
0
0
0
0
0
0
0
0
0
0
0
0
0
0
0
0
0
0
0
0
0
0
0
0
0
0
0
0
0
0
0
0
0
0
0
0
0
0
0
0
0
0
0
0
0
0
0
0
0
0
0
0
0
0
0
0
0
0
0
0
0
0
0
0
0
0
0
0
0
0
0
0
0
0
0
0
0
0
0
0
0
0
0
0
0
0
0
0
0
0
0
0
0
0
0
0
0
0
0
0
0
0
0
0
0
0
0
0
0
0
0
0
0
0
0
0
0
0
0
0
0
0
0
0
0
0
0
0
0
0
0
0
0
0
0
0
0
0
0
0
0
0
0
0
0
0
0
0
0
0
0
0
0
0
0
0
0
0
0
0
0
0
0
0
0
0
0
0
0
0
0
0
0
0
0
0
0
0
0
0
0
0
0
0
0
0
0
0
0
0
0
0
0
0
0
0
0
0
0
0
0
0
0
0
0
0
0
0
0
0
0
0
0
0
0
0
0
0
0
0
0
0
0
0
0
0
0
0
0
0
0
0
0
0
0
0
0
0
0
0
0
0
0
0
0
0
0
0
0
0
0
0
0
0
0
0
0
0
0
0
0
0
0
0
0
0
0
0
0
0
0
0
0
0
0
0
0
0
0
0
0
0
0
0
0
0
0
0
0
0
0
0
0
0
0
0
0
0
0
0
0
0
0
0
0
0
0
0
0
0
0
0
0
0
0
0
0
0
0
0
0
0
0
0
0
0
0
0
0
0
0
0
0
0
0
0
0
0
0
0
0
0
0
0
0
0
0
0
0
0
0
0
0
0
0
0
0
0
0
0
0
0
0
0
0
0
0
0
0
0
0
0
0
0
0
0
0
0
0
0
0
0
0
0
0
0
0
0
0
0
0
0
0
0
0
0
0
0
0
0
0
0
0
0
0
0
0
0
0
0
0
0
0
0
0
0
0
0
0
0
0
0
0
0
0
0
0
0
0
0
0
0
0
0
0
0
0
0
0
0
0
0
0
0
0
0
0
0
0
0
0
0
0
0
0
0
0
0
0
0
0
0
0
0
0
0
0
0
0
0
0
0
0
0
0
0
0
0
0
0
0
0
0
0
0
0
0
0
0
0
0
0
0
0
0
0
0
0
0
0
0
0
0
0
0
0
0
0
0
0
0
0
0
0
0
0
0
0
0
0
0
0
0
0
0
0
0
0
0
0
0
0
0
0
0
0
0
0
0
0
0
0
0
0
0
0
0
0
0
0
0
0
0
0
0
0
0
0
0
0
0
0
0
0
0
0
0
0
0
0
0
0
0
0
0
0
0
0
0
0
0
0
0
0
0
0
0
0
0
0
0
0
0
0
0
0
0
0
0
0
0
0
0
0
0
0
0
0
0
0
0
0
0
0
0
0
0
0
0
0
0
0
0
0
0
0
0
0
0
0
0
0
0
0
0
0
0
0
0
0
0
0
0
0
0
0
0
0
0
0
0
0
0
0
0
0
0
0
0
0
0
0
0
0
0
0
0
0
0
0
0
0
0
0
0
0
0
0
0
0
0
0
0
0
0
0
0
0
0
0
0
0
0
0
0
0
0
0
0
0
0
0
0
0
0
0
0
0
0
0
0
0
0
0
0
0
0
0
0
0
0
0
0
0
0
0
0
0
0
0
0
0
0
0
0
0
0
0
0
0
0
0
0
0
0
0
0
0
0
0
0
0
0
0
0
0
0
0
0
0
0
0
0
0
0
0
0
0
0
0
0
0
0
0
0
0
0
0
0
0
0
0
0
0
0
0
0
0
0
0
0
0
0
0
0
0
0
0
0
0
0
0
0
0
0
0
0
0
0
0
0
0
0
0
0
0
0
0
0
0
0
0
0
0
0
0
0
0
0
0
0
0
0
0
0
0
0
0
0
0
0
0
0
0
0
0
0
0
0
0
0
0
0
0
0
0
0
0
0
0
0
0
0
0
0
0
0
0
0
0
0
0
0
0
0
0
0
0
0
0
0
0
0
0
0
0
0
0
0
0
0
0
0
0
0
0
0
0
0
0
0
0
0
0
0
0
0
0
0
0
0
0
0
0
0
0
0
0
0
0
0
0
0
0
0
0
0
0
0
0
0
0
0
0
0
0
0
0
0
0
0
0
0
0
0
0
0
0
0
0
0
0
0
0
0
0
0
0
0
0
0
