0
2
5
6
5
5
7
5
6
8
8
8
6
6
1
3
4
8
8
4
8
4
4
1
8
9
6
4
12
5
3
10
2
10
5
5
8
5
9
11
8
5
11
5
15
8
9
7
2
4
11
8
11
8
7
9
6
11
16
10
10
11
18
17
13
12
12
14
13
10
19
10
15
11
14
20
18
12
18
11
8
14
4
15
10
24
13
17
15
16
17
16
14
11
16
12
14
17
18
20
19
13
10
16
13
12
14
10
21
11
18
18
22
18
8
11
18
16
24
17
21
15
15
20
22
15
19
22
14
15
21
21
22
27
23
21
29
25
25
34
15
21
18
26
29
24
29
28
29
24
23
21
30
26
24
20
28
15
26
23
27
19
28
29
25
24
34
30
31
28
33
27
26
27
26
27
33
25
29
36
21
22
42
36
37
32
38
44
33
30
39
39
34
47
38
35
45
34
21
44
36
46
38
45
52
44
48
37
46
24
48
46
53
61
47
52
48
41
58
54
50
48
55
41
45
50
46
70
48
51
60
42
48
62
46
53
59
55
54
80
46
39
55
84
64
70
74
64
49
64
57
71
57
71
65
75
54
67
84
75
76
70
65
66
77
74
67
71
57
71
67
79
80
87
72
71
65
70
89
73
88
76
82
60
83
69
89
76
86
95
86
86
86
88
90
80
113
96
94
92
91
88
112
86
105
93
95
101
82
100
95
116
98
128
101
92
107
126
108
107
99
106
112
106
105
125
118
134
126
108
106
149
109
133
111
158
124
107
116
134
146
139
147
137
139
109
114
152
122
130
154
148
113
151
140
153
161
130
145
137
170
149
129
131
162
163
151
144
166
142
130
148
159
175
157
169
139
158
139
162
169
158
167
164
184
180
186
168
164
158
169
197
174
163
190
201
188
170
204
194
183
172
184
192
193
186
198
203
184
178
166
151
203
210
198
204
205
225
213
213
211
221
196
217
223
215
209
199
218
252
241
217
226
218
248
233
207
210
265
247
232
240
234
234
236
235
257
253
263
277
251
242
243
266
256
266
258
254
245
279
268
232
253
291
263
275
291
277
271
307
284
285
254
264
265
299
344
276
305
289
314
309
322
301
309
307
318
349
316
299
285
272
332
299
355
306
326
323
330
341
313
347
370
323
342
360
308
325
352
336
342
357
356
331
338
363
313
372
372
371
370
360
367
397
331
396
382
372
355
362
388
375
385
385
396
416
367
405
380
354
412
372
406
413
430
392
415
405
405
387
407
434
418
393
428
389
427
418
458
427
418
446
420
455
454
426
440
433
420
471
443
479
438
451
450
463
461
475
444
448
501
463
470
492
493
488
433
452
485
461
505
487
465
485
470
502
527
474
504
500
515
498
516
540
534
495
525
524
539
564
521
547
517
521
502
513
529
546
475
489
551
601
563
582
547
563
511
557
549
532
539
563
553
588
598
558
611
630
609
548
568
636
592
583
563
602
572
547
602
600
608
591
698
619
628
625
652
664
621
619
670
654
621
650
593
656
601
542
623
652
653
682
642
666
707
643
635
692
654
701
669
631
590
683
678
640
673
655
701
734
717
779
735
737
650
711
671
717
679
727
679
714
709
702
739
707
731
762
741
756
770
723
766
744
713
741
778
721
761
767
777
742
742
802
788
786
753
794
793
820
748
804
810
756
786
789
750
790
755
786
817
857
813
773
870
833
742
725
837
885
853
827
847
830
839
854
798
780
828
892
817
830
828
904
908
810
860
926
882
864
811
873
808
878
897
852
869
894
866
845
897
923
911
888
918
932
892
922
895
896
881
894
895
900
883
767
899
933
914
916
893
925
883
928
980
934
933
936
923
940
911
916
974
936
957
950
930
893
988
986
959
964
983
1001
989
957
961
960
987
988
1007
1041
998
971
973
989
1026
990
1058
1017
1074
999
940
989
1002
1017
958
1012
970
987
998
1010
1035
973
1070
1066
1032
1031
1000
1074
1042
1064
1125
976
1050
981
1091
1064
1028
1078
1018
1068
1032
1046
970
982
1079
1052
1086
1111
1109
1073
1035
1104
1084
1080
1039
1065
1069
1071
1062
1081
1067
1131
1126
1141
1107
1118
1101
1191
1104
1085
1115
1118
1168
1118
1104
1139
1122
1097
1123
1158
1126
1164
1096
1108
1221
1135
1162
1191
1165
1068
1121
921
1135
1162
1161
1217
1148
1157
1085
1182
1218
1147
1113
1179
1163
1125
1144
1133
1149
1158
1164
1220
1219
1176
1125
1177
1182
1185
1209
1189
1219
1191
1122
1223
1197
1234
1241
1264
1204
1214
1198
1225
1209
1219
1177
1248
1250
1260
1119
1158
1245
1227
1238
1218
1157
1224
1122
1213
1187
1171
1199
1242
1251
1211
1167
1247
1222
1161
1222
1279
1281
1197
1196
1293
1252
1269
1265
1301
1253
1240
1156
1188
1260
1173
1166
1268
1246
1195
1229
1239
1217
1239
1272
1281
1314
1262
1248
1256
1286
1329
1272
1285
1261
1263
1252
1290
1253
1256
1303
1346
1199
1208
1246
1255
1301
1261
1246
1287
1224
1226
1206
1289
1351
1250
1260
1344
1294
1266
1256
1116
1266
1191
1302
1337
1320
1284
1291
1348
1244
1298
1271
1296
1319
1278
1240
1226
1269
1325
1249
1330
1365
1296
1287
1311
1267
1294
1301
1276
1341
1320
1295
1360
1296
1307
1270
1346
1345
1255
1290
1307
1231
1303
1331
1386
1297
1227
1201
1257
1302
1304
1303
1318
1342
1263
1286
1304
1268
1363
1239
1334
1342
1240
1223
1277
1277
1278
1357
1264
1295
1350
1316
1285
1302
1207
1237
1289
1296
1316
1155
1144
1248
1259
1337
1311
1264
1228
1290
1319
1324
1339
1297
1282
1333
1301
1247
1264
1287
1265
1265
1313
1308
1276
1189
1195
1267
1252
1292
1278
1241
1361
1270
1270
1196
1226
1307
1347
1289
1205
1248
1235
1254
1286
1236
1177
1227
1246
1303
996
1316
1301
1199
1304
1338
1217
1297
1243
1268
1245
1261
1285
1264
1260
1196
1218
1262
1285
1219
1227
1156
1255
1251
1230
1203
1252
1234
1245
1271
1255
1218
1186
1160
1229
1220
1305
1226
1230
1230
1190
1243
1174
1195
1255
1178
1248
1103
1239
1130
1197
1271
1303
1203
1218
1191
1221
1196
1237
1160
1189
1199
1171
1181
1197
1220
1229
1220
1212
1184
1184
1105
1225
1164
1175
1150
1176
1195
1231
1006
1064
1147
1125
1155
1139
1155
1144
1117
1200
1190
1128
1105
1165
1180
1164
1119
1163
1156
1090
1106
1131
1217
1179
1143
1134
1129
1129
1093
1172
1067
1083
1132
1167
1144
1102
1051
1166
1205
1159
1122
1135
1151
1095
1115
1165
1066
1075
1111
900
1075
1080
1111
1101
1092
1054
1052
1125
1059
1060
1090
1013
1048
1037
977
1033
952
1008
1135
1142
1071
1056
992
1073
998
1033
1047
1111
1007
1034
982
1022
1085
1038
1040
994
1071
1052
1032
1013
994
964
1032
981
998
991
940
1012
1030
1005
1063
1019
1015
1037
976
1063
1002
938
1012
964
988
961
956
969
952
1018
933
948
980
964
945
974
934
948
929
970
936
983
872
857
964
942
944
933
946
912
833
946
862
884
883
895
917
920
886
917
798
885
868
888
862
895
907
826
867
911
858
832
875
897
863
813
882
882
912
859
858
820
819
834
912
827
816
869
798
879
861
742
807
808
807
807
815
858
856
812
826
835
802
762
846
797
723
828
842
790
770
809
777
769
753
791
830
764
795
793
782
753
690
807
757
732
770
770
733
731
716
715
733
733
711
719
694
701
643
680
671
719
693
740
711
742
706
732
641
765
711
720
703
648
638
674
660
652
677
707
687
662
698
645
650
658
660
712
664
634
574
591
649
634
649
681
634
688
633
617
641
632
605
696
636
574
611
625
585
634
600
637
602
574
614
647
557
541
616
593
559
613
592
589
569
572
593
552
583
565
584
577
589
557
569
545
530
592
529
481
584
532
522
562
562
541
526
533
589
499
547
567
516
556
524
498
503
495
510
541
511
493
534
531
521
502
487
491
495
528
467
505
457
511
499
473
500
464
467
465
453
450
439
467
457
415
438
453
445
454
469
471
454
451
402
433
461
457
424
466
436
470
409
410
431
419
440
423
416
420
402
453
414
405
391
420
384
397
339
361
387
407
377
397
401
346
392
371
376
368
354
401
356
380
378
353
387
370
376
366
351
352
367
342
356
351
356
320
351
330
333
349
368
352
372
335
352
336
342
348
302
347
330
336
351
306
329
275
318
295
315
341
334
293
303
334
332
288
314
329
329
293
254
275
270
291
330
310
259
290
281
297
291
277
274
310
273
282
288
278
276
265
295
278
285
269
249
251
278
232
254
279
284
271
248
244
253
258
236
242
245
232
250
234
239
251
227
250
228
243
246
219
250
228
252
220
225
215
236
236
213
227
221
194
225
235
182
208
211
222
207
221
226
207
223
214
183
210
207
198
185
217
205
183
184
190
177
227
205
188
185
187
168
204
199
173
216
162
178
174
182
188
175
185
202
184
154
152
159
168
174
139
170
170
162
118
196
150
160
145
152
155
145
143
147
163
161
156
133
151
143
153
140
160
143
137
137
174
155
156
132
143
131
149
156
122
123
141
156
137
123
141
114
125
140
134
128
145
129
138
114
112
129
120
112
114
122
117
119
109
124
129
138
104
97
143
112
105
113
120
111
106
125
124
118
100
95
100
114
112
108
112
90
106
92
88
118
111
100
102
108
102
103
109
96
90
112
95
85
100
103
91
75
102
92
85
84
88
84
93
105
94
91
68
70
101
66
80
93
72
85
97
80
80
81
82
77
88
75
77
84
69
78
64
68
62
70
78
81
62
57
65
64
58
66
60
71
65
60
56
66
61
76
56
69
66
68
54
62
57
67
65
61
61
66
57
65
44
56
59
49
64
55
56
47
51
62
65
58
74
40
60
50
43
53
50
61
46
50
43
59
31
41
40
44
40
54
45
49
46
49
43
47
48
53
40
47
39
36
47
48
36
35
28
49
41
36
34
35
45
36
40
33
33
34
38
30
31
24
34
36
43
50
31
39
33
36
29
31
37
29
29
29
34
35
31
29
29
40
43
24
34
25
26
35
34
30
33
24
36
29
24
33
33
26
32
31
40
32
18
27
31
17
33
21
19
25
26
22
23
25
19
20
25
26
23
21
32
24
25
25
15
15
23
26
18
20
14
28
17
20
24
23
25
23
22
21
16
18
23
18
17
22
21
20
19
24
22
14
16
14
19
23
18
14
25
21
16
18
19
15
14
18
21
15
18
17
24
11
13
13
16
17
19
20
25
13
16
9
14
14
17
13
15
18
12
10
15
16
10
9
8
17
6
13
10
8
15
10
13
10
11
7
13
9
14
10
18
5
12
16
11
7
10
9
13
13
8
11
7
6
10
8
4
9
8
9
5
12
12
6
9
13
11
8
9
8
14
8
9
8
15
8
12
9
7
11
8
11
12
8
8
7
6
8
9
3
10
8
8
4
6
7
9
6
9
5
3
5
6
4
7
9
3
4
7
5
4
6
4
7
6
6
7
5
6
4
1
5
6
5
9
3
4
4
5
5
0
3
4
5
3
3
8
2
6
8
7
4
7
4
6
4
3
6
6
5
6
7
2
5
2
6
4
4
4
2
2
10
6
2
5
5
1
7
0
5
7
3
3
8
3
2
5
6
0
7
1
4
3
4
3
1
2
3
2
7
0
3
2
5
5
2
4
2
2
2
5
3
3
2
7
4
1
2
2
1
2
1
1
1
2
1
3
2
0
5
5
1
1
3
4
1
2
1
2
3
3
2
1
2
3
3
2
3
2
2
1
3
0
1
1
0
2
2
2
2
1
2
2
1
0
0
2
1
3
1
2
1
1
2
1
1
4
0
0
0
4
2
2
0
0
2
0
0
0
4
2
0
1
0
1
2
0
2
1
3
1
3
0
0
0
0
1
0
0
1
1
1
0
2
2
1
0
0
0
0
3
1
0
1
2
1
1
0
0
1
2
1
0
0
1
1
0
1
0
0
1
0
1
1
1
1
0
0
1
1
1
2
0
1
1
0
1
0
1
0
2
0
0
0
1
0
0
0
1
0
1
0
0
0
0
1
1
1
0
0
0
0
1
0
1
1
0
0
0
0
1
0
2
0
1
0
1
0
0
0
1
0
1
0
0
2
0
0
0
2
0
0
0
1
0
0
0
0
0
0
0
0
0
1
1
0
1
0
0
1
0
0
0
0
1
0
0
0
0
1
2
0
1
0
1
1
1
0
0
0
1
1
0
0
1
0
0
0
0
0
0
0
0
0
0
1
0
0
0
0
0
0
0
0
1
0
1
0
0
1
0
0
1
0
0
1
0
0
0
0
1
0
1
0
0
0
0
1
0
0
0
0
0
0
0
0
0
0
0
0
0
1
0
0
0
0
0
0
1
0
0
0
0
0
0
0
1
0
0
0
0
0
0
0
0
0
0
0
0
0
0
0
0
0
0
0
0
0
0
0
0
0
0
0
0
0
0
0
0
0
0
0
0
0
0
0
0
0
0
0
0
0
0
0
0
0
0
0
0
0
0
0
0
0
0
0
0
0
0
0
0
0
0
0
0
0
0
0
0
0
0
1
0
0
0
0
0
0
0
0
0
0
0
0
0
0
0
0
0
0
0
0
0
0
0
0
0
0
0
0
0
0
0
0
0
0
0
0
0
0
0
0
0
0
0
0
0
0
1
0
0
0
0
0
0
0
0
0
0
0
0
0
0
0
0
0
0
0
0
0
0
0
0
0
0
0
0
0
0
0
0
0
0
0
0
0
0
0
0
0
0
0
0
0
0
0
0
0
0
0
0
0
0
0
0
0
0
0
0
0
0
0
0
0
0
0
0
0
0
0
0
0
0
0
0
0
0
0
0
0
0
0
0
0
0
0
0
0
0
0
0
0
0
1
0
0
0
0
0
0
0
0
0
0
0
0
0
0
0
0
0
0
0
0
0
0
0
0
0
0
0
0
0
0
0
0
0
0
0
0
0
0
0
0
0
0
0
0
0
0
0
0
0
0
0
0
0
0
0
0
0
0
0
0
0
0
0
0
0
0
0
0
0
0
0
0
0
0
0
0
0
0
0
0
0
0
0
0
0
0
0
0
0
0
0
0
0
0
0
0
0
0
0
0
0
0
0
0
0
0
0
0
0
0
0
0
0
0
0
0
0
0
0
0
0
0
0
0
0
0
0
0
0
0
0
0
0
0
0
0
0
0
0
0
0
0
0
0
0
0
0
0
0
0
0
0
0
0
0
0
0
0
0
0
0
0
0
0
0
0
0
0
0
0
0
0
0
0
0
0
0
0
0
0
0
0
0
0
0
0
0
0
0
0
0
0
0
0
0
0
0
0
0
0
0
0
0
0
0
0
0
0
0
0
0
0
0
0
0
0
0
0
0
0
0
0
0
0
0
0
0
0
0
0
0
0
0
0
0
0
0
0
0
0
0
0
0
0
0
0
0
0
0
0
0
0
0
0
0
0
0
0
0
0
0
0
0
0
0
0
0
0
0
0
0
0
0
0
0
0
0
0
0
0
0
0
0
0
0
0
0
0
0
0
0
0
0
0
0
0
0
0
0
0
0
0
0
0
0
0
0
0
0
0
0
0
0
0
0
0
0
0
0
0
0
0
0
0
0
0
0
0
0
0
0
0
0
0
0
0
0
0
0
0
0
0
0
0
0
0
0
0
0
0
0
0
0
0
0
0
0
0
0
0
0
0
0
0
0
0
0
0
0
0
0
0
0
0
0
0
0
0
0
0
0
0
0
0
0
0
0
0
0
0
0
0
0
0
0
0
0
0
0
0
0
0
0
0
0
0
0
0
0
0
0
0
0
0
0
0
0
0
0
0
0
0
0
0
0
0
0
0
0
0
0
0
0
0
0
0
0
0
0
0
0
0
0
0
0
0
0
0
0
0
0
0
0
0
0
0
0
0
0
0
0
0
0
0
0
0
0
0
0
0
0
0
0
0
0
0
0
0
0
0
0
0
0
0
0
0
0
0
0
0
0
0
0
0
0
0
0
0
0
0
0
0
0
0
0
0
0
0
0
0
0
0
0
0
0
0
0
0
0
0
0
0
0
0
0
0
0
0
0
0
0
0
0
0
0
0
0
0
0
0
0
0
0
0
0
0
0
0
0
0
0
0
0
0
0
0
0
0
0
0
0
0
0
0
0
0
0
0
0
0
0
0
0
0
0
0
0
0
0
0
0
0
0
0
0
0
0
0
0
0
0
0
0
0
0
0
0
0
0
0
0
0
0
0
0
0
0
0
0
0
0
0
0
0
0
0
0
0
0
0
0
0
0
0
0
0
0
0
0
0
0
0
0
0
0
0
0
0
0
0
0
0
0
0
0
0
0
0
0
0
0
0
0
0
0
0
0
0
0
0
0
0
0
0
0
0
0
0
0
0
0
0
0
0
0
0
0
0
0
0
0
0
0
0
0
0
0
0
0
0
0
0
0
0
0
0
0
0
0
0
0
0
0
0
0
0
0
0
0
0
0
0
0
0
0
0
0
0
0
0
0
0
0
0
0
0
0
0
0
0
0
0
0
0
0
0
0
0
0
0
0
0
0
0
0
0
0
0
0
0
0
0
0
0
0
0
0
0
0
0
0
0
0
0
0
0
0
0
0
0
0
0
0
0
0
0
0
0
0
0
0
0
0
0
0
0
0
0
0
0
0
0
0
0
0
0
0
0
0
0
0
0
0
0
0
0
0
0
0
0
0
0
0
0
0
0
0
0
0
0
0
0
0
0
0
0
0
0
0
0
0
0
0
0
0
0
0
0
0
0
0
0
0
0
0
0
0
0
0
0
0
0
0
0
0
0
0
0
0
0
0
0
0
0
0
0
0
0
0
0
0
0
0
0
0
0
0
0
0
0
0
0
0
0
0
0
0
0
0
0
0
0
0
0
0
0
0
0
0
0
0
0
0
0
0
0
0
0
0
0
0
0
0
0
0
0
0
0
0
0
0
0
0
0
0
0
0
0
0
0
0
0
0
0
0
0
0
0
0
0
0
0
0
0
0
0
0
0
0
0
0
0
0
0
0
0
0
0
0
0
0
0
0
0
0
0
0
0
0
0
0
0
0
0
0
0
0
0
0
0
0
0
0
0
0
0
0
0
0
0
0
0
0
0
0
0
0
0
0
0
0
0
0
0
0
0
0
0
0
0
0
0
0
0
0
0
0
0
0
0
0
0
0
0
0
0
0
0
0
0
0
0
0
0
0
0
0
0
0
0
0
0
0
0
0
0
0
0
0
0
0
0
0
0
0
0
0
0
0
0
0
0
0
0
0
0
0
0
0
0
0
0
0
0
0
0
0
0
0
0
0
0
0
0
0
0
0
0
0
0
0
0
0
0
0
0
0
0
0
0
0
0
0
0
0
0
0
0
0
0
0
0
0
0
0
0
0
0
0
0
0
0
0
0
0
0
0
0
0
0
0
0
0
0
0
0
0
0
0
0
0
0
0
0
0
0
0
0
0
0
0
0
0
0
0
0
0
0
0
0
0
0
0
0
0
0
0
0
0
0
0
0
0
0
0
0
0
0
0
0
0
0
0
0
0
0
0
0
0
0
0
0
0
0
0
0
0
0
0
0
0
0
0
0
0
0
0
0
0
0
0
0
0
0
0
0
0
0
0
0
0
0
0
0
0
0
0
0
0
0
0
0
0
0
0
0
0
0
0
0
0
0
0
0
0
0
0
0
0
0
0
0
0
0
0
0
0
0
0
0
0
0
0
0
0
0
0
0
0
0
0
0
0
0
0
0
0
0
0
0
0
0
0
0
0
0
0
0
0
0
0
0
0
0
0
0
0
0
0
0
0
0
0
0
0
0
0
0
0
0
0
0
0
0
0
0
0
0
0
0
0
0
0
0
0
0
0
0
0
0
0
0
0
0
0
0
0
0
0
0
0
0
0
0
0
0
0
0
0
0
0
0
0
0
0
0
0
0
0
0
0
0
0
0
0
0
0
0
0
0
0
0
0
0
0
0
0
0
0
0
0
0
0
0
0
0
0
0
0
0
0
0
0
0
0
0
0
0
0
0
0
0
0
0
0
0
0
0
0
0
0
0
0
0
0
0
0
0
0
0
0
0
0
0
0
0
0
0
0
0
0
0
0
0
0
0
0
0
0
0
0
0
0
0
0
0
0
0
0
0
0
0
0
0
0
0
0
0
0
0
0
0
0
0
0
0
0
0
0
0
0
0
0
0
0
0
0
0
0
0
0
0
0
0
0
0
0
0
0
0
0
0
0
0
0
0
0
0
0
0
0
0
0
0
0
0
0
0
0
0
0
0
0
0
0
0
0
0
0
0
0
0
0
0
0
0
0
0
0
0
0
0
0
0
0
0
0
0
0
0
0
0
0
0
0
0
0
0
0
0
0
0
0
0
0
0
0
0
0
0
0
0
0
0
0
0
0
0
0
0
0
0
0
0
0
0
0
0
0
0
0
0
0
0
0
0
0
0
0
0
0
0
0
0
0
0
0
0
0
0
0
0
0
0
0
0
0
0
0
0
0
0
0
0
0
0
0
0
0
0
0
0
0
0
0
0
0
0
0
0
0
0
0
0
0
0
0
0
0
0
0
0
0
0
0
0
0
0
0
0
0
0
0
0
0
0
0
0
0
0
0
0
0
0
0
0
0
0
0
0
0
0
0
0
0
0
0
0
0
0
0
0
0
0
0
0
0
0
0
0
0
0
0
0
0
0
0
0
0
0
0
0
0
0
0
0
0
0
0
0
0
0
0
0
0
0
0
0
0
0
0
0
0
0
0
0
0
0
0
0
0
0
0
0
0
0
0
0
0
0
0
0
0
0
0
0
0
0
0
0
0
0
0
0
0
0
0
0
0
0
0
0
0
0
0
0
0
0
0
0
0
0
0
0
0
0
0
0
0
0
0
0
0
0
0
0
0
0
0
0
0
0
0
0
0
0
0
0
0
0
0
0
0
0
0
0
0
0
0
0
0
0
0
0
0
0
0
0
0
0
0
0
0
0
0
0
0
0
0
0
0
0
0
0
0
0
0
0
0
0
0
0
0
0
0
0
0
0
0
0
0
0
0
0
0
0
0
0
0
0
0
0
0
0
0
0
0
0
0
0
0
0
0
0
0
0
0
0
0
0
0
0
0
0
0
0
0
0
0
0
0
0
0
0
0
0
0
0
0
0
0
0
0
0
0
0
0
0
0
0
0
0
0
0
0
0
0
0
0
0
0
0
0
0
0
0
0
0
0
0
0
0
0
0
0
0
0
0
0
0
0
0
0
0
0
0
0
0
0
0
0
0
0
0
0
0
0
0
0
0
0
0
0
0
0
0
0
0
0
0
0
0
0
0
0
0
0
0
0
0
0
0
0
0
0
0
0
0
0
0
0
0
0
0
0
0
0
0
0
0
0
0
0
0
0
0
0
0
0
0
0
0
0
0
0
0
0
0
0
0
0
0
0
0
0
0
0
0
0
0
0
0
0
0
0
0
0
0
0
0
0
0
0
0
0
0
0
0
0
0
0
0
0
0
0
0
0
0
0
0
0
0
0
0
0
0
0
0
0
0
0
0
0
0
0
0
0
0
0
0
0
0
0
0
0
0
0
0
0
0
0
0
0
0
0
0
0
0
0
0
0
0
0
0
0
0
0
0
0
0
0
0
0
0
0
0
0
0
0
0
0
0
0
0
0
0
0
0
0
0
0
0
0
0
0
0
0
0
0
0
0
0
0
0
0
0
0
0
0
0
0
0
0
0
0
0
0
0
0
0
0
0
0
0
0
0
0
0
0
0
0
0
0
0
0
0
0
0
0
0
0
0
0
0
0
0
0
0
0
0
0
0
0
0
0
0
0
0
0
0
0
0
0
0
0
0
0
0
0
0
0
0
0
0
0
0
0
0
0
0
0
0
0
0
0
0
0
0
0
0
0
0
0
0
0
0
0
0
0
0
0
0
0
0
0
0
0
0
0
0
0
0
0
0
0
0
0
0
0
0
0
0
0
0
0
0
0
0
0
0
0
0
0
0
0
0
0
0
0
0
0
0
0
0
0
0
0
0
0
0
0
0
0
0
0
0
0
0
0
0
0
0
0
0
0
0
0
0
0
0
0
0
0
0
0
0
0
0
0
0
0
0
0
0
0
0
0
0
0
0
0
0
0
0
0
0
0
0
0
0
0
0
0
0
0
0
0
0
0
0
0
0
0
0
0
0
0
0
0
0
0
0
0
0
0
0
0
0
0
0
0
0
0
0
0
0
0
0
0
0
0
0
0
0
0
0
0
0
0
0
0
0
0
0
0
0
0
0
0
0
0
0
0
0
0
0
0
0
0
0
0
0
0
0
0
0
0
0
0
0
0
0
0
0
0
0
0
0
0
0
0
0
0
0
0
0
0
0
0
0
0
0
0
0
0
0
0
0
0
0
0
0
0
0
0
0
0
0
0
0
0
0
0
0
0
0
0
0
0
0
0
0
0
0
0
0
0
0
0
0
0
0
0
0
0
0
0
0
0
0
0
0
0
0
0
0
0
0
0
0
0
0
0
0
0
0
0
0
0
0
0
0
0
0
0
0
0
0
0
0
0
0
0
0
0
0
0
0
0
0
0
0
0
0
0
0
0
0
0
0
0
0
0
0
0
0
0
0
0
0
0
0
0
0
0
0
0
0
0
0
0
0
0
0
0
0
0
0
0
0
0
0
0
0
0
0
0
0
0
0
0
0
0
0
0
0
0
0
0
0
0
0
0
0
0
0
0
0
0
0
0
0
0
0
0
0
0
0
0
0
0
0
0
0
0
0
0
0
0
0
0
0
0
0
0
0
0
0
0
0
0
0
0
0
0
0
0
0
0
0
0
0
0
0
0
0
0
0
0
0
0
0
0
0
0
0
0
0
0
0
0
0
0
0
0
0
0
0
0
0
0
0
0
0
0
0
0
0
0
0
0
0
0
0
0
0
0
0
0
0
0
0
0
0
0
0
0
0
0
0
0
0
0
0
0
0
0
0
0
0
0
0
0
0
0
0
0
0
0
0
0
0
0
0
0
0
0
0
0
0
0
0
0
0
0
0
0
0
0
0
0
0
0
0
0
0
0
0
0
0
0
0
0
0
0
0
0
0
0
0
0
0
0
0
0
0
0
0
0
0
0
0
0
0
0
0
0
0
0
0
0
0
0
0
0
0
0
0
0
0
0
0
0
0
0
0
0
0
0
0
0
0
0
0
0
0
0
0
0
0
0
0
0
0
0
0
0
0
0
0
0
0
0
0
0
0
0
0
0
0
0
0
0
0
0
0
0
0
0
0
0
0
0
0
0
0
0
0
0
0
0
0
0
0
0
0
0
0
0
0
0
0
0
0
0
0
0
0
0
0
0
0
0
0
0
0
0
0
0
0
0
0
0
0
0
0
0
0
0
0
0
0
0
0
0
0
0
0
0
0
0
0
0
0
0
0
0
0
0
0
0
0
0
0
0
0
0
0
0
0
0
0
0
0
0
0
0
0
0
0
0
0
0
0
0
0
0
0
0
0
0
0
0
0
0
0
0
0
0
0
0
0
0
0
0
0
0
0
0
0
0
0
0
0
0
0
0
0
0
0
0
0
0
0
0
0
0
0
0
0
0
0
0
0
0
0
0
0
0
0
0
0
0
0
0
0
0
0
0
0
0
0
0
0
0
0
0
0
0
0
0
0
0
0
0
0
0
0
0
0
0
0
0
0
0
0
0
0
0
0
0
0
0
0
0
0
0
0
0
0
0
0
0
0
0
0
0
0
0
0
0
0
0
0
0
0
0
0
0
0
0
0
0
0
0
0
0
0
0
0
0
0
0
0
0
0
0
0
0
0
0
0
0
0
0
0
0
0
0
0
0
0
0
0
0
0
0
0
0
0
0
0
0
0
0
0
0
0
0
0
0
0
0
0
0
0
0
0
0
0
0
0
0
0
0
0
0
0
0
0
0
0
0
0
0
0
0
0
0
0
0
0
0
0
0
0
0
0
0
0
0
0
0
0
0
0
0
0
0
0
0
0
0
0
0
0
0
0
0
0
0
0
0
0
0
0
0
0
0
0
0
0
0
0
0
0
0
0
0
0
0
0
0
0
0
0
0
0
0
0
0
0
0
0
0
0
0
0
0
0
0
0
0
0
0
0
0
0
0
0
0
0
0
0
0
0
0
0
0
0
0
0
0
0
0
0
0
0
0
0
0
0
0
0
0
0
0
0
0
0
0
0
0
0
0
0
0
0
0
0
0
0
0
0
0
0
0
0
0
0
0
0
0
0
0
0
0
0
0
0
0
0
0
0
0
0
0
0
0
0
0
0
0
0
0
0
0
0
0
0
0
0
0
0
0
0
0
0
0
0
0
0
0
0
0
0
0
0
0
0
0
0
0
0
0
0
0
0
0
0
0
0
0
0
0
0
0
0
0
0
0
0
0
0
0
0
0
0
0
0
0
0
0
0
0
0
0
0
0
0
0
0
0
0
0
0
0
0
0
0
0
0
0
0
0
0
0
0
0
0
0
0
0
0
0
0
0
0
0
0
0
0
0
0
0
0
0
0
0
0
0
0
0
0
0
0
0
0
0
0
0
0
0
0
0
0
0
0
0
0
0
0
0
0
0
0
0
0
0
0
0
0
0
0
0
0
0
0
0
0
0
0
0
0
0
0
0
0
0
0
0
0
0
0
0
0
0
0
0
0
0
0
0
0
0
0
0
0
0
0
0
0
0
0
0
0
0
0
0
0
0
0
0
0
0
0
0
0
0
0
0
0
0
0
0
0
0
0
0
0
0
0
0
0
0
0
0
0
0
0
0
0
0
0
0
0
0
0
0
0
0
0
0
0
0
0
0
0
0
0
0
0
0
0
0
0
0
0
0
0
0
0
0
0
0
0
0
0
0
0
0
0
0
0
0
0
0
0
0
0
0
0
0
0
0
0
0
0
0
0
0
0
0
0
0
0
0
0
0
0
0
0
0
0
0
0
0
0
0
0
0
0
0
0
0
0
0
0
0
0
0
0
0
0
0
0
0
0
0
0
0
0
0
0
0
0
0
0
0
0
0
0
0
0
0
0
0
0
0
0
0
0
0
0
0
0
0
0
0
0
0
0
0
0
0
0
0
0
0
0
0
0
0
0
0
0
0
0
0
0
0
0
0
0
0
0
0
0
0
0
0
0
0
0
0
0
0
0
0
0
0
0
0
0
0
0
0
0
0
0
0
0
0
0
0
0
0
0
0
0
0
0
0
0
0
0
0
0
0
0
0
0
0
0
0
0
0
0
0
0
0
0
0
0
0
0
0
0
0
0
0
0
0
0
0
0
0
0
0
0
0
0
0
0
0
0
0
0
0
0
0
0
0
0
0
0
0
0
0
0
0
0
0
0
0
0
0
0
0
0
0
0
0
0
0
0
0
0
0
0
0
0
0
0
0
0
0
0
0
0
0
0
0
0
0
0
0
0
0
0
0
0
0
0
0
0
0
0
0
0
0
0
0
0
0
0
0
0
0
0
0
0
0
0
0
0
0
0
0
0
0
0
0
0
0
0
0
0
0
0
0
0
0
0
0
0
0
0
0
0
0
0
0
0
0
0
0
0
0
0
0
0
0
0
0
0
0
0
0
0
0
0
0
0
0
0
0
0
0
0
0
0
0
0
0
0
0
0
0
0
0
0
0
0
0
0
0
0
0
0
0
0
0
0
0
0
0
0
0
0
0
0
0
0
0
0
0
0
0
0
0
0
0
0
0
0
0
0
0
0
0
0
0
0
0
0
0
0
0
0
0
0
0
0
0
0
0
0
0
0
0
0
0
0
0
0
0
0
0
0
0
0
0
0
0
0
0
0
0
0
0
0
0
0
0
0
0
0
0
0
0
0
0
0
0
0
0
0
0
0
0
0
0
0
0
0
0
0
0
0
0
0
0
0
0
0
0
0
0
0
0
0
0
0
0
0
0
0
0
0
0
0
0
0
0
0
0
0
0
0
0
0
0
0
0
0
0
0
0
0
0
0
0
0
0
0
0
0
0
0
0
0
0
0
0
0
0
0
0
0
0
0
0
0
0
0
0
0
0
0
0
0
0
0
0
0
0
0
0
0
0
0
0
0
0
0
0
0
0
0
0
0
0
0
0
0
0
0
0
0
0
0
0
0
0
0
0
0
0
0
0
0
0
0
0
0
0
0
0
0
0
0
0
0
0
0
0
0
0
0
0
0
0
0
0
0
0
0
0
0
0
0
0
0
0
0
0
0
0
0
0
0
0
0
0
0
0
0
0
0
0
0
0
0
0
0
0
0
0
0
0
0
0
0
0
0
0
0
0
0
0
0
0
0
0
0
0
0
0
0
0
0
0
0
0
0
0
0
0
0
0
0
0
0
0
0
0
0
0
0
0
0
0
0
0
0
0
0
0
0
0
0
0
0
0
0
0
0
0
0
0
0
0
0
0
0
0
0
0
0
0
0
0
0
0
0
0
0
0
0
0
0
0
0
0
0
0
0
0
0
0
0
0
0
0
0
0
0
0
0
0
0
0
0
0
0
0
0
0
0
0
0
0
0
0
0
0
0
0
0
0
0
0
0
0
0
0
0
0
0
0
0
0
0
0
0
0
0
0
0
0
0
0
0
0
0
0
0
0
0
0
0
0
0
0
0
0
0
0
0
0
0
0
0
0
0
0
0
0
0
0
0
0
0
0
0
0
0
0
0
0
0
0
0
0
0
0
0
0
0
0
0
0
0
0
0
0
0
0
0
0
0
0
0
0
0
0
0
0
0
0
0
0
0
0
0
0
0
0
0
0
0
0
0
0
0
0
0
0
0
0
0
0
0
0
0
0
0
0
0
0
0
0
0
0
0
0
0
0
0
0
0
0
0
0
0
0
0
0
0
0
0
0
0
0
0
0
0
0
0
0
0
0
0
0
0
0
0
0
0
0
0
0
0
0
0
0
0
0
0
0
0
0
0
0
0
0
0
0
0
0
0
0
0
0
0
0
0
0
0
0
0
0
0
0
0
0
0
0
0
0
0
0
0
0
0
0
0
0
0
0
0
0
0
0
0
0
0
0
0
0
0
0
0
0
0
0
0
0
0
0
0
0
0
0
0
0
0
0
0
0
0
0
0
0
0
0
0
0
0
0
0
0
0
0
0
0
0
0
0
0
0
0
0
0
0
0
0
0
0
0
0
0
0
0
0
0
0
0
0
0
0
0
0
0
0
0
0
0
0
0
0
0
0
0
0
0
0
0
0
0
0
0
0
0
0
0
0
0
0
0
0
0
0
0
0
0
0
0
0
0
0
0
0
0
0
0
0
0
0
0
0
0
0
0
0
0
0
0
0
0
0
0
0
0
0
0
0
0
0
0
0
0
0
0
0
0
0
0
0
0
0
0
0
0
0
0
0
0
0
0
0
0
0
0
0
0
0
0
0
0
0
0
0
0
0
0
0
0
0
0
0
0
0
0
0
0
0
0
0
0
0
0
0
0
0
0
0
0
0
0
0
0
0
0
0
0
0
0
0
0
0
0
0
0
0
0
0
0
0
0
0
0
0
0
0
0
0
0
0
0
0
0
0
0
0
0
0
0
0
0
0
0
0
0
0
0
0
0
0
0
0
0
0
0
0
0
0
0
0
0
0
0
0
0
0
0
0
0
0
0
0
0
0
0
0
0
0
0
0
0
0
0
0
0
0
0
0
0
0
0
0
0
0
0
0
0
0
0
0
0
0
0
0
0
0
0
0
0
0
0
0
0
0
0
0
0
0
0
0
0
0
0
0
0
0
0
0
0
0
0
0
0
0
0
0
0
0
0
0
0
0
0
0
0
0
0
0
0
0
0
0
0
0
0
0
0
0
0
0
0
0
0
0
0
0
0
0
0
0
0
0
0
0
0
0
0
0
0
0
0
0
0
0
0
0
0
0
0
0
0
0
0
0
0
0
0
0
0
0
0
0
0
0
0
0
0
0
0
0
0
0
0
0
0
0
0
0
0
0
0
0
0
0
0
0
0
0
0
0
0
0
0
0
0
0
0
0
0
0
0
0
0
0
0
0
0
0
0
0
0
0
0
0
0
0
0
0
0
0
0
0
0
0
0
0
0
0
0
0
0
0
0
0
0
0
0
0
0
0
0
0
0
0
0
0
0
0
0
0
0
0
0
0
0
0
0
0
0
0
0
0
0
0
0
0
0
0
0
0
0
0
0
0
0
0
0
0
0
0
0
0
0
0
0
0
0
0
0
0
0
0
0
0
0
0
0
0
0
0
0
0
0
0
0
0
0
0
0
0
0
0
0
0
0
0
0
0
0
0
0
0
0
0
0
0
0
0
0
0
0
0
0
0
0
0
0
0
0
0
0
0
0
0
0
0
0
0
0
0
0
0
0
0
0
0
0
0
0
0
0
0
0
0
0
0
0
0
0
0
0
0
0
0
0
0
0
0
0
0
0
0
0
0
0
0
0
0
0
0
0
0
0
0
0
0
0
0
0
0
0
0
0
0
0
0
0
0
0
0
0
0
0
0
0
0
0
0
0
0
0
0
0
0
0
0
0
0
0
0
0
0
0
0
0
0
0
0
0
0
0
0
0
0
0
0
0
0
0
0
0
0
0
0
0
0
0
0
0
0
0
0
0
0
0
0
0
0
0
0
0
0
0
0
0
0
0
0
0
0
0
0
0
0
0
0
0
0
0
0
0
0
0
0
0
0
0
0
0
0
0
0
0
0
0
0
0
0
0
0
0
0
0
0
0
0
0
0
0
0
0
0
0
0
0
0
0
0
0
0
0
0
0
0
0
0
0
0
0
0
0
0
0
0
0
0
0
0
0
0
0
0
0
0
0
0
0
0
0
0
0
0
0
0
0
0
0
