0
0
1
1
1
0
0
0
0
0
0
2
1
0
1
3
0
0
0
1
0
0
0
3
2
0
0
0
0
1
0
0
1
0
1
1
0
0
0
0
1
1
2
0
0
1
1
0
1
1
1
0
0
1
0
1
3
0
0
1
1
0
0
0
0
2
1
1
1
1
0
0
0
0
1
0
0
0
1
0
0
2
1
1
1
2
1
1
0
1
1
0
2
2
0
0
3
6
2
2
2
1
2
3
0
0
0
1
2
2
0
1
0
2
0
0
0
2
3
0
1
2
3
2
0
3
0
2
1
1
3
4
0
2
0
2
1
3
1
1
2
0
1
4
3
1
3
0
0
3
4
1
1
5
3
2
3
2
0
1
1
1
4
1
1
2
0
1
6
2
1
4
2
2
3
3
1
3
1
0
7
3
2
2
2
1
3
2
2
4
2
1
5
9
0
3
3
2
2
5
5
2
2
3
2
1
1
5
5
2
3
2
1
3
1
3
4
4
5
3
8
6
5
4
0
3
4
4
3
1
8
6
5
4
4
10
4
6
4
0
5
10
1
9
2
2
4
9
4
3
7
6
5
5
4
4
6
5
5
6
10
3
3
2
8
5
6
7
1
11
3
9
5
8
4
8
8
10
10
7
12
8
5
5
7
12
9
8
4
7
9
12
7
9
4
8
5
13
7
8
12
9
12
2
6
6
7
13
8
8
6
11
11
9
10
19
17
14
11
8
9
4
10
11
3
13
18
16
11
10
6
12
17
10
8
3
18
18
12
11
13
14
17
6
12
10
7
9
16
9
11
9
3
7
11
12
11
15
14
9
9
9
9
14
14
14
15
16
18
15
23
20
8
16
11
15
14
17
14
18
19
8
16
13
15
11
14
23
14
20
13
13
11
17
11
21
22
24
14
15
9
23
20
25
17
15
21
13
20
15
29
14
24
18
23
28
19
26
28
21
26
33
18
17
18
24
25
23
20
26
27
30
19
19
22
28
28
24
20
30
29
20
25
23
40
28
29
26
23
37
35
24
33
25
28
36
23
24
27
28
20
29
21
28
28
33
23
23
31
31
39
30
37
35
31
32
29
40
36
34
26
35
29
25
24
25
33
35
31
44
23
41
30
25
31
39
40
38
37
32
33
37
45
41
29
33
37
40
34
37
36
36
34
38
28
37
31
49
42
39
40
38
41
41
56
36
49
43
49
50
49
43
40
48
55
48
40
49
55
32
50
31
49
49
52
53
56
51
61
55
47
50
63
43
43
63
59
43
64
69
54
51
60
60
57
65
51
57
62
56
60
57
56
52
70
54
50
62
50
62
67
77
44
61
65
56
54
68
74
81
73
66
62
64
82
74
60
60
64
65
68
67
83
69
64
79
65
74
66
65
73
76
70
83
76
77
61
80
75
63
78
80
82
90
75
75
77
76
64
96
102
74
94
83
76
89
89
87
78
91
80
90
96
95
108
85
96
89
82
92
91
102
91
109
113
100
96
87
89
105
111
94
88
122
102
109
96
73
104
97
105
102
95
108
104
99
115
116
112
123
118
118
103
104
101
116
102
121
117
109
104
117
100
117
109
114
114
143
118
126
153
116
117
141
119
107
125
135
136
138
116
146
118
129
125
112
128
122
145
153
137
137
122
141
158
111
145
111
149
142
147
147
129
150
151
135
132
128
140
167
158
149
149
125
139
161
130
152
144
149
167
150
148
156
144
140
165
160
148
152
165
162
163
166
158
166
141
174
154
185
155
168
168
163
158
199
161
163
168
177
176
190
177
172
174
186
195
184
178
172
173
198
180
183
187
150
187
179
179
206
190
161
217
194
209
205
156
176
193
212
190
185
207
177
212
232
200
194
194
209
212
200
202
209
227
198
232
196
216
216
201
237
227
224
214
229
221
223
234
243
227
219
223
222
214
227
234
240
231
228
238
235
231
259
221
227
250
254
244
217
250
242
238
273
268
233
256
267
226
245
248
252
284
240
200
244
268
254
256
267
250
267
274
285
282
264
239
244
278
273
298
260
273
280
293
295
299
273
289
268
297
279
294
274
282
301
281
290
292
316
305
334
288
311
298
311
292
293
291
337
315
301
305
257
334
274
322
342
350
310
318
266
319
321
296
314
331
310
331
316
313
342
372
353
345
385
340
328
315
396
346
364
383
324
369
378
330
359
373
366
358
370
327
362
367
326
371
367
398
362
306
332
357
347
331
356
368
385
362
393
376
391
396
376
394
392
399
358
368
362
413
383
386
385
356
437
388
445
386
371
407
396
405
345
446
380
458
402
438
435
425
398
396
450
441
417
436
398
408
433
412
427
426
448
467
463
433
469
445
444
435
440
427
441
437
468
448
469
471
492
453
478
442
480
415
443
476
469
504
451
486
347
464
482
448
475
454
508
476
498
452
519
468
501
484
479
447
475
498
471
525
528
565
500
525
520
509
504
505
480
539
471
512
526
503
520
477
523
475
502
541
525
538
579
543
490
506
576
451
543
545
547
605
561
535
544
554
540
531
505
504
544
551
580
596
586
573
563
545
601
585
553
576
567
558
602
541
571
611
562
518
516
578
577
591
591
587
605
576
570
614
587
548
633
582
591
622
590
572
564
586
620
588
604
608
604
607
595
597
620
579
616
565
654
609
663
619
668
604
613
610
606
629
657
634
619
672
644
598
576
664
651
608
681
619
651
653
648
631
627
667
660
639
644
614
622
698
660
685
720
711
661
644
693
718
680
631
683
682
672
668
639
642
670
664
707
686
669
704
707
709
683
731
732
706
695
612
720
703
722
697
682
768
706
732
754
721
719
688
727
713
735
721
751
733
775
716
765
700
751
757
722
719
715
783
723
722
788
648
666
733
754
751
772
762
741
739
776
775
771
718
755
784
757
743
776
749
768
826
796
762
738
747
764
792
828
790
796
867
792
773
749
834
789
798
775
811
761
786
752
849
758
759
816
770
845
826
656
846
843
839
829
856
831
828
799
787
852
813
822
831
810
767
809
839
834
846
873
843
850
813
856
845
840
841
866
862
839
841
872
816
841
893
847
839
806
889
877
804
854
810
896
896
848
813
858
855
814
908
931
839
883
890
854
914
839
875
863
905
815
885
904
872
903
879
935
919
835
830
947
847
873
884
901
906
925
851
817
883
856
910
930
899
895
944
956
905
893
926
845
973
874
893
917
912
923
905
960
923
903
882
971
912
953
954
939
938
886
923
927
882
970
898
930
940
952
862
955
909
961
908
941
977
878
904
797
947
842
947
983
981
931
918
958
976
904
969
946
963
953
856
910
889
942
944
952
981
936
947
967
952
953
967
980
922
968
928
1008
983
980
935
972
982
1017
950
952
972
901
955
903
950
918
895
975
1022
1004
992
1042
1026
919
949
1048
1023
934
969
955
988
942
947
979
994
972
1002
1043
991
951
961
1007
974
958
1031
924
976
980
878
868
930
1009
979
1006
1000
996
895
1003
992
1021
965
999
1008
1021
940
975
964
968
1009
968
1003
991
1016
956
989
937
984
1022
1031
996
999
973
980
1029
985
953
947
1016
989
1022
1024
1034
1038
1004
989
992
980
858
1003
988
995
1104
948
948
938
1019
1017
1000
947
1066
1001
1004
922
1023
1025
953
1008
1062
1012
1014
927
957
1033
998
1046
965
965
1012
993
978
1015
988
994
1066
1017
993
921
983
1040
947
963
998
980
958
925
991
977
992
988
1026
963
978
986
1022
1034
965
965
988
966
1049
976
1009
970
1000
1038
999
972
995
926
1042
999
1016
1020
1042
994
998
935
927
1008
981
1006
983
1024
1051
960
1018
985
1037
953
986
1020
1008
1020
973
990
944
999
1044
1008
985
959
1016
1010
971
944
1035
980
983
891
958
1021
1013
988
1023
954
1001
983
998
960
955
1000
983
925
1008
961
790
990
955
951
1040
1010
974
966
979
952
959
980
1063
951
953
868
885
1009
962
946
1028
998
993
986
943
936
967
955
1014
953
957
974
971
954
922
964
1059
934
949
973
977
979
937
935
969
988
945
833
999
976
914
948
925
952
896
908
979
966
975
975
908
927
894
938
972
985
990
958
1021
952
994
978
935
940
941
911
983
931
881
779
781
932
871
934
952
924
914
890
948
899
947
911
963
939
933
922
917
942
929
926
863
939
927
893
947
872
859
898
911
902
893
846
973
902
915
922
965
873
933
934
884
866
847
878
906
983
848
864
799
942
903
889
888
880
893
920
893
903
907
804
889
889
844
863
868
845
877
856
923
827
859
802
924
906
856
875
918
840
813
848
855
854
850
914
856
861
794
852
859
822
855
862
799
855
827
759
816
874
805
795
876
891
849
806
867
861
841
838
873
876
844
799
870
845
822
847
861
849
842
788
857
800
803
815
845
822
807
747
710
768
858
836
817
789
791
786
786
851
807
768
761
810
786
800
767
755
804
798
849
800
811
773
780
788
743
735
757
808
767
756
759
751
801
761
813
805
744
782
793
784
764
771
819
770
750
763
625
779
741
750
790
730
725
742
750
773
747
751
743
745
802
745
716
713
757
708
766
789
678
701
760
721
769
707
724
706
740
760
710
749
723
735
771
723
684
696
687
710
657
686
708
672
709
652
803
769
657
717
706
712
660
665
725
699
676
730
698
666
674
698
674
658
688
675
687
665
662
670
620
700
624
629
695
676
665
643
583
682
676
690
664
663
652
663
692
641
663
676
627
581
614
630
621
614
619
683
634
660
629
635
686
633
639
616
671
660
593
625
599
588
570
623
625
651
650
604
658
573
617
577
637
594
585
616
500
619
609
567
658
658
585
560
596
592
567
534
624
588
596
591
591
567
551
554
645
551
586
593
541
607
553
554
572
564
563
528
601
567
511
550
579
552
539
555
557
550
516
531
611
547
594
509
527
559
529
519
552
527
534
521
546
504
536
564
562
519
539
530
580
531
514
505
563
505
526
531
510
511
484
507
519
469
502
413
426
502
520
527
540
502
548
490
516
504
523
485
482
494
476
455
486
453
464
453
509
484
441
451
486
471
532
483
473
486
505
448
489
431
472
447
471
456
434
419
442
465
472
406
450
443
425
395
347
451
443
437
456
467
438
424
436
446
443
414
448
468
463
433
409
463
419
427
419
451
432
421
437
417
408
409
401
397
434
398
395
396
408
400
424
419
410
432
387
421
405
403
426
375
377
387
419
387
378
383
399
386
389
424
400
386
392
391
389
365
402
388
363
378
378
378
393
416
372
387
392
401
372
393
394
372
344
337
325
363
362
374
360
346
335
348
354
363
396
319
348
353
312
393
384
350
334
357
381
301
319
320
328
341
345
296
307
312
324
345
308
320
312
322
367
296
285
336
342
282
311
304
297
299
304
322
283
299
290
314
345
327
295
267
305
294
279
306
294
311
309
271
305
298
301
300
328
286
291
268
300
283
276
298
302
273
285
263
278
278
306
270
250
285
285
269
284
283
266
310
254
291
228
245
304
259
271
285
276
260
254
271
282
243
245
256
260
253
250
246
260
263
233
256
265
258
232
256
248
242
255
257
272
250
238
230
231
254
223
266
264
199
201
239
245
256
201
242
257
223
202
256
233
233
231
233
259
230
204
227
246
184
200
203
212
233
222
206
245
196
194
209
227
223
224
197
214
217
212
185
217
199
205
212
185
227
189
241
217
211
214
200
195
211
209
192
203
197
198
209
180
188
165
178
207
194
190
194
188
209
178
176
192
184
186
171
196
182
173
187
164
191
185
185
201
172
156
186
169
160
180
166
153
165
157
159
173
158
180
153
195
204
179
168
153
157
165
150
143
172
168
115
164
163
174
166
161
154
165
137
162
156
131
146
127
161
137
122
156
141
130
132
136
150
158
129
137
135
141
166
143
143
114
118
142
131
136
142
110
145
138
114
126
129
143
143
113
96
141
138
115
135
133
142
132
133
144
137
136
132
128
118
109
138
133
119
145
135
106
118
126
117
135
133
128
130
126
96
134
93
99
128
118
115
110
110
99
102
138
120
114
111
108
107
108
115
104
117
120
103
83
88
113
95
125
130
105
100
97
83
87
93
109
92
107
111
87
100
90
112
103
135
97
103
104
93
82
99
107
125
91
105
99
75
93
83
80
89
78
91
70
92
97
82
90
90
74
68
107
73
93
97
84
84
95
80
87
73
86
90
81
89
78
57
87
88
88
93
69
84
80
81
59
68
60
74
71
74
81
80
69
78
77
87
76
69
77
79
84
89
66
84
61
63
76
70
73
71
70
74
65
68
71
60
66
79
55
67
67
58
78
70
76
60
62
64
78
64
82
65
67
59
59
71
60
58
67
60
66
73
64
64
68
69
54
55
57
45
64
63
66
60
53
56
53
54
51
65
55
47
68
57
59
54
47
56
53
67
59
61
54
56
51
53
53
42
44
50
44
55
48
52
39
56
40
40
49
50
56
40
41
62
45
46
67
43
38
52
53
48
43
38
51
40
46
45
45
46
46
47
35
46
57
44
49
31
45
45
28
36
36
46
45
40
40
32
34
48
26
44
44
46
31
44
37
40
34
37
39
45
38
31
35
29
39
33
32
33
40
43
41
36
31
39
35
45
34
34
30
33
32
38
36
37
27
26
32
29
39
31
33
45
32
37
28
32
43
30
25
39
27
28
26
34
28
25
24
29
29
26
31
29
27
24
23
44
22
42
32
30
40
25
29
22
32
23
24
20
29
33
27
26
24
29
21
23
23
31
32
21
34
25
27
26
33
21
17
21
26
23
20
27
34
17
17
28
18
22
22
20
30
21
24
35
16
31
29
24
20
26
29
25
25
31
27
26
13
13
14
18
21
20
19
18
11
14
16
21
25
18
21
13
19
13
15
19
14
24
16
25
25
17
18
12
15
19
12
12
11
24
13
16
17
18
20
21
15
18
18
16
19
17
13
14
16
10
15
20
13
10
20
13
21
14
13
16
21
22
11
11
10
11
14
8
16
17
16
11
16
15
13
18
13
15
12
8
11
15
14
11
21
16
17
12
15
14
15
11
14
18
13
13
13
8
22
15
9
18
13
12
7
17
15
14
9
14
13
12
16
12
15
9
6
6
12
11
8
10
7
7
15
21
15
11
5
10
9
15
9
8
7
14
11
9
14
10
13
9
6
8
7
12
12
10
6
11
8
7
11
5
8
12
9
5
7
10
10
10
6
10
7
11
13
9
11
4
15
4
8
8
5
8
10
6
3
8
4
5
14
6
15
1
8
11
8
10
10
9
11
10
5
6
6
9
5
15
3
5
7
6
7
8
4
1
4
8
8
6
8
15
3
6
4
6
6
3
4
13
6
5
7
4
5
8
6
4
8
3
5
6
7
3
3
5
5
5
6
4
9
3
7
6
7
6
4
5
9
4
4
7
7
6
4
3
5
6
6
4
4
6
5
2
5
4
4
5
4
6
3
3
5
7
8
1
0
6
2
3
5
4
4
6
9
4
4
1
6
2
5
5
3
2
7
5
4
1
3
3
4
6
2
7
2
3
1
3
3
2
3
2
4
6
3
4
7
5
3
2
4
2
6
4
4
3
4
5
3
3
4
4
2
2
4
5
2
3
4
3
4
2
4
2
6
1
5
3
2
2
2
2
2
5
1
4
0
4
2
1
0
7
2
1
3
2
0
1
4
2
2
1
3
2
1
3
4
3
4
3
3
5
2
1
0
5
3
1
1
2
1
2
3
2
4
2
3
1
3
3
5
1
2
1
4
4
3
1
2
1
0
2
1
1
2
2
0
1
0
2
0
4
0
3
2
1
3
2
0
4
1
0
2
3
3
5
1
0
4
1
1
1
1
3
1
1
2
1
0
0
2
0
1
1
1
0
0
1
2
1
3
0
2
0
0
4
1
2
0
0
1
2
1
0
1
0
1
4
1
1
2
1
1
0
1
2
1
1
1
2
2
2
1
1
1
1
0
2
0
1
2
1
1
2
0
0
0
0
2
2
2
2
1
0
1
3
0
1
0
0
2
0
0
2
2
0
0
2
0
0
0
0
1
0
0
1
2
1
0
1
0
1
0
0
2
0
0
1
1
1
2
1
0
2
1
1
0
0
2
1
2
1
0
0
1
0
0
0
1
0
0
1
0
0
1
1
0
1
1
0
0
1
0
1
0
0
0
1
0
1
0
0
0
0
1
1
0
0
0
1
0
1
2
0
1
0
1
1
0
2
1
1
0
1
1
1
1
0
0
1
1
1
0
3
0
0
0
1
0
1
1
0
0
0
0
0
1
0
0
0
0
1
1
0
0
1
0
0
0
1
0
0
1
0
0
0
0
0
0
1
0
0
0
0
0
0
0
1
0
0
1
1
0
0
0
0
0
0
0
1
0
0
0
0
1
0
0
0
1
0
1
0
0
0
0
0
1
0
0
0
0
0
1
0
0
0
0
0
0
0
0
0
0
0
0
1
1
1
0
0
1
1
0
0
0
1
0
0
0
0
1
0
1
0
0
1
0
0
0
1
0
0
0
0
0
0
1
0
0
0
0
0
0
0
0
0
0
1
0
0
0
0
0
0
0
0
0
0
0
2
0
1
0
0
0
0
0
1
0
0
0
1
0
0
0
0
0
0
0
0
0
1
0
0
0
0
0
1
0
0
0
0
0
1
0
0
0
0
1
0
0
1
0
0
0
0
0
1
0
1
0
0
0
0
0
0
0
0
1
0
0
0
0
0
0
0
0
0
0
0
0
0
0
0
0
1
1
0
0
0
0
0
0
0
0
0
0
1
0
0
0
0
0
0
0
0
0
0
0
0
0
0
0
1
0
0
0
0
0
0
0
0
0
0
0
0
0
0
0
0
0
0
0
0
0
0
0
0
0
0
0
0
0
0
0
0
0
0
0
0
0
0
0
0
0
0
0
0
0
0
0
0
0
0
0
0
0
0
0
0
0
0
0
0
0
0
0
0
0
0
0
0
0
0
0
0
0
0
0
0
0
0
0
0
1
0
0
0
0
0
0
0
0
0
0
0
0
0
0
0
0
0
0
0
0
1
0
0
0
0
0
0
0
0
0
1
0
0
0
0
0
0
0
0
0
0
0
0
0
0
1
0
0
0
0
0
0
0
0
0
0
0
0
0
0
0
0
0
0
0
0
0
0
0
0
0
0
0
0
0
0
0
0
0
0
0
1
0
0
0
0
0
0
0
0
0
0
0
0
0
0
0
0
0
0
0
0
0
0
0
0
0
0
0
0
0
0
0
0
0
0
0
0
0
0
0
0
0
0
0
0
0
0
0
0
0
0
0
0
0
0
0
0
0
0
0
0
0
0
0
0
0
0
0
0
0
0
0
0
0
0
0
0
0
0
0
0
0
0
0
0
0
0
0
0
0
0
0
0
0
0
0
0
0
0
0
0
0
0
0
0
0
0
0
0
0
0
0
0
0
0
0
0
0
0
0
0
0
0
0
0
0
0
0
0
0
0
0
0
0
0
0
0
0
0
0
0
0
0
0
0
0
0
0
0
0
0
0
0
0
0
0
0
0
0
0
0
0
0
0
0
0
0
0
0
0
0
0
0
0
0
0
0
0
0
0
0
0
0
0
0
0
0
0
0
0
0
0
0
0
0
0
0
0
0
0
0
0
0
0
0
0
0
0
0
0
0
0
0
0
0
0
0
0
0
0
0
0
0
0
0
0
0
0
0
0
0
0
0
0
0
0
0
0
0
0
0
0
0
0
0
0
0
0
0
0
0
0
0
0
0
0
0
0
0
0
0
0
0
0
0
0
0
0
0
0
0
0
0
0
0
0
0
0
0
0
0
0
0
0
0
0
0
0
0
0
0
0
0
0
0
0
0
0
0
0
0
0
0
0
0
0
0
0
0
0
0
0
0
0
0
0
0
0
0
0
0
0
0
0
0
0
0
0
0
0
0
0
0
0
0
0
0
0
0
0
0
0
0
0
0
0
0
0
0
0
0
0
0
0
0
0
0
0
0
0
0
0
0
0
0
0
0
0
0
0
0
0
0
0
0
0
0
0
0
0
0
0
0
0
0
0
0
0
0
0
0
0
0
0
0
0
0
0
0
0
0
0
0
0
0
0
0
0
0
0
0
0
0
0
0
0
0
0
0
0
0
0
0
0
0
0
0
0
0
0
0
0
0
0
0
0
0
0
0
0
0
0
0
0
0
0
0
0
0
0
0
0
0
0
0
0
0
0
0
0
0
0
0
0
0
0
0
0
0
0
0
0
0
0
0
0
0
0
0
0
0
0
0
0
0
0
0
0
0
0
0
0
0
0
0
0
0
0
0
0
0
0
0
0
0
0
0
0
0
0
0
0
0
0
0
0
0
0
0
0
0
0
0
0
0
0
0
0
0
0
0
0
0
0
0
0
0
0
0
0
0
0
0
0
0
0
0
0
0
0
0
0
0
0
0
0
0
0
0
0
0
0
0
0
0
0
0
0
0
0
0
0
0
0
0
0
0
0
0
0
0
0
0
0
0
0
0
0
0
0
0
0
0
0
0
0
0
0
0
0
0
0
0
0
0
0
0
0
0
0
0
0
0
0
0
0
0
0
0
0
0
0
0
0
0
0
0
0
0
0
0
0
0
0
0
0
0
0
0
0
0
0
0
0
0
0
0
0
0
0
0
0
0
0
0
0
0
0
0
0
0
0
0
0
0
0
0
0
0
0
0
0
0
0
0
0
0
0
0
0
0
0
0
0
0
0
0
0
0
0
0
0
0
0
0
0
0
0
0
0
0
0
0
0
0
0
0
0
0
0
0
0
0
0
0
0
0
0
0
0
0
0
0
0
0
0
0
0
0
0
0
0
0
0
0
0
0
0
0
0
0
0
0
0
0
0
0
0
0
0
0
0
0
0
0
0
0
0
0
0
0
0
0
0
0
0
0
0
0
0
0
0
0
0
0
0
0
0
0
0
0
0
0
0
0
0
0
0
0
0
0
0
0
0
0
0
0
0
0
0
0
0
0
0
0
0
0
0
0
0
0
0
0
0
0
0
0
0
0
0
0
0
0
0
0
0
0
0
0
0
0
0
0
0
0
0
0
0
0
0
0
0
0
0
0
0
0
0
0
0
0
0
0
0
0
0
0
0
0
0
0
0
0
0
0
0
0
0
0
0
0
0
0
0
0
0
0
0
0
0
0
0
0
0
0
0
0
0
0
0
0
0
0
0
0
0
0
0
0
0
0
0
0
0
0
0
0
0
0
0
0
0
0
0
0
0
0
0
0
0
0
0
0
0
0
0
0
0
0
0
0
0
0
0
0
0
0
0
0
0
0
0
0
0
0
0
0
0
0
0
0
0
0
0
0
0
0
0
0
0
0
0
0
0
0
0
0
0
0
0
0
0
0
0
0
0
0
0
0
0
0
0
0
0
0
0
0
0
0
0
0
0
0
0
0
0
0
0
0
0
0
0
0
0
0
0
0
0
0
0
0
0
0
0
0
0
0
0
0
0
0
0
0
0
0
0
0
0
0
0
0
0
0
0
0
0
0
0
0
0
0
0
0
0
0
0
0
0
0
0
0
0
0
0
0
0
0
0
0
0
0
0
0
0
0
0
0
0
0
0
0
0
0
0
0
0
0
0
0
0
0
0
0
0
0
0
0
0
0
0
0
0
0
0
0
0
0
0
0
0
0
0
0
0
0
0
0
0
0
0
0
0
0
0
0
0
0
0
0
0
0
0
0
0
0
0
0
0
0
0
0
0
0
0
0
0
0
0
0
0
0
0
0
0
0
0
0
0
0
0
0
0
0
0
0
0
0
0
0
0
0
0
0
0
0
0
0
0
0
0
0
0
0
0
0
0
0
0
0
0
0
0
0
0
0
0
0
0
0
0
0
0
0
0
0
0
0
0
0
0
0
0
0
0
0
0
0
0
0
0
0
0
0
0
0
0
0
0
0
0
0
0
0
0
0
0
0
0
0
0
0
0
0
0
0
0
0
0
0
0
0
0
0
0
0
0
0
0
0
0
0
0
0
0
0
0
0
0
0
0
0
0
0
0
0
0
0
0
0
0
0
0
0
0
0
0
0
0
0
0
0
0
0
0
0
0
0
0
0
0
0
0
0
0
0
0
0
0
0
0
0
0
0
0
0
0
0
0
0
0
0
0
0
0
0
0
0
0
0
0
0
0
0
0
0
0
0
0
0
0
0
0
0
0
0
0
0
0
0
0
0
0
0
0
0
0
0
0
0
0
0
0
0
0
0
0
0
0
0
0
0
0
0
0
0
0
0
0
0
0
0
0
0
0
0
0
0
0
0
0
0
0
0
0
0
0
0
0
0
0
0
0
0
0
0
0
0
0
0
0
0
0
0
0
0
0
0
0
0
0
0
0
0
0
0
0
0
0
0
0
0
0
0
0
0
0
0
0
0
0
0
0
0
0
0
0
0
0
0
0
0
0
0
0
0
0
0
0
0
0
0
0
0
0
0
0
0
0
0
0
0
0
0
0
0
0
0
0
0
0
0
0
0
0
0
0
0
0
0
0
0
0
0
0
0
0
0
0
0
0
0
0
0
0
0
0
0
0
0
0
0
0
0
0
0
0
0
0
0
0
0
0
0
0
0
0
0
0
0
0
0
0
0
0
0
0
0
0
0
0
0
0
0
0
0
0
0
0
0
0
0
0
0
0
0
0
0
0
0
0
0
0
0
0
0
0
0
0
0
0
0
0
0
0
0
0
0
0
0
0
0
0
0
0
0
0
0
0
0
0
0
0
0
0
0
0
0
0
0
0
0
0
0
0
0
0
0
0
0
0
0
0
0
0
0
0
0
0
0
0
0
0
0
0
0
0
0
0
0
0
0
0
0
0
0
0
0
0
0
0
0
0
0
0
0
0
0
0
0
0
0
0
0
0
0
0
0
0
0
0
0
0
0
0
0
0
0
0
0
0
0
0
0
0
0
0
0
0
0
0
0
0
0
0
0
0
0
0
0
0
0
0
0
0
0
0
0
0
0
0
0
0
0
0
0
0
0
0
0
0
0
0
0
0
0
0
0
0
0
0
0
0
0
0
0
0
0
0
0
0
0
0
0
0
0
0
0
0
0
0
0
0
0
0
0
0
0
0
0
0
0
0
0
0
0
0
0
0
0
0
0
0
0
0
0
0
0
0
0
0
0
0
0
0
0
0
0
0
0
0
0
0
0
0
0
0
0
0
0
0
0
0
0
0
0
0
0
0
0
0
0
0
0
0
0
0
0
0
0
0
0
0
0
0
0
0
0
0
0
0
0
0
0
0
0
0
0
0
0
0
0
0
0
0
0
0
0
0
0
0
0
0
0
0
0
0
0
0
0
0
0
0
0
0
0
0
0
0
0
0
0
0
0
0
0
0
0
0
0
0
0
0
0
0
0
0
0
0
0
0
0
0
0
0
0
0
0
0
0
0
0
0
0
0
0
0
0
0
0
0
0
0
0
0
0
0
0
0
0
0
0
0
0
0
0
0
0
0
0
0
0
0
0
0
0
0
0
0
0
0
0
0
0
0
0
0
0
0
0
0
0
0
0
0
0
0
0
0
0
0
0
0
0
0
0
0
0
0
0
0
0
0
0
0
0
0
0
0
0
0
0
0
0
0
0
0
0
0
0
0
0
0
0
0
0
0
0
0
0
0
0
0
0
0
0
0
0
0
0
0
0
0
0
0
0
0
0
0
0
0
0
0
0
0
0
0
0
0
0
0
0
0
0
0
0
0
0
0
0
0
0
0
0
0
0
0
0
0
0
0
0
0
0
0
0
0
0
0
0
0
0
0
0
0
0
0
0
0
0
0
0
0
0
0
0
0
0
0
0
0
0
0
0
0
0
0
0
0
0
0
0
0
0
0
0
0
0
0
0
0
0
0
0
0
0
0
0
0
0
0
0
0
0
0
0
0
0
0
0
0
0
0
0
0
0
0
0
0
0
0
0
0
0
0
0
0
0
0
0
0
0
0
0
0
0
0
0
0
0
0
0
0
0
0
0
0
0
0
0
0
0
0
0
0
0
0
0
0
0
0
0
0
0
0
0
0
0
0
0
0
0
0
0
0
0
0
0
0
0
0
0
0
0
0
0
0
0
0
0
0
0
0
0
0
0
0
0
0
0
0
0
0
0
0
0
0
0
0
0
0
0
0
0
0
0
0
0
0
0
0
0
0
0
0
0
0
0
0
0
0
0
0
0
0
0
0
0
0
0
0
0
0
0
0
0
0
0
0
0
0
0
0
0
0
0
0
0
0
0
0
0
0
0
0
0
0
0
0
0
0
0
0
0
0
0
0
0
0
0
0
0
0
0
0
0
0
0
0
0
0
0
0
0
0
0
0
0
0
0
0
0
0
0
0
0
0
0
0
0
0
0
0
0
0
0
0
0
0
0
0
0
0
0
0
0
0
0
0
0
0
0
0
0
0
0
0
0
0
0
0
0
0
0
0
0
0
0
0
0
0
0
0
0
0
0
0
0
0
0
0
0
0
0
0
0
0
0
0
0
0
0
0
0
0
0
0
0
0
0
0
0
0
0
0
0
0
0
0
0
0
0
0
0
0
0
0
0
0
0
0
0
0
0
0
0
0
0
0
0
0
0
0
0
0
0
0
0
0
0
0
0
0
0
0
0
0
0
0
0
0
0
0
0
0
0
0
0
0
0
0
0
0
0
0
0
0
0
0
0
0
0
0
0
0
0
0
0
0
0
0
0
0
0
0
0
0
0
0
0
0
0
0
0
0
0
0
0
0
0
0
0
0
0
0
0
0
0
0
0
0
0
0
0
0
0
0
0
0
0
0
0
0
0
0
0
0
0
0
0
0
0
0
0
0
0
0
0
0
0
0
0
0
0
0
0
0
0
0
0
0
0
0
0
0
0
0
0
0
0
0
0
0
0
0
0
0
0
0
0
0
0
0
0
0
0
0
0
0
0
0
0
0
0
0
0
0
0
0
0
0
0
0
0
0
0
0
0
0
0
0
0
0
0
0
0
0
0
0
0
0
0
0
0
0
0
0
0
0
0
0
0
0
0
0
0
0
0
0
0
0
0
0
0
0
0
0
0
0
0
0
0
0
0
0
0
0
0
0
0
0
0
0
0
0
0
0
0
0
0
0
0
0
0
0
0
0
0
0
0
0
0
0
0
0
0
0
0
0
0
0
0
0
0
0
0
0
0
0
0
0
0
0
0
0
0
0
0
0
0
0
0
0
0
0
0
0
0
0
0
0
0
0
0
0
0
0
0
0
0
0
0
0
0
0
0
0
0
0
0
0
0
0
0
0
0
0
0
0
0
0
0
0
0
0
0
0
0
0
0
0
0
0
0
0
0
0
0
0
0
0
0
0
0
0
0
0
0
0
0
0
0
0
0
0
0
0
0
0
0
0
0
0
0
0
0
0
0
0
0
0
0
0
0
0
0
0
0
0
0
0
0
0
0
0
0
0
0
0
0
0
0
0
0
0
0
0
0
0
0
0
0
0
0
0
0
0
0
0
0
0
0
0
0
0
0
0
0
0
0
0
0
0
0
0
0
0
0
0
0
0
0
0
0
0
0
0
0
0
0
0
0
0
0
0
0
0
0
0
0
0
0
0
0
0
0
0
0
0
0
0
0
0
0
0
0
0
0
0
0
0
0
0
0
0
0
0
0
0
0
0
0
0
0
0
0
0
0
0
0
0
0
0
0
0
0
0
0
0
0
0
0
0
0
0
0
0
0
0
0
0
0
0
0
0
0
0
0
0
0
0
0
0
0
0
0
0
0
0
0
0
0
0
0
0
0
0
0
0
0
0
0
0
0
0
0
0
0
0
0
0
0
0
0
0
0
0
0
0
0
0
0
0
0
0
0
0
0
0
0
0
0
0
0
0
0
0
0
0
0
0
0
0
0
0
0
0
0
0
0
0
0
0
0
0
0
0
0
0
0
0
0
0
0
0
0
0
0
0
0
0
0
0
0
0
0
0
0
0
0
0
0
0
0
0
0
0
0
0
0
0
0
0
0
0
0
0
0
0
0
0
0
0
0
0
0
0
0
0
0
0
0
0
0
0
0
0
0
0
0
0
0
0
0
0
0
0
0
0
0
0
0
0
0
0
0
0
0
0
0
0
0
0
0
0
0
0
0
0
0
0
0
0
0
0
0
0
0
0
0
0
0
0
0
0
0
0
0
0
0
0
0
0
0
0
0
0
0
0
0
0
0
0
0
0
0
0
0
0
0
0
0
0
0
0
0
0
0
0
0
0
0
0
0
0
0
0
0
0
0
0
0
0
0
0
0
0
0
0
0
0
0
0
0
0
0
0
0
0
0
0
0
0
0
0
0
0
0
0
0
0
0
0
0
0
0
0
0
0
0
0
0
0
0
0
0
0
0
0
0
0
0
0
0
0
0
0
0
0
0
0
0
0
0
0
0
0
0
0
0
0
0
0
0
0
0
0
0
0
0
0
0
0
0
0
0
0
0
0
0
0
0
0
0
0
0
0
0
0
0
0
0
0
0
0
0
0
0
0
0
0
0
0
0
0
0
0
0
0
0
0
0
0
0
0
0
0
0
0
0
0
0
0
0
0
0
0
0
0
0
0
0
0
0
0
0
0
0
0
0
0
0
0
0
0
0
0
0
0
0
0
0
0
0
0
0
0
0
0
0
0
0
0
0
0
0
0
0
0
0
0
0
0
0
0
0
0
0
0
0
0
0
0
0
0
0
0
0
0
0
0
0
0
0
0
0
0
0
0
0
0
0
0
0
0
0
0
0
0
0
0
0
0
0
0
0
0
0
0
0
0
0
0
0
0
0
0
0
0
0
0
0
0
0
0
0
0
0
0
0
0
0
0
0
0
0
0
0
0
0
0
0
0
0
0
0
0
0
0
0
0
0
0
0
0
0
0
0
0
0
0
0
0
0
0
0
0
0
0
0
0
0
0
0
0
0
0
0
0
0
0
0
0
0
0
0
0
0
0
0
0
0
0
0
0
0
0
0
0
0
0
0
0
0
0
0
0
0
0
0
0
0
0
0
0
0
0
0
0
0
0
0
0
0
0
0
0
0
0
0
0
0
0
0
0
0
0
0
0
0
0
0
0
0
0
0
0
0
0
0
0
0
0
0
0
0
0
0
0
0
0
0
0
0
0
0
0
0
0
0
0
0
0
0
0
0
0
0
0
0
0
0
0
0
0
0
0
0
0
0
0
0
0
0
0
0
0
0
0
0
0
0
0
0
0
0
0
0
0
0
0
0
0
0
0
0
0
0
0
0
0
0
0
0
0
0
0
0
0
0
0
0
0
0
0
0
0
0
0
0
0
0
0
0
0
0
0
0
0
0
0
0
0
0
0
0
0
0
0
0
0
0
0
0
0
0
0
0
0
0
0
0
0
0
0
0
0
0
0
0
0
0
0
0
0
0
0
0
0
0
0
0
0
0
0
0
0
0
0
0
0
0
0
0
0
0
0
0
0
0
0
0
0
0
0
0
0
0
0
0
0
0
0
0
0
0
0
0
0
0
0
0
0
0
0
0
0
0
0
0
0
0
0
0
0
0
0
0
0
0
0
0
0
0
0
0
0
0
0
0
0
0
0
0
0
0
0
0
0
0
0
0
0
0
0
0
0
0
0
0
0
0
0
0
0
0
0
0
0
0
0
0
0
0
0
0
0
0
0
0
0
0
0
0
0
0
0
0
0
0
0
0
0
0
0
0
0
0
0
0
0
0
0
0
0
0
0
0
0
0
0
0
0
0
0
0
0
0
0
0
0
0
0
0
0
0
0
0
0
0
0
0
0
0
0
0
0
0
0
0
0
0
0
0
0
0
0
0
0
0
0
0
0
0
0
0
0
0
0
0
0
0
0
0
0
0
0
0
0
0
0
0
0
0
0
0
0
0
0
0
0
0
0
0
0
0
0
0
0
0
0
0
0
0
0
0
0
0
0
0
0
0
0
0
0
0
0
0
0
0
0
0
0
0
0
0
0
0
0
0
0
0
0
0
0
0
0
0
0
0
0
0
0
0
0
0
0
0
0
0
0
0
0
0
0
0
0
0
0
0
0
0
0
0
0
0
0
0
0
0
0
0
0
0
0
0
0
0
0
0
0
0
0
0
0
0
0
0
0
0
0
0
0
0
0
0
0
0
0
0
0
0
0
0
0
0
0
0
0
0
0
0
0
0
0
0
0
0
0
0
0
0
0
0
0
0
0
0
0
0
0
0
0
0
0
0
0
0
0
0
0
0
0
0
0
0
0
0
0
0
0
0
0
0
0
0
0
0
0
0
0
0
0
0
0
0
0
0
0
0
0
0
0
0
0
0
0
0
0
0
0
0
0
0
0
0
0
0
0
0
0
0
0
0
0
0
0
0
0
0
0
0
0
0
0
0
0
0
0
0
0
0
0
0
0
0
0
0
0
0
0
0
0
0
0
0
0
0
0
0
0
0
0
0
0
0
0
0
0
0
0
0
0
0
0
0
0
0
0
0
0
0
0
0
0
0
0
0
0
0
0
0
0
0
0
0
0
0
0
0
0
0
0
0
0
0
0
0
0
0
0
0
0
0
0
0
0
0
0
0
0
0
0
0
0
0
0
0
0
0
0
0
0
0
0
0
0
0
0
0
0
0
0
0
