0
0
0
0
0
0
0
0
0
0
0
0
0
0
0
0
0
0
0
1
0
0
0
0
1
0
0
0
0
0
1
0
0
0
0
0
0
0
0
0
0
0
0
0
0
1
0
0
0
0
0
1
0
0
0
0
2
0
0
0
1
0
1
2
0
0
0
0
0
1
0
0
1
2
0
0
0
1
0
0
2
0
1
0
0
0
0
0
2
0
0
0
0
0
1
0
0
0
0
0
2
0
3
1
0
2
0
0
0
0
0
0
0
0
0
1
0
0
0
0
1
1
1
1
0
0
2
2
0
0
0
1
0
1
1
1
0
0
0
1
0
0
0
0
0
0
0
1
0
2
1
0
2
0
0
2
0
1
2
1
0
0
1
1
1
0
0
0
1
2
1
3
1
2
2
0
1
0
1
0
2
0
0
1
1
3
1
0
0
1
0
1
3
1
3
3
0
1
0
0
3
2
1
2
0
0
1
0
1
0
0
2
0
1
2
0
1
1
2
2
0
3
1
2
2
0
1
4
2
2
0
2
0
3
1
1
3
3
2
3
0
2
1
1
1
0
0
1
2
5
2
2
3
7
3
2
2
2
4
2
4
0
2
1
2
2
2
5
2
1
4
4
2
5
0
0
2
5
1
2
4
2
5
2
2
3
4
2
2
7
1
2
3
4
8
2
4
3
0
4
5
3
3
7
5
2
4
2
3
3
2
8
2
2
3
5
5
6
11
3
7
5
9
4
4
4
3
2
4
6
5
7
4
8
10
7
5
5
8
3
8
5
8
2
9
7
6
5
5
5
8
5
3
6
6
6
4
7
4
10
6
4
5
6
4
6
5
8
8
3
7
4
4
6
11
9
6
12
7
10
4
4
5
6
11
11
5
6
10
4
6
11
7
14
7
6
9
11
11
6
6
7
5
6
12
17
4
6
11
7
4
8
9
16
7
8
9
9
11
10
12
7
14
14
6
12
11
7
4
11
18
16
10
13
15
4
15
13
14
14
8
9
12
10
14
11
18
11
10
19
14
16
10
20
17
13
16
12
11
15
17
10
16
20
15
13
21
11
16
14
11
15
18
24
11
16
18
16
15
27
23
19
15
27
17
14
14
18
19
17
15
9
16
16
14
18
21
12
19
24
24
18
17
18
23
19
18
23
26
12
19
21
26
20
23
24
22
16
18
19
27
24
22
25
22
34
14
18
22
20
18
29
24
28
39
24
27
26
24
18
21
26
29
23
20
27
21
22
38
28
23
28
33
25
25
34
26
30
15
30
26
28
30
23
32
33
28
30
29
29
33
22
20
28
35
27
32
30
31
40
35
38
34
28
44
30
31
33
34
37
45
42
48
29
34
57
32
43
46
33
34
37
38
45
36
42
39
46
41
34
39
38
45
40
57
42
49
33
33
35
41
45
45
38
42
43
41
61
53
50
40
52
36
46
51
53
52
42
51
60
53
53
42
49
60
43
40
53
50
58
48
47
39
56
55
63
54
54
46
75
52
45
54
47
65
65
52
51
81
69
50
71
64
59
60
73
65
64
62
53
53
62
52
54
63
59
65
72
67
74
68
80
62
62
70
66
64
65
70
66
82
73
68
75
75
66
78
77
71
83
72
80
81
71
75
72
78
72
84
79
82
93
89
85
92
84
64
83
80
94
81
79
89
105
81
91
84
93
82
109
94
103
103
90
107
91
86
74
79
100
99
99
94
104
116
105
119
103
109
100
110
92
103
100
109
91
111
112
101
93
119
102
101
93
108
136
92
115
106
122
112
117
128
94
107
141
116
106
94
113
105
122
137
108
93
103
129
135
110
115
137
133
134
134
133
124
129
133
126
119
119
143
137
125
148
132
146
139
118
144
113
154
145
129
148
138
121
124
141
151
138
147
164
138
149
157
129
138
165
140
150
154
133
163
171
134
174
181
181
166
173
173
162
168
156
165
167
158
145
150
173
153
158
169
179
178
165
166
173
184
174
174
155
158
156
164
172
175
205
209
191
177
189
184
191
184
193
206
203
182
196
219
189
204
173
202
205
194
204
206
215
175
208
215
199
227
184
205
199
243
190
215
213
219
202
208
232
204
200
237
241
249
214
181
229
206
227
231
221
208
241
244
213
243
199
235
235
243
215
211
237
231
247
247
234
216
228
267
265
247
218
261
259
261
267
268
273
243
227
289
268
285
272
258
263
267
275
276
269
227
241
246
285
273
241
265
280
310
282
267
293
294
287
291
277
312
284
279
292
276
294
279
296
272
300
281
305
311
296
306
309
291
289
277
285
337
320
338
291
343
324
279
293
313
291
337
324
310
311
316
331
309
357
340
319
336
319
331
348
347
336
339
302
395
301
322
343
378
337
372
344
350
370
346
353
368
324
342
350
380
325
308
397
370
356
384
353
375
362
381
383
379
347
390
382
354
344
391
397
374
376
415
363
417
355
400
399
362
392
403
363
366
379
387
384
381
380
405
403
415
426
435
428
410
433
445
455
399
365
406
438
398
395
394
421
436
403
460
383
423
430
451
439
461
435
399
469
422
443
439
439
459
435
422
446
426
449
475
443
465
425
410
476
474
492
517
495
429
458
502
504
452
486
496
495
486
484
477
483
483
523
508
501
514
487
473
487
496
525
536
497
529
482
461
493
503
485
508
527
511
498
538
588
518
502
521
558
498
482
430
521
523
536
567
538
520
503
581
548
571
579
549
520
526
541
555
527
543
588
623
576
600
566
618
589
581
550
535
591
562
558
586
624
547
608
604
554
614
585
612
581
613
567
580
635
639
546
596
619
601
598
589
621
579
585
630
593
593
605
642
570
586
632
613
626
653
637
634
606
582
605
619
687
661
668
636
631
641
606
564
611
646
686
652
663
636
675
701
635
653
640
645
676
670
659
687
678
702
651
738
675
637
709
710
678
652
673
721
737
697
656
671
692
709
697
750
669
690
666
721
730
703
721
694
687
711
695
630
703
723
686
697
747
721
703
761
707
718
697
718
664
705
706
713
707
744
715
741
775
745
726
718
733
752
674
763
781
765
723
745
727
713
783
787
784
807
778
782
808
803
764
808
793
766
704
794
828
838
766
841
763
812
784
838
817
810
797
816
771
796
775
808
771
831
814
810
859
802
840
792
839
801
805
846
786
794
739
720
825
821
901
850
861
791
823
774
843
841
810
815
879
833
777
840
857
870
842
832
866
843
888
829
839
869
824
893
858
842
822
884
895
850
857
927
819
865
821
918
866
851
898
873
911
923
868
767
847
895
864
901
878
878
859
899
931
916
880
858
911
877
801
806
915
900
816
927
890
905
837
926
889
907
853
870
883
864
844
928
952
845
882
937
954
873
883
914
899
897
903
904
970
898
869
853
977
940
910
935
936
951
884
916
903
923
976
931
922
947
918
948
909
887
945
980
977
913
955
951
887
923
944
915
923
903
847
880
922
943
995
951
986
955
936
945
995
960
911
991
965
896
950
960
961
957
963
994
953
960
954
969
954
1001
972
988
932
994
1005
968
928
986
918
945
1015
1006
1003
1066
929
967
977
923
1013
1004
957
827
951
999
996
976
1015
985
993
984
1015
959
977
960
1001
1015
946
942
1019
988
990
986
1012
1029
1026
967
993
1003
974
989
980
994
989
1050
957
1000
983
1000
1009
950
1021
1057
1042
994
998
1086
1014
983
904
979
1012
988
978
1056
1063
1001
1002
1053
971
1001
995
987
972
1004
989
1028
999
1069
993
1021
1045
1021
1006
1041
1038
1011
963
1055
1067
980
884
936
1046
1026
971
1061
1037
999
994
1069
1032
975
1031
1062
1037
972
1027
1051
1052
989
993
1034
969
980
996
1032
982
995
961
1048
1048
998
1033
1056
1045
981
1019
1069
989
966
949
966
1022
995
981
1005
1044
1001
1031
835
1030
1062
1018
1113
1064
1015
1014
1001
1052
980
1052
1041
982
1006
1013
993
1042
1001
1025
1025
1025
1007
955
1082
987
977
1029
1072
975
1029
985
1022
1012
1026
1026
1057
1051
1011
967
1015
1093
996
1067
1048
1001
991
905
1003
983
973
955
1069
994
981
1011
1031
984
1022
1008
957
970
1038
1024
1015
957
995
1030
968
1026
995
977
973
1068
988
929
1040
1037
1012
889
875
1029
957
1024
1029
1037
1096
1013
1023
1014
1014
1012
1031
964
1024
1027
1000
1023
1017
936
1042
942
990
972
1008
964
989
925
985
954
987
889
983
924
1004
1007
1017
1019
979
978
954
964
998
983
952
923
977
958
819
973
968
881
1030
989
919
935
947
966
845
971
950
956
951
926
895
966
944
996
995
1016
966
952
945
953
1001
957
1010
957
906
944
967
1003
1003
1019
955
983
926
916
989
956
943
948
1000
941
953
895
936
953
1004
946
939
922
955
909
911
947
896
884
921
956
908
902
942
935
853
903
978
922
886
950
868
911
930
846
935
899
845
792
802
923
911
932
918
926
918
918
940
890
893
863
956
859
865
876
906
879
934
941
867
958
898
853
933
918
903
860
911
968
876
835
845
888
864
919
949
880
943
842
841
886
824
883
913
841
838
855
770
865
873
840
877
896
850
813
912
846
871
813
846
842
872
780
847
835
880
870
854
827
901
756
800
874
814
804
899
863
850
895
835
771
776
798
797
905
765
776
858
865
805
782
821
841
790
733
835
855
737
806
778
765
833
783
833
779
838
779
834
840
867
757
804
788
806
808
795
754
820
777
773
728
768
766
796
768
796
695
665
809
762
788
780
739
730
720
775
749
719
749
794
733
751
772
733
797
756
698
742
748
743
722
792
754
737
737
759
795
766
695
733
769
720
789
767
718
687
697
733
778
729
696
756
745
680
689
587
710
729
729
699
698
660
680
724
665
695
720
710
705
710
668
707
701
720
708
686
695
677
619
728
679
690
647
741
681
678
654
694
658
648
710
685
683
687
655
675
697
696
655
706
709
574
623
638
620
663
631
645
647
638
635
652
650
645
635
675
636
636
615
641
625
622
649
660
669
639
652
637
612
618
618
596
649
627
556
537
578
612
584
642
590
614
606
644
591
620
571
616
562
572
583
561
610
587
543
623
611
554
579
549
574
580
582
623
561
551
537
573
578
601
546
590
571
512
535
546
558
553
531
552
614
568
543
463
532
501
566
577
546
528
550
520
550
527
530
522
558
519
505
499
513
521
565
575
525
538
537
535
540
502
489
486
508
496
526
531
517
448
491
466
487
494
458
514
527
521
483
495
499
480
437
483
527
496
468
506
504
490
445
475
484
478
437
505
459
471
430
465
510
456
479
448
461
468
451
486
438
436
442
444
456
444
400
406
439
459
477
464
424
424
433
409
406
448
395
426
426
410
421
435
448
385
402
446
465
440
442
435
433
373
392
435
449
420
356
379
401
392
388
397
409
372
389
416
404
414
399
389
407
373
399
331
392
399
394
392
392
362
360
369
394
379
380
371
385
405
372
361
368
397
382
371
358
381
364
373
369
340
349
331
380
393
319
359
348
334
352
371
355
321
347
356
355
314
312
346
334
336
298
351
317
345
323
377
357
335
315
340
354
314
347
322
322
303
323
299
343
297
295
334
321
335
332
325
328
305
282
287
333
307
264
276
315
313
318
302
303
303
307
301
322
307
290
330
293
289
283
292
289
301
287
311
294
300
278
278
280
271
286
269
274
282
270
277
283
235
283
262
262
254
274
273
273
219
276
245
220
249
243
204
275
257
241
270
222
235
265
229
221
258
229
261
234
245
234
231
245
240
251
265
224
251
247
245
232
232
226
228
231
245
209
242
239
212
236
239
222
219
226
241
209
228
223
245
239
220
202
194
217
237
234
225
237
205
206
204
204
241
195
259
222
217
198
221
214
192
231
212
205
197
193
189
243
213
207
200
200
192
176
185
211
191
201
193
228
195
210
184
170
203
181
193
181
176
167
178
199
191
183
171
180
175
174
191
181
189
168
193
173
165
176
164
163
171
168
195
171
157
190
181
170
160
172
177
164
145
161
126
133
170
161
171
179
156
142
140
135
166
134
132
172
147
158
140
151
154
143
177
153
164
149
150
151
161
151
136
168
162
146
132
143
160
144
145
128
132
156
134
131
138
146
136
122
122
133
146
140
134
125
156
128
138
118
134
148
126
132
148
125
108
136
141
152
137
114
155
115
130
118
112
142
102
103
122
105
115
104
109
128
114
107
108
109
132
111
116
127
120
114
124
115
97
117
117
96
97
120
115
94
108
108
103
112
108
115
100
98
107
121
108
94
75
110
95
116
95
97
107
118
81
104
89
83
84
91
75
80
90
84
89
86
92
91
94
104
88
74
92
74
93
79
89
111
111
76
98
87
82
78
77
85
82
92
79
82
92
87
99
83
88
84
84
97
80
71
77
98
86
72
71
81
83
67
72
84
67
68
64
57
71
79
56
87
56
70
87
87
68
72
70
78
67
64
87
65
71
68
57
62
53
61
84
70
74
63
59
66
50
61
67
53
58
60
68
65
76
62
65
60
69
62
53
72
59
56
72
67
54
47
53
55
50
61
52
67
50
49
66
54
55
56
56
46
60
56
59
51
65
49
56
53
48
53
50
51
46
63
61
54
53
49
49
58
59
55
53
46
45
50
43
61
43
55
52
56
47
42
50
47
49
60
52
46
42
37
48
47
46
57
37
40
45
36
47
45
28
44
43
40
36
34
46
40
44
35
45
50
39
34
37
35
35
33
34
39
42
34
42
29
22
52
45
32
32
46
41
35
37
36
47
34
27
26
28
30
29
40
32
29
24
39
39
45
36
25
26
36
32
27
28
32
37
32
23
29
32
34
32
42
30
30
31
37
32
27
31
31
39
37
32
27
32
22
29
33
29
26
34
32
28
31
16
23
31
32
28
24
28
29
21
30
30
33
37
30
33
22
29
33
23
26
29
31
23
17
23
23
30
20
26
24
23
32
24
18
19
22
29
14
33
20
29
19
19
23
20
21
20
25
21
15
22
22
23
32
19
18
24
18
15
19
22
14
21
21
17
27
20
14
19
17
23
15
15
22
15
18
15
17
24
18
15
28
22
18
18
25
19
15
20
12
20
22
21
18
24
13
14
15
17
19
13
16
15
17
14
21
20
9
18
16
13
15
12
22
16
11
7
13
11
17
18
9
13
14
7
21
11
14
16
15
9
16
14
16
10
13
12
17
8
12
9
13
11
8
8
11
13
15
15
15
9
12
14
18
12
10
13
15
9
14
13
13
12
14
13
9
14
16
12
7
7
12
3
12
11
8
8
9
12
19
6
11
11
10
3
8
9
11
14
9
11
12
6
9
14
5
9
10
6
5
11
8
8
12
10
6
6
7
6
6
11
10
10
10
10
11
5
9
4
6
9
9
6
7
5
10
7
6
11
5
6
9
7
12
5
7
7
5
13
11
12
11
6
6
5
9
7
5
6
13
8
10
4
11
3
1
4
7
3
9
10
8
6
6
2
9
3
3
3
7
3
8
2
11
5
5
7
8
7
7
3
9
4
4
4
4
4
2
8
13
8
7
4
7
3
4
7
2
6
2
4
7
5
2
5
7
5
3
3
4
6
4
3
4
2
6
5
3
4
8
0
6
3
2
4
5
6
6
3
1
4
6
3
4
4
8
3
4
4
3
7
5
5
2
7
3
1
4
1
11
3
2
9
5
2
2
3
7
6
6
7
2
9
6
3
4
3
0
3
2
3
3
1
2
4
1
6
5
5
3
2
5
0
6
2
1
3
7
3
3
4
3
2
6
4
3
2
2
0
1
2
2
0
3
3
4
2
1
1
3
3
2
1
5
1
3
4
0
3
0
1
2
2
4
2
0
3
1
2
2
1
1
4
2
1
1
1
2
0
2
0
3
2
0
2
3
1
2
3
2
1
1
4
1
1
1
3
5
3
2
2
1
1
2
2
0
3
1
0
0
1
3
0
2
2
1
2
3
2
3
3
0
2
2
0
2
1
5
2
2
2
2
2
0
2
1
1
4
1
1
1
0
0
1
0
3
2
2
1
2
0
0
1
2
1
0
1
4
0
0
3
0
3
1
0
0
2
1
1
0
0
1
0
1
1
0
1
0
0
0
2
0
0
2
2
0
1
1
0
1
1
1
0
1
1
1
2
0
0
0
1
0
0
1
0
1
1
0
0
1
0
1
0
1
1
3
0
1
1
1
1
1
2
2
1
1
0
1
2
1
1
0
1
0
0
1
1
0
0
0
0
0
1
1
1
2
2
1
0
0
1
0
1
0
0
3
2
1
0
0
0
2
2
0
0
0
1
1
1
1
0
0
1
2
2
0
0
0
0
0
0
0
2
0
0
0
0
1
2
1
2
0
1
0
2
0
0
0
0
2
1
0
0
0
0
0
0
1
1
0
1
0
0
0
1
0
0
0
2
0
1
0
1
0
0
0
0
1
0
0
2
0
0
0
0
0
0
0
0
0
0
1
0
1
0
0
0
0
0
1
0
0
1
0
0
1
0
0
0
0
0
0
0
0
1
0
0
0
0
1
0
0
1
1
0
0
0
0
0
0
0
0
0
0
0
0
0
0
0
0
0
1
0
1
0
0
0
0
1
1
0
0
0
0
0
0
0
0
1
0
0
0
0
0
0
0
0
0
0
0
0
0
0
0
0
0
0
0
0
0
0
0
1
1
0
0
0
0
1
0
0
0
0
1
0
0
0
0
0
0
0
0
0
0
1
0
0
0
0
0
0
0
0
0
0
0
1
0
0
2
0
0
0
0
0
0
0
0
0
0
0
0
0
0
1
0
0
0
0
0
0
0
0
0
0
0
0
0
0
0
0
0
0
0
0
0
0
0
0
0
0
1
0
0
0
0
0
0
0
0
0
0
0
0
0
0
1
0
0
0
1
0
0
0
0
0
0
0
0
0
0
0
0
0
0
0
0
0
0
0
0
0
0
0
0
0
0
0
0
0
0
0
0
0
0
0
0
0
0
0
0
0
0
0
0
0
0
0
0
0
0
0
0
0
0
0
0
0
0
0
0
1
0
0
0
0
0
1
0
0
0
1
0
1
0
0
0
1
0
0
0
0
0
0
0
0
0
0
0
1
0
0
0
0
0
0
0
0
0
0
0
0
0
0
0
0
0
0
0
0
0
0
0
0
0
0
0
0
0
0
0
0
0
0
0
0
0
0
1
0
0
0
0
0
0
0
0
0
0
0
0
0
0
0
0
0
0
0
0
0
0
0
0
0
0
0
0
0
0
0
0
0
0
0
0
0
0
0
0
0
0
0
0
0
0
1
0
0
0
0
0
0
0
0
0
0
0
0
0
0
0
0
0
0
0
0
0
0
0
0
0
0
0
0
0
0
0
0
0
0
0
0
0
0
0
0
0
0
0
0
0
0
0
0
0
0
0
0
0
0
0
0
0
0
0
0
0
0
0
0
0
0
0
0
0
0
0
0
0
0
0
0
0
0
0
0
0
0
0
0
0
0
0
0
0
0
0
0
0
0
0
0
0
0
0
0
0
0
0
0
0
0
0
0
0
0
0
0
0
0
0
0
0
0
0
0
0
0
0
0
0
0
0
1
0
0
0
0
0
0
0
0
0
0
0
0
0
0
0
0
0
0
0
0
0
0
0
0
0
0
0
0
0
0
0
0
0
0
0
0
0
0
0
0
0
0
0
0
0
0
0
0
0
0
0
0
0
0
0
0
0
0
0
0
0
0
0
0
0
0
0
0
0
0
0
0
0
0
0
0
0
0
0
0
0
0
0
0
0
0
0
0
0
0
0
0
0
0
0
0
0
0
0
0
0
0
0
0
0
0
0
0
0
0
0
0
0
0
0
0
0
0
0
0
0
0
0
0
0
0
0
0
0
0
0
0
0
0
0
0
0
0
0
0
0
0
0
0
0
0
0
0
0
0
0
0
0
0
0
0
0
0
0
0
0
0
0
0
0
0
0
0
0
0
0
0
0
0
0
0
0
0
0
0
0
0
0
0
0
0
0
0
0
0
0
0
0
0
0
0
0
0
0
0
0
0
0
0
0
0
0
0
0
0
0
0
0
0
0
0
0
0
0
0
0
0
0
0
0
0
0
0
0
0
0
0
0
0
0
0
0
0
0
0
0
0
0
0
0
0
0
0
0
0
0
0
0
0
0
0
0
0
0
0
0
0
0
0
0
0
0
0
0
0
0
0
0
0
0
0
0
0
0
0
0
0
0
0
0
0
0
0
0
0
0
0
0
0
1
0
0
0
0
0
0
0
0
0
0
0
0
0
0
0
0
0
0
0
0
0
0
0
0
0
0
0
0
0
0
0
0
0
0
0
0
0
0
0
0
0
0
0
0
0
0
0
0
0
0
0
0
0
0
0
0
0
0
0
0
0
0
0
0
0
0
0
0
0
0
0
0
0
0
0
0
0
0
0
0
0
0
0
0
0
0
0
0
0
0
0
0
0
0
0
0
0
0
0
0
0
0
0
0
0
0
0
0
0
0
0
0
0
0
0
0
0
0
0
0
0
0
0
0
0
0
0
0
0
0
0
0
0
0
0
0
0
0
0
0
0
0
0
0
0
0
0
0
0
0
0
0
0
0
0
0
0
0
0
0
0
0
0
0
0
0
0
0
0
0
0
0
0
0
0
0
0
0
0
0
0
0
0
0
0
0
0
0
0
0
0
0
0
0
0
0
0
0
0
0
0
0
0
0
0
0
0
0
0
0
0
0
0
0
0
0
0
0
0
0
0
0
0
0
0
0
0
0
0
0
0
0
0
0
0
0
0
0
0
0
0
0
0
0
0
0
0
0
0
0
0
0
0
0
0
0
0
0
0
0
0
0
0
0
0
0
0
0
0
0
0
0
0
0
0
0
0
0
0
0
0
0
0
0
0
0
0
0
0
0
0
0
0
0
0
0
0
0
0
0
0
0
0
0
0
0
0
0
0
0
0
0
0
0
0
0
0
0
0
0
0
0
0
0
0
0
0
0
0
0
0
0
0
0
0
0
0
0
0
0
0
0
0
0
0
0
0
0
0
0
0
0
0
0
0
0
0
0
0
0
0
0
0
0
0
0
0
0
0
0
0
0
0
0
0
0
0
0
0
0
0
0
0
0
0
0
0
0
0
0
0
0
0
0
0
0
0
0
0
0
0
0
0
0
0
0
0
0
0
0
0
0
0
0
0
0
0
0
0
0
0
0
0
0
0
0
0
0
0
0
0
0
0
0
0
0
0
0
0
0
0
0
0
0
0
0
0
0
0
0
0
0
0
0
0
0
0
0
0
0
0
0
0
0
0
0
0
0
0
0
0
0
0
0
0
0
0
0
0
0
0
0
0
0
0
0
0
0
0
0
0
0
0
0
0
0
0
0
0
0
0
0
0
0
0
0
0
0
0
0
0
0
0
0
0
0
0
0
0
0
0
0
0
0
0
0
0
0
0
0
0
0
0
0
0
0
0
0
0
0
0
0
0
0
0
0
0
0
0
0
0
0
0
0
0
0
0
0
0
0
0
0
0
0
0
0
0
0
0
0
0
0
0
0
0
0
0
0
0
0
0
0
0
0
0
0
0
0
0
0
0
0
0
0
0
0
0
0
0
0
0
0
0
0
0
0
0
0
0
0
0
0
0
0
0
0
0
0
0
0
0
0
0
0
0
0
0
0
0
0
0
0
0
0
0
0
0
0
0
0
0
0
0
0
0
0
0
0
0
0
0
0
0
0
0
0
0
0
0
0
0
0
0
0
0
0
0
0
0
0
0
0
0
0
0
0
0
0
0
0
0
0
0
0
0
0
0
0
0
0
0
0
0
0
0
0
0
0
0
0
0
0
0
0
0
0
0
0
0
0
0
0
0
0
0
0
0
0
0
0
0
0
0
0
0
0
0
0
0
0
0
0
0
0
0
0
0
0
0
0
0
0
0
0
0
0
0
0
0
0
0
0
0
0
0
0
0
0
0
0
0
0
0
0
0
0
0
0
0
0
0
0
0
0
0
0
0
0
0
0
0
0
0
0
0
0
0
0
0
0
0
0
0
0
0
0
0
0
0
0
0
0
0
0
0
0
0
0
0
0
0
0
0
0
0
0
0
0
0
0
0
0
0
0
0
0
0
0
0
0
0
0
0
0
0
0
0
0
0
0
0
0
0
0
0
0
0
0
0
0
0
0
0
0
0
0
0
0
0
0
0
0
0
0
0
0
0
0
0
0
0
0
0
0
0
0
0
0
0
0
0
0
0
0
0
0
0
0
0
0
0
0
0
0
0
0
0
0
0
0
0
0
0
0
0
0
0
0
0
0
0
0
0
0
0
0
0
0
0
0
0
0
0
0
0
0
0
0
0
0
0
0
0
0
0
0
0
0
0
0
0
0
0
0
0
0
0
0
0
0
0
0
0
0
0
0
0
0
0
0
0
0
0
0
0
0
0
0
0
0
0
0
0
0
0
0
0
0
0
0
0
0
0
0
0
0
0
0
0
0
0
0
0
0
0
0
0
0
0
0
0
0
0
0
0
0
0
0
0
0
0
0
0
0
0
0
0
0
0
0
0
0
0
0
0
0
0
0
0
0
0
0
0
0
0
0
0
0
0
0
0
0
0
0
0
0
0
0
0
0
0
0
0
0
0
0
0
0
0
0
0
0
0
0
0
0
0
0
0
0
0
0
0
0
0
0
0
0
0
0
0
0
0
0
0
0
0
0
0
0
0
0
0
0
0
0
0
0
0
0
0
0
0
0
0
0
0
0
0
0
0
0
0
0
0
0
0
0
0
0
0
0
0
0
0
0
0
0
0
0
0
0
0
0
0
0
0
0
0
0
0
0
0
0
0
0
0
0
0
0
0
0
0
0
0
0
0
0
0
0
0
0
0
0
0
0
0
0
0
0
0
0
0
0
0
0
0
0
0
0
0
0
0
0
0
0
0
0
0
0
0
0
0
0
0
0
0
0
0
0
0
0
0
0
0
0
0
0
0
0
0
0
0
0
0
0
0
0
0
0
0
0
0
0
0
0
0
0
0
0
0
0
0
0
0
0
0
0
0
0
0
0
0
0
0
0
0
0
0
0
0
0
0
0
0
0
0
0
0
0
0
0
0
0
0
0
0
0
0
0
0
0
0
0
0
0
0
0
0
0
0
0
0
0
0
0
0
0
0
0
0
0
0
0
0
0
0
0
0
0
0
0
0
0
0
0
0
0
0
0
0
0
0
0
0
0
0
0
0
0
0
0
0
0
0
0
0
0
0
0
0
0
0
0
0
0
0
0
0
0
0
0
0
0
0
0
0
0
0
0
0
0
0
0
0
0
0
0
0
0
0
0
0
0
0
0
0
0
0
0
0
0
0
0
0
0
0
0
0
0
0
0
0
0
0
0
0
0
0
0
0
0
0
0
0
0
0
0
0
0
0
0
0
0
0
0
0
0
0
0
0
0
0
0
0
0
0
0
0
0
0
0
0
0
0
0
0
0
0
0
0
0
0
0
0
0
0
0
0
0
0
0
0
0
0
0
0
0
0
0
0
0
0
0
0
0
0
0
0
0
0
0
0
0
0
0
0
0
0
0
0
0
0
0
0
0
0
0
0
0
0
0
0
0
0
0
0
0
0
0
0
0
0
0
0
0
0
0
0
0
0
0
0
0
0
0
0
0
0
0
0
0
0
0
0
0
0
0
0
0
0
0
0
0
0
0
0
0
0
0
0
0
0
0
0
0
0
0
0
0
0
0
0
0
0
0
0
0
0
0
0
0
0
0
0
0
0
0
0
0
0
0
0
0
0
0
0
0
0
0
0
0
0
0
0
0
0
0
0
0
0
0
0
0
0
0
0
0
0
0
0
0
0
0
0
0
0
0
0
0
0
0
0
0
0
0
0
0
0
0
0
0
0
0
0
0
0
0
0
0
0
0
0
0
0
0
0
0
0
0
0
0
0
0
0
0
0
0
0
0
0
0
0
0
0
0
0
0
0
0
0
0
0
0
0
0
0
0
0
0
0
0
0
0
0
0
0
0
0
0
0
0
0
0
0
0
0
0
0
0
0
0
0
0
0
0
0
0
0
0
0
0
0
0
0
0
0
0
0
0
0
0
0
0
0
0
0
0
0
0
0
0
0
0
0
0
0
0
0
0
0
0
0
0
0
0
0
0
0
0
0
0
0
0
0
0
0
0
0
0
0
0
0
0
0
0
0
0
0
0
0
0
0
0
0
0
0
0
0
0
0
0
0
0
0
0
0
0
0
0
0
0
0
0
0
0
0
0
0
0
0
0
0
0
0
0
0
0
0
0
0
0
0
0
0
0
0
0
0
0
0
0
0
0
0
0
0
0
0
0
0
0
0
0
0
0
0
0
0
0
0
0
0
0
0
0
0
0
0
0
0
0
0
0
0
0
0
0
0
0
0
0
0
0
0
0
0
0
0
0
0
0
0
0
0
0
0
0
0
0
0
0
0
0
0
0
0
0
0
0
0
0
0
0
0
0
0
0
0
0
0
0
0
0
0
0
0
0
0
0
0
0
0
0
0
0
0
0
0
0
0
0
0
0
0
0
0
0
0
0
0
0
0
0
0
0
0
0
0
0
0
0
0
0
0
0
0
0
0
0
0
0
0
0
0
0
0
0
0
0
0
0
0
0
0
0
0
0
0
0
0
0
0
0
0
0
0
0
0
0
0
0
0
0
0
0
0
0
0
0
0
0
0
0
0
0
0
0
0
0
0
0
0
0
0
0
0
0
0
0
0
0
0
0
0
0
0
0
0
0
0
0
0
0
0
0
0
0
0
0
0
0
0
0
0
0
0
0
0
0
0
0
0
0
0
0
0
0
0
0
0
0
0
0
0
0
0
0
0
0
0
0
0
0
0
0
0
0
0
0
0
0
0
0
0
0
0
0
0
0
0
0
0
0
0
0
0
0
0
0
0
0
0
0
0
0
0
0
0
0
0
0
0
0
0
0
0
0
0
0
0
0
0
0
0
0
0
0
0
0
0
0
0
0
0
0
0
0
0
0
0
0
0
0
0
0
0
0
0
0
0
0
0
0
0
0
0
0
0
0
0
0
0
0
0
0
0
0
0
0
0
0
0
0
0
0
0
0
0
0
0
0
0
0
0
0
0
0
0
0
0
0
0
0
0
0
0
0
0
0
0
0
0
0
0
0
0
0
0
0
0
0
0
0
0
0
0
0
0
0
0
0
0
0
0
0
0
0
0
0
0
0
0
0
0
0
0
0
0
0
0
0
0
0
0
0
0
0
0
0
0
0
0
0
0
0
0
0
0
0
0
0
0
0
0
0
0
0
0
0
0
0
0
0
0
0
0
0
0
0
0
0
0
0
0
0
0
0
0
0
0
0
0
0
0
0
0
0
0
0
0
0
0
0
0
0
0
0
0
0
0
0
0
0
0
0
0
0
0
0
0
0
0
0
0
0
0
0
0
0
0
0
0
0
0
0
0
0
0
0
0
0
0
0
0
0
0
0
0
0
0
0
0
0
0
0
0
0
0
0
0
0
0
0
0
0
0
0
0
0
0
0
0
0
0
0
0
0
0
0
0
0
0
0
0
0
0
0
0
0
0
0
0
0
0
0
0
0
0
0
0
0
0
0
0
0
0
0
0
0
0
0
0
0
0
0
0
0
0
0
0
0
0
0
0
0
0
0
0
0
0
0
0
0
0
0
0
0
0
0
0
0
0
0
0
0
0
0
0
0
0
0
0
0
0
0
0
0
0
0
0
0
0
0
0
0
0
0
0
0
0
0
0
0
0
0
0
0
0
0
0
0
0
0
0
0
0
0
0
0
0
0
0
0
0
0
0
0
0
0
0
0
0
0
0
0
0
0
0
0
0
0
0
0
0
0
0
0
0
0
0
0
0
0
0
0
0
0
0
0
0
0
0
0
0
0
0
0
0
0
0
0
0
0
0
0
0
0
0
0
0
0
0
0
0
0
0
0
0
0
0
0
0
0
0
0
0
0
0
0
0
0
0
0
0
0
0
0
0
0
0
0
0
0
0
0
0
0
0
0
0
0
0
0
0
0
0
0
0
0
0
0
0
0
0
0
0
0
0
0
0
0
0
0
0
0
0
0
0
0
0
0
0
0
0
0
0
0
0
0
0
0
0
0
0
0
0
0
0
0
0
0
0
0
0
0
0
0
0
0
0
0
0
0
0
0
0
0
0
0
0
0
0
0
0
0
0
0
0
0
0
0
0
0
0
0
0
0
0
0
0
0
0
0
0
0
0
0
0
0
0
0
0
0
0
0
0
0
0
0
0
0
0
0
0
0
0
0
0
0
0
0
0
0
0
0
0
0
0
0
0
0
0
0
0
0
0
0
0
0
0
0
0
0
0
0
0
0
0
0
0
0
0
0
0
0
0
0
0
0
0
0
0
0
0
0
0
0
0
0
0
0
0
0
0
0
0
0
0
0
0
0
0
0
0
0
0
0
0
0
0
0
0
0
0
0
0
0
0
0
0
0
0
0
0
0
0
0
0
0
0
0
0
0
0
0
0
0
0
0
0
0
0
0
0
0
0
0
0
0
0
0
0
0
0
0
0
0
0
0
0
0
0
0
0
0
0
0
0
0
0
0
0
0
0
0
0
0
0
0
0
0
0
0
0
0
0
0
0
0
0
0
0
0
0
0
0
0
0
0
0
0
0
0
0
0
0
0
0
0
0
0
0
0
0
0
0
0
0
0
0
0
0
0
0
0
0
0
0
0
0
0
0
0
0
0
0
0
0
0
0
0
0
0
0
0
0
0
0
0
0
0
0
0
0
0
0
0
0
0
0
0
0
0
0
0
0
0
0
0
0
0
0
0
0
0
0
0
0
0
0
0
0
0
0
0
0
0
0
0
0
0
0
0
0
0
0
0
0
0
0
0
0
0
0
0
0
0
0
0
0
0
0
0
0
0
0
0
0
0
0
0
0
0
0
0
0
0
0
0
0
0
0
0
0
0
0
0
0
0
0
0
0
0
0
0
0
0
0
0
0
0
0
0
0
0
0
0
0
0
0
0
0
0
0
0
0
0
0
0
0
0
0
0
0
0
0
0
0
0
0
0
0
0
0
0
0
0
0
0
0
0
0
0
0
0
0
0
0
0
0
0
0
0
0
0
0
0
0
0
0
0
0
0
0
0
0
0
0
0
0
0
0
0
0
0
0
0
0
0
0
0
0
0
0
0
0
0
0
0
0
0
0
0
0
0
0
0
0
0
0
0
0
0
0
0
0
0
0
0
0
0
0
0
0
0
0
0
0
0
0
0
0
0
0
0
0
0
0
0
0
0
0
0
0
0
0
0
0
0
0
0
0
0
0
0
0
0
0
0
0
0
0
0
0
0
0
0
0
0
0
0
0
0
0
0
0
0
0
0
0
0
0
0
0
0
0
0
0
0
0
0
0
0
0
0
0
0
0
0
0
0
0
0
0
0
0
0
0
0
0
0
0
0
0
0
0
0
0
0
0
0
0
0
0
0
0
0
0
0
0
0
0
0
0
0
0
0
0
0
0
0
0
0
0
0
0
0
0
0
0
0
0
0
0
0
0
0
0
0
0
0
0
0
0
0
0
0
0
0
0
0
0
0
0
0
0
0
0
0
0
0
0
0
0
0
0
0
0
0
0
0
0
0
0
0
0
0
0
0
0
0
0
0
0
0
0
0
0
0
0
0
0
0
0
0
0
0
0
0
0
0
0
0
0
0
0
0
0
0
0
0
0
0
0
0
0
0
0
0
0
0
0
0
0
0
0
0
0
0
0
0
0
0
0
0
0
0
0
0
0
0
0
0
0
0
0
0
0
0
0
0
0
0
0
0
0
0
0
0
0
0
0
0
0
0
0
0
0
0
0
0
0
0
0
0
0
0
0
0
0
0
0
0
0
0
0
0
0
0
0
0
0
0
0
0
0
0
0
0
0
0
0
0
0
0
0
0
0
0
0
0
0
0
0
0
0
0
0
0
0
0
0
0
0
0
0
0
0
0
0
0
0
0
0
0
0
0
0
0
0
0
0
0
0
0
0
0
0
0
0
0
0
0
0
0
0
0
0
0
0
0
0
0
0
0
0
0
0
0
0
0
0
0
0
0
0
0
0
0
0
0
0
0
0
0
0
0
0
0
0
0
0
0
0
0
0
0
0
0
0
0
0
0
0
0
0
0
0
0
0
0
0
0
0
0
0
0
0
0
0
0
0
0
0
0
0
0
0
0
0
0
0
0
0
0
0
0
0
0
0
0
0
0
0
0
0
0
0
0
0
0
0
0
0
0
0
0
0
0
0
0
0
0
0
0
0
0
0
0
0
0
0
0
0
0
0
0
0
0
0
0
0
0
0
0
0
0
0
0
0
0
0
0
0
0
0
0
0
0
0
0
0
0
0
0
0
0
0
0
0
0
0
0
0
0
0
0
0
0
0
0
0
0
0
0
0
0
0
0
0
0
0
0
0
0
0
0
0
0
0
0
0
0
0
0
0
0
0
0
0
0
0
0
0
0
0
0
0
0
0
0
0
0
0
0
0
0
0
0
0
0
0
0
0
0
0
0
0
0
0
0
0
0
0
0
0
0
0
0
0
0
0
0
0
0
0
0
0
0
0
0
0
0
0
0
0
0
0
0
0
0
0
0
0
0
0
0
0
0
0
0
0
0
0
0
0
0
0
0
0
0
