0
0
1
0
0
1
0
0
0
0
0
0
0
0
1
0
0
0
0
0
0
1
0
1
1
1
0
0
0
0
0
0
0
0
1
0
0
0
0
0
1
0
0
0
0
0
0
0
0
0
1
0
0
0
0
0
1
0
0
0
0
0
1
0
0
1
0
0
1
0
0
0
0
0
0
1
0
1
0
0
1
1
0
3
0
0
0
1
0
1
1
0
0
0
0
0
0
2
0
1
0
0
1
0
0
0
0
0
0
0
1
0
0
1
1
0
0
0
2
1
1
0
0
0
0
1
1
0
2
0
0
1
0
0
0
0
1
0
0
2
0
1
1
1
2
0
2
1
1
1
0
0
2
2
0
0
0
1
0
0
1
1
0
0
1
1
0
1
1
0
0
3
1
0
1
3
1
1
1
1
1
2
0
0
2
0
0
2
1
2
0
3
3
0
3
1
1
1
3
2
3
0
0
0
2
0
0
2
5
0
3
3
1
2
1
2
3
0
1
2
5
2
2
4
3
1
2
0
1
2
2
2
1
5
2
1
4
2
3
1
2
1
3
2
2
1
2
1
2
1
3
1
2
1
1
1
1
0
2
4
1
1
2
4
3
6
2
4
2
4
6
2
3
5
2
6
3
3
2
3
3
3
4
3
1
3
4
3
6
2
5
3
2
2
5
3
3
5
2
4
2
2
4
3
6
3
2
8
9
5
3
1
3
10
2
5
2
5
6
5
9
0
7
4
6
3
7
4
6
2
4
2
6
3
3
7
8
7
7
3
6
5
8
8
4
7
5
7
5
7
4
4
6
7
0
11
12
4
5
6
2
8
4
5
6
5
6
6
16
8
8
13
9
8
6
9
5
6
5
7
8
7
7
20
12
7
3
6
9
10
16
10
7
13
3
12
3
8
8
9
9
10
9
9
13
8
13
8
12
12
9
9
10
11
11
10
5
13
12
9
11
7
13
11
9
11
5
18
10
9
3
13
11
7
10
9
9
13
6
17
19
18
13
12
13
9
23
12
13
12
5
10
10
9
15
14
10
12
14
24
18
19
15
11
10
18
22
14
14
11
20
27
14
12
12
15
23
13
24
14
18
11
20
27
14
27
19
17
26
19
13
11
25
21
29
21
19
26
14
18
15
24
14
20
20
19
19
22
17
18
18
21
28
19
16
22
21
18
19
23
22
20
14
23
21
22
25
18
27
20
19
27
25
30
25
38
33
35
31
30
25
31
28
32
21
27
30
26
36
35
28
23
37
34
22
31
48
20
34
37
28
31
32
40
33
36
36
32
34
31
27
38
31
29
36
48
30
32
38
34
31
38
21
33
34
35
28
30
50
52
37
30
40
36
46
44
45
38
49
52
34
38
42
33
51
33
44
40
45
43
40
44
39
43
54
49
50
52
29
30
45
45
57
48
42
53
41
57
44
46
45
51
45
37
48
44
40
52
44
45
55
52
47
56
46
57
55
66
55
62
65
53
67
56
51
64
54
73
54
62
57
57
52
59
58
54
60
34
50
60
50
58
53
62
62
66
70
62
61
66
64
59
57
74
57
61
55
74
50
67
79
77
70
71
62
84
66
71
71
63
72
74
71
77
70
70
80
93
88
52
83
88
74
87
77
90
78
78
60
84
77
90
70
87
90
69
81
92
86
92
93
105
84
83
90
99
79
83
76
86
81
101
92
79
91
100
81
95
96
94
102
71
108
110
103
99
109
94
82
90
108
94
114
97
93
95
93
91
103
115
117
107
100
109
110
121
108
92
109
109
109
93
113
103
122
124
109
119
98
126
111
122
109
132
121
104
107
112
121
121
120
133
109
133
131
131
113
137
128
123
131
114
138
118
128
129
103
128
132
132
132
145
127
152
140
114
157
150
163
157
163
139
139
148
132
153
159
149
155
166
146
126
164
138
144
179
175
151
132
142
140
155
147
175
172
158
180
161
168
170
152
160
158
169
164
177
165
160
172
181
173
173
182
166
141
152
176
163
187
194
170
190
189
201
184
184
173
170
168
180
177
189
188
186
222
200
168
206
199
200
196
191
184
215
185
193
204
214
227
195
218
209
223
200
216
214
243
209
222
202
204
228
195
192
220
212
217
207
200
236
207
234
238
210
226
250
226
224
234
243
215
240
208
236
254
253
230
237
223
237
235
252
227
251
257
257
281
250
253
282
259
246
242
254
249
225
267
286
266
294
255
274
228
257
271
266
312
277
281
296
271
316
265
265
290
295
285
233
255
282
293
297
301
258
282
316
263
303
288
306
294
295
276
263
318
334
295
279
296
328
317
317
323
320
296
325
314
317
329
325
282
304
327
316
303
320
350
331
333
313
358
306
358
342
321
321
335
369
357
362
357
336
358
334
341
366
350
345
345
370
361
299
364
343
388
401
398
352
376
397
348
338
358
368
368
400
366
378
362
366
321
355
366
409
352
384
423
368
364
380
359
369
398
375
454
386
379
397
372
402
402
444
413
429
434
465
413
393
387
407
414
411
414
455
406
409
385
439
393
438
407
451
467
421
416
431
444
408
430
431
408
450
423
470
422
453
459
451
445
453
425
440
449
457
454
482
447
458
463
483
503
500
448
419
507
461
449
504
471
465
492
477
473
503
477
514
446
501
518
478
502
514
494
500
472
481
509
537
474
470
497
511
490
523
547
543
520
517
522
418
541
537
545
517
503
490
537
503
503
535
534
570
507
530
509
517
525
522
546
531
589
554
565
523
589
527
525
562
546
541
547
557
605
558
561
615
578
544
598
603
601
568
609
581
572
565
498
635
607
624
601
586
592
608
566
592
630
572
611
611
638
561
613
643
606
615
612
581
636
634
600
650
589
577
553
664
627
613
570
568
656
567
668
674
618
634
622
650
657
638
625
676
633
616
620
619
682
659
656
675
648
662
664
662
663
672
686
645
669
678
642
660
656
632
694
683
695
687
656
725
737
686
687
716
715
655
673
522
659
729
672
766
717
653
709
736
697
706
701
662
715
651
713
720
689
707
720
759
704
735
726
724
754
734
763
740
745
716
726
744
777
750
762
714
751
722
734
739
722
766
764
759
717
748
725
788
763
750
775
782
804
792
725
760
725
750
781
744
794
811
754
825
792
789
781
770
783
767
799
848
802
832
781
775
817
812
709
682
822
770
768
814
801
799
788
802
855
753
765
845
807
787
811
819
778
841
837
861
824
841
858
860
789
816
777
856
825
795
759
816
828
822
910
834
874
816
866
859
863
841
868
844
908
849
786
688
847
921
839
928
857
874
834
914
891
831
865
888
848
853
823
865
834
818
911
924
890
817
859
872
843
848
866
858
866
887
871
897
908
963
899
878
878
897
881
889
882
878
898
883
887
918
840
887
930
923
920
918
930
940
867
948
920
975
970
878
815
931
923
965
940
898
910
954
925
905
980
885
901
877
954
947
875
907
892
826
866
902
924
1040
957
946
905
970
948
960
930
993
961
947
915
989
960
1003
897
961
948
935
953
979
949
936
955
986
971
954
920
953
973
909
962
959
980
975
967
982
1006
937
1012
986
993
981
935
769
1017
987
943
929
1000
926
978
1004
959
992
971
989
987
1006
923
943
985
976
959
990
1010
971
900
1040
956
997
1011
1010
975
949
900
1021
915
961
989
969
979
997
987
1005
980
1043
988
1009
941
1016
844
995
953
986
1028
1017
978
977
987
1018
1039
1004
1052
1051
936
985
1013
1030
1009
990
1016
981
1003
987
978
1045
1040
995
1002
1035
1054
990
876
894
968
965
1028
1017
986
1001
987
985
977
1011
1014
998
1016
976
938
1037
974
967
1005
1066
973
979
1008
1026
954
990
993
1044
990
1009
913
1036
982
1016
993
1076
1033
1010
1013
1014
1064
976
1045
1068
968
1011
1063
809
982
1011
976
1039
1086
1022
989
1000
1001
1032
970
1029
1036
953
972
972
1022
1006
986
965
1028
972
968
1059
978
999
1036
1039
1051
1024
992
1034
983
982
1032
1029
957
981
977
1051
1077
1011
1007
1034
1079
1004
905
1072
990
985
1041
1071
1001
1028
990
993
969
921
1006
983
1026
925
1031
999
1010
1009
1017
1073
978
980
948
1044
984
1033
1044
1005
1057
980
895
847
1006
948
997
980
983
952
997
983
986
971
906
1001
1056
966
956
1023
980
919
973
1008
932
955
987
960
974
1049
980
1050
1007
1000
920
981
987
1006
981
1019
980
964
974
971
993
933
1025
966
1034
959
986
827
972
955
1006
965
1013
944
958
994
974
945
949
984
1021
918
902
985
975
952
914
1012
943
967
923
984
1009
956
924
959
956
977
942
962
970
976
968
918
921
918
943
958
959
895
972
944
971
932
881
919
987
951
949
960
919
957
966
995
951
909
897
926
925
941
903
946
891
924
953
999
864
935
901
921
894
868
880
942
995
908
822
858
945
926
949
935
897
931
902
945
915
926
890
891
915
973
900
914
900
899
930
886
908
878
831
906
856
887
868
874
853
852
850
903
936
861
900
920
915
887
877
929
847
902
883
873
896
859
840
698
870
841
881
915
885
835
862
878
885
826
886
871
902
860
805
818
851
801
871
877
854
874
870
876
810
850
819
904
846
859
837
830
807
818
816
890
808
841
790
822
850
792
802
825
786
845
743
862
819
771
826
808
835
784
824
861
843
827
796
831
841
759
806
806
782
808
825
801
832
829
804
819
769
791
781
793
853
832
697
694
800
758
751
802
766
800
761
770
809
792
825
761
774
793
751
732
768
742
774
757
788
737
759
750
714
788
767
755
711
753
679
706
719
694
761
735
766
723
746
752
732
751
735
709
712
789
751
627
713
737
744
804
694
732
745
692
676
696
678
726
738
702
679
692
710
671
680
771
670
729
629
714
680
743
669
699
685
673
675
669
681
665
708
682
670
676
646
715
665
724
714
722
643
640
620
657
680
626
647
666
655
647
651
688
679
652
652
666
674
616
614
649
609
618
656
650
675
594
614
625
578
645
594
602
648
606
552
550
632
590
669
644
638
616
587
656
599
597
610
688
612
606
571
592
611
586
585
606
593
652
593
630
587
575
610
586
591
564
589
555
586
596
574
575
557
561
592
556
602
582
553
606
563
545
509
441
580
560
537
595
552
547
548
558
584
543
554
578
539
565
513
510
541
503
500
501
557
539
513
555
491
518
525
532
504
493
488
512
587
545
526
551
544
495
560
524
517
488
550
520
443
497
436
481
508
464
523
486
477
476
442
484
487
490
467
539
480
474
475
517
427
497
458
438
489
461
436
490
477
480
429
478
495
482
447
433
489
461
448
470
488
434
454
451
443
468
452
460
442
417
458
444
454
398
457
433
427
413
429
440
481
435
436
442
450
418
412
420
403
411
415
395
420
420
411
456
458
391
398
400
412
376
376
308
433
388
400
419
372
390
374
386
411
379
382
382
396
362
383
353
404
421
389
417
363
407
356
372
446
389
387
373
351
371
346
398
388
361
372
395
384
335
353
345
339
369
382
365
350
340
318
358
372
352
337
368
356
314
333
333
340
324
330
316
330
329
368
341
342
338
335
332
332
301
314
321
311
309
295
334
311
336
279
305
338
285
309
331
310
278
309
287
299
276
285
338
320
329
272
313
302
304
290
308
294
303
283
300
301
298
292
286
329
295
270
250
257
301
289
280
287
307
266
287
274
281
266
285
267
223
265
226
264
258
264
280
247
294
276
246
267
272
283
242
305
266
248
243
251
230
270
280
240
244
218
247
234
246
248
250
241
261
237
237
264
268
266
219
252
210
223
271
263
241
237
233
217
236
192
262
236
243
216
248
233
236
243
253
224
232
200
227
200
219
191
223
207
254
181
203
232
206
237
206
195
215
221
196
237
205
203
196
179
201
208
193
224
202
231
197
191
201
219
211
196
189
185
173
185
216
204
203
183
185
180
184
178
178
181
183
197
201
171
178
188
176
178
188
180
182
198
198
157
184
174
177
160
178
151
150
167
181
179
195
167
165
172
161
155
183
169
190
174
152
145
151
185
158
143
153
178
165
170
164
175
150
132
161
158
164
145
162
146
163
152
132
155
133
163
150
138
132
136
129
142
142
127
138
124
133
143
154
122
124
135
143
158
135
128
141
135
132
123
149
138
138
133
138
127
129
132
134
155
149
126
140
139
122
129
102
118
111
128
101
138
130
122
115
122
110
106
118
127
114
132
112
120
127
112
114
91
117
110
112
101
111
124
117
111
101
102
123
108
119
115
115
131
96
119
93
127
98
100
98
108
127
118
67
108
101
96
107
103
105
96
105
133
84
99
111
113
90
111
93
103
91
101
85
88
94
98
85
110
92
97
93
91
78
110
85
76
75
105
68
79
90
98
97
85
67
106
84
86
93
70
78
77
77
74
82
84
76
82
84
82
98
81
79
80
77
63
78
74
93
73
84
75
85
82
68
88
78
79
71
79
71
51
63
67
76
68
80
70
67
60
63
74
62
54
65
56
60
63
61
67
67
77
78
71
67
64
55
74
73
74
65
70
64
53
70
50
62
59
69
56
68
64
53
52
52
48
64
57
45
62
41
47
62
53
67
59
50
52
52
54
53
57
56
53
60
46
44
48
49
50
64
58
43
34
43
62
47
57
50
51
64
47
60
37
49
47
42
45
50
48
54
47
36
41
42
47
43
32
49
48
45
52
45
40
48
47
40
40
55
45
45
51
39
50
38
40
40
38
47
55
22
34
39
40
35
30
39
46
46
37
30
26
40
46
40
47
41
32
40
33
36
31
31
45
29
37
32
33
34
36
37
33
31
34
45
34
43
38
26
37
22
37
24
38
34
28
36
32
33
21
33
36
32
31
38
37
29
25
24
32
31
25
31
26
26
29
30
29
23
29
26
29
32
14
32
30
24
38
29
30
23
20
37
17
21
22
19
24
20
29
26
24
26
28
19
23
22
29
21
25
20
28
14
25
16
23
30
20
19
28
22
16
23
28
17
26
15
16
22
16
18
14
25
21
22
28
22
19
12
19
17
25
22
29
15
18
19
14
11
15
19
17
15
15
12
11
11
27
22
16
22
25
15
23
19
19
20
20
16
21
12
19
14
21
15
19
20
18
16
23
14
18
12
16
22
20
16
9
20
11
15
10
19
20
12
13
13
17
14
13
14
15
9
10
12
15
17
13
18
16
16
21
18
15
14
17
12
14
10
19
7
14
14
19
16
15
13
6
12
16
22
10
10
15
16
12
13
15
13
15
11
10
12
10
11
14
9
10
13
14
9
16
10
8
12
17
13
13
10
15
10
13
4
14
9
12
9
12
8
9
14
5
10
14
5
5
10
11
9
10
7
8
7
9
8
7
3
8
6
5
11
8
8
11
3
9
9
8
4
3
7
9
4
6
9
9
8
10
11
6
7
10
9
11
12
6
9
8
5
5
8
11
5
6
5
8
8
9
10
8
13
5
10
7
7
5
8
7
10
7
16
3
7
5
3
11
7
10
5
5
3
7
11
6
2
6
6
3
5
8
6
2
6
8
7
4
1
9
3
7
4
5
4
3
6
7
3
7
6
3
3
6
2
7
5
7
3
4
5
5
4
1
6
3
4
7
8
5
4
6
7
4
3
3
4
10
6
3
3
9
5
4
11
7
7
1
2
2
3
5
7
8
4
5
2
3
3
3
3
5
6
1
2
3
4
7
0
1
8
7
6
3
1
3
1
3
5
5
2
8
3
2
3
8
3
5
4
3
6
3
1
1
0
3
3
1
0
2
4
2
1
2
1
2
8
3
2
1
6
5
4
4
5
1
5
5
7
0
1
6
0
0
6
0
1
3
2
0
3
0
1
3
2
0
3
4
3
1
3
5
2
0
2
1
2
1
3
3
0
0
2
3
2
5
0
2
1
2
1
1
1
4
2
0
1
2
0
0
1
2
2
4
2
0
1
2
3
0
0
0
1
1
2
1
0
1
0
1
1
0
2
3
0
1
1
1
1
1
3
1
1
2
1
2
1
1
1
0
6
1
0
0
0
3
1
1
0
1
5
0
0
1
3
0
0
2
0
2
1
1
2
1
1
1
1
1
5
0
2
0
2
0
2
2
1
0
2
0
1
0
1
1
1
0
2
2
3
0
1
1
1
0
1
1
0
0
0
0
2
2
2
0
0
1
0
1
3
0
0
0
1
0
3
0
1
1
0
0
1
1
1
1
1
0
1
0
0
0
0
1
1
0
0
0
1
1
1
1
1
2
0
0
0
1
2
0
1
2
0
0
0
0
0
2
0
1
0
0
0
0
1
1
2
0
0
0
1
1
2
1
0
2
1
1
1
0
0
0
0
1
0
1
0
0
0
0
0
0
0
2
0
1
0
1
0
1
1
2
1
0
0
1
0
0
1
0
0
0
0
0
0
0
0
0
1
1
0
0
0
0
1
1
1
2
0
0
0
0
0
0
0
0
0
0
0
0
0
0
0
0
0
1
0
1
1
0
0
1
1
0
0
1
0
0
1
0
1
1
0
0
0
1
1
0
0
0
0
0
0
0
0
0
0
1
1
0
0
0
0
0
2
0
0
0
0
0
1
1
1
0
0
0
0
0
0
0
0
0
0
0
0
0
0
0
0
0
0
1
1
1
0
0
0
0
0
0
1
2
0
1
0
2
0
0
0
0
0
0
0
0
0
0
0
0
0
1
0
0
0
1
0
0
0
1
0
1
0
0
0
0
1
0
1
0
0
0
0
0
0
0
0
0
0
0
0
0
0
0
1
0
0
0
1
0
1
0
0
0
0
0
0
1
0
0
0
0
0
0
0
0
0
0
0
0
0
0
0
0
0
0
0
0
0
0
0
0
0
0
0
0
0
0
0
1
0
0
0
0
0
0
0
0
0
0
0
0
0
0
0
0
0
0
0
0
0
0
0
1
0
0
0
0
0
0
0
1
0
0
1
0
0
0
0
0
0
0
0
0
0
0
0
0
0
0
0
1
0
0
0
0
0
0
0
0
0
0
0
0
0
0
0
0
0
0
0
0
0
0
0
0
0
0
0
0
0
0
0
0
0
0
0
0
0
0
0
0
0
0
0
0
0
0
0
0
0
0
0
0
0
0
0
0
0
0
0
0
0
0
0
0
0
0
0
0
0
0
1
0
0
0
0
0
0
0
0
0
0
0
1
0
0
0
0
0
0
0
0
0
0
0
0
0
0
0
0
0
0
0
0
0
0
0
0
0
0
0
0
0
0
0
0
0
0
0
0
0
0
0
0
0
0
0
0
0
0
0
0
0
0
0
0
0
0
0
0
0
0
0
0
0
0
0
0
0
0
0
0
0
0
0
0
0
0
0
0
0
0
0
0
0
0
0
0
0
0
0
1
0
0
0
0
0
0
0
0
0
0
0
0
0
0
0
0
0
0
0
0
0
0
0
0
0
0
0
0
0
0
0
0
0
0
0
0
0
0
0
0
0
0
0
0
0
0
0
0
0
0
0
0
0
0
0
0
0
0
0
0
0
0
0
0
0
0
0
0
0
0
0
0
0
0
0
0
0
0
0
0
0
0
0
0
0
0
0
0
0
0
0
0
0
0
0
0
0
0
0
0
0
0
0
0
0
0
0
0
0
0
0
0
0
0
0
0
0
0
0
0
0
0
0
0
0
0
0
0
0
0
0
0
0
0
0
0
0
0
0
0
0
0
0
0
0
0
0
0
0
0
0
0
0
0
0
0
0
0
0
0
0
0
0
0
0
0
0
0
0
0
0
0
0
0
0
0
0
0
0
0
0
0
0
0
0
0
0
0
0
0
0
0
0
0
0
0
0
0
0
0
0
0
0
0
0
0
0
0
0
0
0
0
0
0
0
0
0
0
0
0
0
0
0
0
0
0
0
0
0
0
0
0
0
0
0
0
0
0
0
0
0
0
0
0
0
0
0
0
0
0
0
0
0
0
0
0
0
0
0
0
0
0
0
0
0
0
0
0
0
0
0
0
0
0
0
0
0
0
0
0
0
0
0
0
0
0
0
0
0
0
0
0
0
0
0
0
0
0
0
0
0
0
0
0
0
0
0
0
0
0
0
0
0
0
0
0
0
0
0
0
0
0
0
0
0
0
0
0
0
0
0
0
0
0
0
0
0
0
0
0
0
0
0
0
0
0
0
0
0
0
0
0
0
0
0
0
0
0
0
0
0
0
0
0
0
0
0
0
0
0
0
0
0
0
0
0
0
0
0
0
0
0
0
0
0
0
0
0
0
0
0
0
0
0
0
0
0
0
0
0
0
0
0
0
0
0
0
0
0
0
0
0
0
0
0
0
0
0
0
0
0
0
0
0
0
0
0
0
0
0
0
0
0
0
0
0
0
0
0
0
0
0
0
0
0
0
0
0
0
0
0
0
0
0
0
0
0
0
0
0
0
0
0
0
0
0
0
0
0
0
0
0
0
0
0
0
0
0
0
0
0
0
0
0
0
0
0
0
0
0
0
0
0
0
0
0
0
0
0
0
0
0
0
0
0
0
0
0
0
0
0
0
0
0
0
0
0
0
0
0
0
0
0
0
0
0
0
0
0
0
0
0
0
0
0
0
0
0
0
0
0
0
0
0
0
0
0
0
0
0
0
0
0
0
0
0
0
0
0
0
0
0
0
0
0
0
0
0
0
0
0
0
0
0
0
0
0
0
0
0
0
0
0
0
0
0
0
0
0
0
0
0
0
0
0
0
0
0
0
0
0
0
0
0
0
0
0
0
0
0
0
0
0
0
0
0
0
0
0
0
0
0
0
0
0
0
0
0
0
0
0
0
0
0
0
0
0
0
0
0
0
0
0
0
0
0
0
0
0
0
0
0
0
0
0
0
0
0
0
0
0
0
0
0
0
0
0
0
0
0
0
0
0
0
0
0
0
0
0
0
0
0
0
0
0
0
0
0
0
0
0
0
0
0
0
0
0
0
0
0
0
0
0
0
0
0
0
0
0
0
0
0
0
0
0
0
0
0
0
0
0
0
0
0
0
0
0
0
0
0
0
0
0
0
0
0
0
0
0
0
0
0
0
0
0
0
0
0
0
0
0
0
0
0
0
0
0
0
0
0
0
0
0
0
0
0
0
0
0
0
0
0
0
0
0
0
0
0
0
0
0
0
0
0
0
0
0
0
0
0
0
0
0
0
0
0
0
0
0
0
0
0
0
0
0
0
0
0
0
0
0
0
0
0
0
0
0
0
0
0
0
0
0
0
0
0
0
0
0
0
0
0
0
0
0
0
0
0
0
0
0
0
0
0
0
0
0
0
0
0
0
0
0
0
0
0
0
0
0
0
0
0
0
0
0
0
0
0
0
0
0
0
0
0
0
0
0
0
0
0
0
0
0
0
0
0
0
0
0
0
0
0
0
0
0
0
0
0
0
0
0
0
0
0
0
0
0
0
0
0
0
0
0
0
0
0
0
0
0
0
0
0
0
0
0
0
0
0
0
0
0
0
0
0
0
0
0
0
0
0
0
0
0
0
0
0
0
0
0
0
0
0
0
0
0
0
0
0
0
0
0
0
0
0
0
0
0
0
0
0
0
0
0
0
0
0
0
0
0
0
0
0
0
0
0
0
0
0
0
0
0
0
0
0
0
0
0
0
0
0
0
0
0
0
0
0
0
0
0
0
0
0
0
0
0
0
0
0
0
0
0
0
0
0
0
0
0
0
0
0
0
0
0
0
0
0
0
0
0
0
0
0
0
0
0
0
0
0
0
0
0
0
0
0
0
0
0
0
0
0
0
0
0
0
0
0
0
0
0
0
0
0
0
0
0
0
0
0
0
0
0
0
0
0
0
0
0
0
0
0
0
0
0
0
0
0
0
0
0
0
0
0
0
0
0
0
0
0
0
0
0
0
0
0
0
0
0
0
0
0
0
0
0
0
0
0
0
0
0
0
0
0
0
0
0
0
0
0
0
0
0
0
0
0
0
0
0
0
0
0
0
0
0
0
0
0
0
0
0
0
0
0
0
0
0
0
0
0
0
0
0
0
0
0
0
0
0
0
0
0
0
0
0
0
0
0
0
0
0
0
0
0
0
0
0
0
0
0
0
0
0
0
0
0
0
0
0
0
0
0
0
0
0
0
0
0
0
0
0
0
0
0
0
0
0
0
0
0
0
0
0
0
0
0
0
0
0
0
0
0
0
0
0
0
0
0
0
0
0
0
0
0
0
0
0
0
0
0
0
0
0
0
0
0
0
0
0
0
0
0
0
0
0
0
0
0
0
0
0
0
0
0
0
0
0
0
0
0
0
0
0
0
0
0
0
0
0
0
0
0
0
0
0
0
0
0
0
0
0
0
0
0
0
0
0
0
0
0
0
0
0
0
0
0
0
0
0
0
0
0
0
0
0
0
0
0
0
0
0
0
0
0
0
0
0
0
0
0
0
0
0
0
0
0
0
0
0
0
0
0
0
0
0
0
0
0
0
0
0
0
0
0
0
0
0
0
0
0
0
0
0
0
0
0
0
0
0
0
0
0
0
0
0
0
0
0
0
0
0
0
0
0
0
0
0
0
0
0
0
0
0
0
0
0
0
0
0
0
0
0
0
0
0
0
0
0
0
0
0
0
0
0
0
0
0
0
0
0
0
0
0
0
0
0
0
0
0
0
0
0
0
0
0
0
0
0
0
0
0
0
0
0
0
0
0
0
0
0
0
0
0
0
0
0
0
0
0
0
0
0
0
0
0
0
0
0
0
0
0
0
0
0
0
0
0
0
0
0
0
0
0
0
0
0
0
0
0
0
0
0
0
0
0
0
0
0
0
0
0
0
0
0
0
0
0
0
0
0
0
0
0
0
0
0
0
0
0
0
0
0
0
0
0
0
0
0
0
0
0
0
0
0
0
0
0
0
0
0
0
0
0
0
0
0
0
0
0
0
0
0
0
0
0
0
0
0
0
0
0
0
0
0
0
0
0
0
0
0
0
0
0
0
0
0
0
0
0
0
0
0
0
0
0
0
0
0
0
0
0
0
0
0
0
0
0
0
0
0
0
0
0
0
0
0
0
0
0
0
0
0
0
0
0
0
0
0
0
0
0
0
0
0
0
0
0
0
0
0
0
0
0
0
0
0
0
0
0
0
0
0
0
0
0
0
0
0
0
0
0
0
0
0
0
0
0
0
0
0
0
0
0
0
0
0
0
0
0
0
0
0
0
0
0
0
0
0
0
0
0
0
0
0
0
0
0
0
0
0
0
0
0
0
0
0
0
0
0
0
0
0
0
0
0
0
0
0
0
0
0
0
0
0
0
0
0
0
0
0
0
0
0
0
0
0
0
0
0
0
0
0
0
0
0
0
0
0
0
0
0
0
0
0
0
0
0
0
0
0
0
0
0
0
0
0
0
0
0
0
0
0
0
0
0
0
0
0
0
0
0
0
0
0
0
0
0
0
0
0
0
0
0
0
0
0
0
0
0
0
0
0
0
0
0
0
0
0
0
0
0
0
0
0
0
0
0
0
0
0
0
0
0
0
0
0
0
0
0
0
0
0
0
0
0
0
0
0
0
0
0
0
0
0
0
0
0
0
0
0
0
0
0
0
0
0
0
0
0
0
0
0
0
0
0
0
0
0
0
0
0
0
0
0
0
0
0
0
0
0
0
0
0
0
0
0
0
0
0
0
0
0
0
0
0
0
0
0
0
0
0
0
0
0
0
0
0
0
0
0
0
0
0
0
0
0
0
0
0
0
0
0
0
0
0
0
0
0
0
0
0
0
0
0
0
0
0
0
0
0
0
0
0
0
0
0
0
0
0
0
0
0
0
0
0
0
0
0
0
0
0
0
0
0
0
0
0
0
0
0
0
0
0
0
0
0
0
0
0
0
0
0
0
0
0
0
0
0
0
0
0
0
0
0
0
0
0
0
0
0
0
0
0
0
0
0
0
0
0
0
0
0
0
0
0
0
0
0
0
0
0
0
0
0
0
0
0
0
0
0
0
0
0
0
0
0
0
0
0
0
0
0
0
0
0
0
0
0
0
0
0
0
0
0
0
0
0
0
0
0
0
0
0
0
0
0
0
0
0
0
0
0
0
0
0
0
0
0
0
0
0
0
0
0
0
0
0
0
0
0
0
0
0
0
0
0
0
0
0
0
0
0
0
0
0
0
0
0
0
0
0
0
0
0
0
0
0
0
0
0
0
0
0
0
0
0
0
0
0
0
0
0
0
0
0
0
0
0
0
0
0
0
0
0
0
0
0
0
0
0
0
0
0
0
0
0
0
0
0
0
0
0
0
0
0
0
0
0
0
0
0
0
0
0
0
0
0
0
0
0
0
0
0
0
0
0
0
0
0
0
0
0
0
0
0
0
0
0
0
0
0
0
0
0
0
0
0
0
0
0
0
0
0
0
0
0
0
0
0
0
0
0
0
0
0
0
0
0
0
0
0
0
0
0
0
0
0
0
0
0
0
0
0
0
0
0
0
0
0
0
0
0
0
0
0
0
0
0
0
0
0
0
0
0
0
0
0
0
0
0
0
0
0
0
0
0
0
0
0
0
0
0
0
0
0
0
0
0
0
0
0
0
0
0
0
0
0
0
0
0
0
0
0
0
0
0
0
0
0
0
0
0
0
0
0
0
0
0
0
0
0
0
0
0
0
0
0
0
0
0
0
0
0
0
0
0
0
0
0
0
0
0
0
0
0
0
0
0
0
0
0
0
0
0
0
0
0
0
0
0
0
0
0
0
0
0
0
0
0
0
0
0
0
0
0
0
0
0
0
0
0
0
0
0
0
0
0
0
0
0
0
0
0
0
0
0
0
0
0
0
0
0
0
0
0
0
0
0
0
0
0
0
0
0
0
0
0
0
0
0
0
0
0
0
0
0
0
0
0
0
0
0
0
0
0
0
0
0
0
0
0
0
0
0
0
0
0
0
0
0
0
0
0
0
0
0
0
0
0
0
0
0
0
0
0
0
0
0
0
0
0
0
0
0
0
0
0
0
0
0
0
0
0
0
0
0
0
0
0
0
0
0
0
0
0
0
0
0
0
0
0
0
0
0
0
0
0
0
0
0
0
0
0
0
0
0
0
0
0
0
0
0
0
0
0
0
0
0
0
0
0
0
0
0
0
0
0
0
0
0
0
0
0
0
0
0
0
0
0
0
0
0
0
0
0
0
0
0
0
0
0
0
0
0
0
0
0
0
0
0
0
0
0
0
0
0
0
0
0
0
0
0
0
0
0
0
0
0
0
0
0
0
0
0
0
0
0
0
0
0
0
0
0
0
0
0
0
0
0
0
0
0
0
0
0
0
0
0
0
0
0
0
0
0
0
0
0
0
0
0
0
0
0
0
0
0
0
0
0
0
0
0
0
0
0
0
0
0
0
0
0
0
0
0
0
0
0
0
0
0
0
0
0
0
0
0
0
0
0
0
0
0
0
0
0
0
0
0
0
0
0
0
0
0
0
0
0
0
0
0
0
0
0
0
0
0
0
0
0
0
0
0
0
0
0
0
0
0
0
0
0
0
0
0
0
0
0
0
0
0
0
0
0
0
0
0
0
0
0
0
0
0
0
0
0
0
0
0
0
0
0
0
0
0
0
0
0
0
0
0
0
0
0
0
0
0
0
0
0
0
0
0
0
0
0
0
0
0
0
0
0
0
0
0
0
0
0
0
0
0
0
0
0
0
0
0
0
0
0
0
0
0
0
0
0
0
0
0
0
0
0
0
0
0
0
0
0
0
0
0
0
0
0
0
0
0
0
0
0
0
0
0
0
0
0
0
0
0
0
0
0
0
0
0
0
0
0
0
0
0
0
0
0
0
0
0
0
0
0
0
0
0
0
0
0
0
0
0
0
0
0
0
0
0
0
0
0
0
0
0
0
0
0
0
0
0
0
0
0
0
0
0
0
0
0
0
0
0
0
0
0
0
0
0
0
0
0
0
0
0
0
0
0
0
0
0
0
0
0
0
0
0
0
0
0
0
0
0
0
0
0
0
0
0
0
0
0
0
0
0
0
0
0
0
0
0
0
0
0
0
0
0
0
0
0
0
0
0
0
0
0
0
0
0
0
0
0
0
0
0
0
0
0
0
0
0
0
0
0
0
0
0
0
0
0
0
0
0
0
0
0
0
0
0
0
0
0
0
0
0
0
0
0
0
0
0
0
0
0
0
0
0
0
0
0
0
0
0
0
0
0
0
0
0
0
0
0
0
0
0
0
0
0
0
0
0
0
0
0
0
0
0
0
0
0
0
0
0
0
0
0
0
0
0
0
0
0
0
0
0
0
0
0
0
0
0
0
0
0
0
0
0
0
0
0
0
0
0
0
0
0
0
0
0
0
0
0
0
0
0
0
0
0
0
0
0
0
0
0
0
0
0
0
0
0
0
0
0
0
0
0
0
0
0
0
0
0
0
0
0
0
0
0
0
0
0
0
0
0
0
0
0
0
0
0
0
0
0
0
0
0
0
0
0
0
0
0
0
0
0
0
0
0
0
0
0
0
0
0
0
0
0
0
0
0
0
0
0
0
0
0
0
0
0
0
0
0
0
0
0
0
0
0
0
0
0
0
0
0
0
0
0
0
0
0
0
0
0
0
0
0
0
0
0
0
0
0
0
0
0
0
0
0
0
0
0
0
0
0
0
0
0
0
0
0
0
0
0
0
0
0
0
0
0
0
0
0
0
0
0
0
0
0
0
0
0
0
0
0
0
0
0
0
0
0
0
0
0
0
0
0
0
0
0
0
0
0
0
0
0
0
0
0
0
0
0
0
0
0
0
0
0
0
0
0
0
0
0
0
0
0
0
0
0
0
0
0
0
0
0
0
0
0
0
0
0
0
0
0
0
0
0
0
0
0
0
0
0
0
0
0
0
0
0
0
0
0
0
0
0
0
0
0
0
0
0
0
0
0
0
0
0
0
0
0
0
0
0
0
0
0
0
0
0
0
0
0
0
0
0
0
0
0
0
0
0
0
0
0
0
0
0
0
0
0
0
0
0
0
0
0
0
0
0
0
0
0
0
0
0
0
0
0
0
0
0
0
0
0
0
0
0
0
0
0
0
0
0
0
0
0
0
0
0
0
0
0
0
0
0
0
0
0
0
0
0
0
0
0
0
0
0
0
0
0
0
0
0
0
0
0
0
0
0
0
0
0
0
0
0
0
0
0
0
0
0
0
0
0
0
0
0
0
0
0
0
0
0
0
0
0
0
0
0
0
0
0
0
0
0
0
0
0
0
0
0
0
0
0
0
0
0
0
0
0
0
0
0
0
0
0
0
0
0
0
0
0
0
0
0
0
0
0
0
0
0
0
0
0
0
0
0
0
0
0
0
0
0
0
0
0
0
0
0
0
0
0
0
0
0
0
0
0
0
0
0
0
0
0
0
0
0
0
0
0
0
0
0
0
0
0
0
0
0
0
0
0
0
0
0
0
0
0
0
0
0
0
0
0
0
0
0
0
0
0
0
0
0
0
0
0
0
0
0
0
0
0
0
0
0
0
0
0
0
0
0
0
0
0
0
0
0
0
0
0
0
0
0
0
0
0
0
0
0
0
0
0
0
0
0
0
0
0
0
0
0
0
0
0
0
0
0
0
0
0
0
0
0
0
0
0
0
0
0
0
0
0
0
0
0
0
0
0
0
0
0
0
0
0
0
0
0
0
0
0
0
0
0
0
0
0
0
0
0
0
0
0
0
0
0
0
0
0
0
0
0
0
0
0
0
0
0
0
0
0
0
0
0
0
0
0
0
0
0
0
0
0
0
0
0
0
0
0
0
0
0
0
0
0
0
0
0
0
0
0
0
0
0
0
0
0
0
0
0
0
0
0
0
0
0
0
0
0
0
0
0
0
0
0
0
0
0
0
0
0
0
0
0
0
0
0
0
0
0
0
0
0
0
0
0
0
0
0
0
0
0
0
0
0
0
0
0
0
0
0
0
0
0
0
0
0
0
0
0
0
0
0
0
0
0
0
0
0
0
0
0
0
0
0
0
0
0
0
0
0
0
0
0
0
0
0
0
0
0
0
0
0
0
0
0
0
0
0
0
0
0
0
0
0
0
0
0
0
0
0
0
0
0
0
0
0
0
0
0
0
0
0
0
0
0
0
0
0
0
0
0
0
0
0
0
0
0
0
0
0
0
0
0
0
0
0
0
0
0
0
0
0
0
0
0
0
0
0
0
0
0
0
0
0
0
0
0
0
0
0
0
0
0
0
0
0
0
0
0
0
0
0
0
0
0
0
0
0
0
0
0
0
0
0
0
0
0
0
0
0
0
0
0
0
0
0
0
0
0
0
0
0
0
0
0
0
0
0
0
0
0
0
0
0
0
0
0
0
0
0
0
0
0
0
0
0
0
0
0
0
0
0
0
0
0
0
0
0
0
0
0
0
0
0
0
0
0
0
0
0
0
0
0
0
0
0
0
0
0
0
0
0
0
0
0
0
0
0
0
0
0
0
0
0
0
0
0
0
0
0
0
0
0
0
0
0
0
0
0
0
0
0
0
0
0
0
0
0
0
0
0
0
0
0
0
0
0
0
0
0
0
0
0
0
0
0
0
0
0
0
0
0
0
0
0
0
0
0
0
0
0
0
0
0
0
0
0
0
0
0
0
0
0
0
0
0
0
0
0
0
0
0
0
0
0
0
0
0
0
