0
2
1
0
0
1
0
0
1
0
0
0
0
0
1
0
0
0
0
0
1
0
0
1
1
0
0
0
0
0
1
1
1
0
0
0
1
0
0
0
3
0
0
1
1
0
1
1
1
1
0
0
1
0
0
0
1
0
1
2
2
1
0
2
0
1
1
0
0
1
1
1
0
1
1
4
1
1
1
1
1
1
1
3
1
0
1
1
1
1
2
2
1
1
2
1
0
1
1
0
0
2
2
2
2
2
0
0
1
1
1
4
1
2
2
3
1
2
2
2
3
1
2
0
2
2
1
1
0
1
2
3
3
1
2
5
0
1
5
3
1
3
4
2
4
2
1
2
3
3
6
3
1
4
3
2
4
4
6
5
3
4
3
6
3
9
4
4
4
4
7
6
2
4
3
5
6
3
6
6
3
8
8
2
5
6
2
2
4
5
5
8
6
9
5
8
4
6
7
2
4
6
1
5
9
6
2
7
9
8
6
6
9
11
8
8
4
6
8
13
9
9
15
11
7
9
5
14
6
9
8
15
8
12
9
4
7
11
8
11
12
9
13
6
14
11
14
8
12
4
14
14
10
10
11
18
7
4
7
9
16
9
11
14
17
8
9
9
9
16
13
8
17
10
20
13
14
14
18
12
9
17
21
16
13
18
21
19
13
18
11
27
21
11
19
14
22
20
26
20
16
13
15
18
19
21
11
19
21
26
24
17
20
20
25
25
18
27
19
18
23
17
22
28
33
24
16
23
27
33
27
30
23
28
35
26
29
21
28
35
19
24
42
22
26
31
21
29
29
40
41
34
29
35
32
31
39
30
30
27
40
39
31
31
34
32
40
40
36
37
38
28
43
40
40
36
36
37
39
51
40
34
52
43
40
42
56
39
53
48
53
43
58
52
43
63
63
45
54
44
60
45
45
45
42
54
53
59
60
49
62
44
41
55
52
48
56
43
57
53
52
68
54
67
59
68
49
54
54
61
71
68
70
68
77
64
78
61
80
52
77
76
66
80
62
81
69
58
56
54
66
78
79
71
81
70
70
85
75
70
78
80
90
71
80
85
89
83
101
69
106
89
87
109
93
96
98
85
115
96
90
108
82
96
87
86
98
78
95
112
93
93
93
126
92
89
115
111
92
114
96
109
101
113
107
91
115
139
127
114
127
117
106
100
97
135
116
112
125
135
123
104
124
133
116
139
133
154
136
122
139
132
133
150
138
128
144
141
143
122
155
123
136
160
165
156
137
159
140
146
174
164
169
160
152
162
177
146
176
156
153
165
154
163
176
184
174
174
141
152
153
181
190
198
179
184
169
180
199
188
200
193
190
190
215
175
188
193
184
199
197
224
211
223
202
226
234
222
200
223
212
230
182
226
209
242
201
215
230
244
216
213
243
244
230
223
259
228
203
207
254
243
265
261
267
224
226
238
255
258
273
269
271
256
257
270
303
249
271
309
282
258
252
280
296
249
284
332
284
297
265
306
263
288
279
304
272
306
329
285
289
289
280
316
317
335
316
238
324
338
325
335
320
329
359
323
335
336
296
352
351
319
346
294
288
364
354
328
360
354
351
370
395
367
361
373
383
363
359
374
373
389
360
366
391
397
354
367
358
370
377
431
385
390
326
380
436
389
443
426
380
392
438
437
418
413
399
431
409
413
427
442
428
429
427
492
461
452
439
462
488
469
453
473
478
440
396
409
508
463
505
460
428
466
467
477
428
477
469
479
527
468
464
477
533
482
497
491
553
539
517
504
540
514
512
561
541
538
525
559
584
533
533
576
558
585
546
573
598
581
574
557
560
564
563
489
555
569
554
606
607
574
517
587
636
593
602
600
590
597
578
544
631
604
642
656
639
622
635
624
611
665
588
676
621
633
603
667
634
670
681
667
632
667
642
642
694
634
638
668
677
698
648
665
724
690
717
724
685
681
696
689
718
649
687
740
719
706
732
733
724
728
737
746
752
767
722
803
719
741
761
710
769
741
687
655
786
798
818
807
740
788
781
776
758
760
778
841
817
828
765
805
827
790
773
824
833
784
784
851
822
811
787
877
874
807
816
834
851
847
851
873
919
799
824
848
816
847
824
891
866
896
842
728
884
884
884
889
911
900
891
902
890
900
876
972
878
899
876
913
924
938
996
928
910
909
836
891
925
948
925
1018
992
954
908
993
911
915
982
975
979
1009
926
1024
986
986
971
1029
987
912
965
987
1002
1036
1026
1032
1025
982
1019
1056
1010
974
1052
1117
1016
950
965
1060
1031
1097
999
1137
995
1068
1068
1092
1111
1047
1087
1120
1006
1016
976
950
1067
1097
1034
1131
1162
1016
1085
1102
1174
1031
1046
1114
1121
1081
1012
1102
1134
1044
1131
1117
1138
1073
1103
1129
1129
1143
1068
1127
1128
1074
1109
1168
1153
1088
1130
1192
1187
1103
1109
1138
1210
1131
1111
1164
1235
1134
1138
991
1223
1095
1218
1256
1197
1199
1195
1192
1129
1160
1114
1231
1166
1215
1119
1119
1228
1141
1176
1234
1156
1207
1218
1230
1198
1179
1191
1217
1207
1209
1225
1198
1239
1205
1228
1239
1165
1171
1199
1250
1247
1223
1277
1306
1300
1266
1120
1201
1229
1228
1270
1258
1282
1266
1201
1263
1292
1226
1148
1287
1262
1261
1234
1266
1307
1272
1264
1277
1268
1269
1248
1294
1289
1312
1310
1262
1287
1335
1188
1130
1244
1288
1309
1258
1306
1321
1209
1336
1325
1232
1310
1365
1315
1320
1258
1338
1342
1284
1325
1299
1333
1324
1301
1306
1266
1307
1283
1266
1369
1258
1311
1311
1320
1314
1325
1308
1279
1315
1347
1328
1318
1327
1314
1365
1262
1332
1312
1073
1344
1358
1363
1365
1339
1317
1268
1242
1304
1307
1370
1332
1367
1302
1229
1254
1362
1362
1400
1417
1347
1307
1275
1402
1377
1341
1319
1373
1338
1355
1283
1452
1321
1360
1291
1399
1305
1311
1245
1341
1282
1392
1294
1287
1307
1311
1227
1337
1326
1256
1274
1375
1355
1372
1332
1302
1324
1340
1305
1338
1328
1344
1332
1384
1283
1332
1384
1364
1403
1271
1306
1391
1345
1283
1325
1398
1336
1304
1141
1217
1283
1245
1347
1271
1385
1297
1331
1380
1294
1272
1310
1467
1366
1299
1376
1366
1362
1279
1330
1368
1350
1378
1392
1312
1302
1312
1362
1411
1339
1269
1321
1316
1375
1315
1368
1334
1360
1289
1279
1294
1351
1337
1276
1338
1317
1288
1362
1121
1378
1347
1329
1288
1299
1349
1258
1279
1272
1222
1275
1327
1316
1280
1249
1270
1294
1290
1287
1345
1303
1252
1295
1256
1339
1263
1223
1292
1312
1277
1278
1278
1278
1235
1300
1265
1303
1249
1195
1300
1271
1265
1227
1274
1332
1248
1211
1335
1236
1306
1289
1262
1265
1210
1255
1292
1208
1206
1296
1264
1205
1225
1196
1230
1214
1130
1237
1306
1177
1238
1191
1173
1202
1251
1238
1304
1210
1141
1040
1016
1239
1215
1293
1247
1231
1164
1180
1233
1186
1225
1154
1129
1148
1223
1156
1162
1199
1143
1155
1242
1179
1166
1120
1169
1129
1175
1117
1150
1136
1181
1148
1128
1129
1170
1129
1100
1130
1042
1096
1213
1106
1065
1090
1095
1090
1084
1047
921
1206
1125
1154
1204
1134
1150
1105
1151
1100
1085
1114
1070
1127
1099
1042
1059
1090
1078
1080
1163
1067
1131
991
1157
1090
1047
1104
1075
1118
1064
1059
1037
1082
971
1056
1035
1025
993
1079
1059
1027
1056
1058
1098
1045
1064
944
1082
1014
1014
1074
1074
1009
1028
1019
996
1047
1025
999
1117
1002
1025
1032
991
1014
1011
957
1003
1019
991
955
999
989
968
933
986
1022
953
876
904
912
1032
938
991
944
962
985
994
959
937
880
962
938
971
866
990
941
967
946
934
909
879
906
899
931
912
945
923
904
908
897
848
899
885
854
890
847
939
865
891
925
884
848
880
922
833
827
743
834
806
840
917
876
850
823
797
880
864
847
786
814
834
748
788
840
818
788
858
810
816
777
755
766
808
776
777
805
801
758
781
787
773
795
804
776
759
787
800
725
756
786
748
776
725
639
747
729
763
749
764
750
788
716
746
693
738
801
780
705
719
683
682
675
699
721
736
656
703
675
686
757
683
665
700
740
665
586
646
700
690
669
672
653
636
681
712
648
626
667
643
638
700
664
667
660
656
659
657
633
624
622
639
595
621
614
632
623
581
610
617
647
627
578
612
604
608
611
623
575
591
583
619
603
574
558
481
561
596
561
590
605
524
519
599
505
581
551
602
581
571
516
523
479
536
521
577
530
517
497
541
575
553
485
526
519
476
523
540
528
533
567
523
492
530
491
512
522
484
519
469
500
465
449
502
495
485
519
504
464
481
474
482
527
520
474
467
425
454
473
494
448
462
469
479
459
419
468
408
463
419
402
424
393
434
378
385
423
470
408
445
407
415
404
430
448
407
418
388
409
379
432
373
405
363
384
396
351
409
386
426
363
385
368
385
347
392
368
393
384
379
363
359
369
344
368
347
349
373
359
369
375
337
359
316
357
360
349
374
322
364
349
349
363
375
327
331
326
354
301
342
318
337
331
335
298
330
319
298
307
300
298
344
310
280
285
283
304
300
291
308
318
284
297
296
287
310
283
284
313
277
235
279
297
279
250
274
278
267
278
296
260
258
289
314
271
248
255
267
250
246
262
273
255
260
262
265
230
242
242
224
249
252
212
213
219
230
213
253
233
219
220
259
255
224
217
246
232
229
190
210
251
212
188
204
225
226
218
216
217
221
203
227
221
212
198
203
221
225
209
182
222
216
205
229
183
202
195
208
210
210
165
175
172
189
191
187
183
200
173
172
205
145
178
193
182
156
163
167
172
149
190
187
184
151
169
160
141
170
166
146
149
144
175
166
128
150
148
150
158
141
168
150
147
157
150
164
152
148
156
143
137
134
130
153
139
131
135
133
144
128
133
143
132
149
140
149
144
128
135
127
143
115
112
148
129
120
131
147
139
120
103
100
115
131
124
115
138
109
107
109
116
108
127
129
101
110
91
107
119
109
113
128
110
108
97
107
104
106
108
114
108
101
94
101
97
107
113
107
89
113
85
107
89
97
97
100
86
102
78
68
83
80
94
92
89
85
102
76
83
81
85
79
89
69
95
81
82
77
69
75
76
75
94
80
72
64
64
75
82
84
67
70
87
69
71
82
62
72
56
72
74
90
61
72
75
60
64
75
72
78
50
77
69
66
66
56
58
60
43
60
49
60
56
67
56
65
68
76
65
60
49
60
59
55
45
60
54
55
47
44
55
51
58
58
50
55
54
58
66
58
59
54
52
55
52
46
59
42
49
60
44
58
45
48
55
40
44
42
49
38
50
43
39
36
39
52
60
36
44
36
46
53
38
37
30
38
37
40
38
41
44
44
48
37
40
43
39
32
34
27
59
32
29
40
41
25
33
42
38
38
36
32
37
23
37
28
28
34
27
29
29
32
30
27
19
41
29
27
28
27
26
33
27
28
23
31
26
23
21
23
26
26
25
34
20
33
26
34
20
30
19
27
11
26
32
28
24
20
28
25
24
28
25
28
16
28
29
19
17
24
25
22
20
17
33
25
24
21
25
25
18
16
21
15
28
17
21
22
18
18
21
17
21
20
23
15
19
15
22
15
20
18
17
23
20
22
18
17
30
16
16
15
16
21
18
8
21
17
16
14
16
16
13
17
17
14
14
11
17
18
10
16
9
8
14
18
12
8
13
14
11
18
16
9
10
7
8
14
14
13
20
16
12
11
10
9
13
11
12
7
10
12
9
10
9
12
9
11
11
16
8
10
11
11
13
14
8
7
9
8
14
4
12
9
8
14
6
10
6
9
12
6
10
5
3
9
12
10
8
9
6
8
7
6
9
7
9
12
9
3
4
6
5
7
7
6
7
12
5
9
7
8
10
5
7
6
4
6
6
5
4
3
4
0
8
4
6
4
1
3
4
2
5
3
8
6
7
6
6
7
6
4
6
8
6
5
2
12
6
4
9
9
4
6
6
7
5
5
7
4
8
6
7
4
3
4
5
1
3
5
9
7
4
2
1
7
5
4
5
4
2
1
4
1
4
2
4
1
7
4
3
4
4
4
6
2
3
1
3
9
3
3
0
3
0
3
3
1
2
4
2
4
3
1
2
3
4
3
0
2
1
3
3
2
2
6
2
2
3
1
4
6
2
3
2
0
1
3
1
0
1
4
2
2
1
2
1
4
1
2
5
1
0
2
3
2
1
2
3
4
0
1
6
1
1
6
5
0
2
1
2
0
2
6
5
2
4
1
0
1
0
1
5
2
2
2
1
1
2
2
4
1
0
3
0
1
3
0
2
0
0
0
1
0
1
3
0
1
2
0
1
4
2
0
1
0
0
5
1
0
2
2
1
1
2
4
3
0
2
1
0
2
3
0
1
0
1
0
0
1
2
0
0
0
2
0
1
0
0
1
1
0
0
0
0
1
2
0
0
0
2
0
1
0
1
2
0
0
0
1
1
0
2
0
1
3
0
0
0
1
2
0
1
1
2
0
1
0
0
1
0
1
1
0
0
1
3
1
1
0
0
0
1
1
0
2
0
0
1
1
1
0
0
1
0
0
0
0
1
4
1
0
0
0
1
0
0
0
0
1
0
1
0
1
0
0
0
1
0
0
1
0
0
0
0
1
0
0
0
1
0
0
0
0
0
0
1
0
1
0
0
0
2
0
0
0
1
0
0
0
0
0
0
1
0
0
1
1
0
0
0
0
0
0
1
1
0
0
1
0
0
0
0
0
0
0
0
0
0
0
0
0
0
1
0
0
0
0
0
1
0
0
1
0
1
0
0
1
0
0
0
0
0
0
0
0
0
0
0
0
0
0
0
0
0
0
1
0
0
0
0
0
0
0
0
0
0
0
0
0
0
0
1
0
0
0
1
0
0
2
0
0
0
0
0
0
0
0
0
1
0
0
0
0
0
0
1
0
0
0
0
1
0
1
0
0
0
0
0
1
0
0
0
0
0
0
0
0
0
0
0
1
0
1
0
0
1
0
0
0
0
1
0
0
0
0
0
0
0
0
0
0
0
0
0
0
0
0
0
0
0
0
0
0
0
0
0
0
0
0
0
0
0
0
0
0
0
0
0
0
0
0
0
0
0
0
0
0
0
0
0
0
0
0
0
1
0
0
0
1
0
0
0
0
1
0
0
0
0
0
0
0
0
0
0
0
0
0
0
1
0
0
0
0
0
0
0
0
0
0
0
0
0
0
0
0
0
0
0
0
0
0
0
0
0
0
0
0
0
0
0
0
0
0
0
0
0
0
0
0
1
0
0
0
0
0
0
0
0
0
0
0
0
0
0
0
0
0
0
0
0
1
0
0
0
0
0
0
0
0
0
0
0
0
0
1
0
0
0
0
0
0
0
0
0
0
0
0
0
0
0
0
0
0
0
0
0
0
0
0
0
0
0
0
0
0
0
0
0
0
0
0
0
0
0
0
0
0
0
0
0
0
0
0
0
0
0
0
0
0
0
0
0
0
0
0
0
0
0
0
0
0
0
0
0
0
0
0
0
0
0
0
0
0
0
0
0
0
0
0
0
0
0
0
0
0
0
0
0
0
0
0
0
0
0
0
0
0
0
0
0
0
0
0
0
0
0
0
0
0
0
0
0
0
0
0
0
0
0
0
0
0
0
0
0
0
0
0
0
0
0
0
0
0
0
0
0
0
0
0
0
0
0
0
0
0
0
0
0
0
0
0
0
0
0
0
0
0
0
0
0
0
0
0
0
0
0
0
0
0
0
0
0
0
0
0
0
0
0
0
0
0
0
0
0
0
0
0
0
0
0
0
0
0
0
0
0
0
0
0
0
0
0
0
0
0
0
0
0
0
0
0
0
0
0
0
0
0
0
0
0
0
0
0
0
0
0
0
0
0
0
0
0
0
0
0
0
0
0
0
0
0
0
0
0
0
0
0
0
0
0
0
0
0
0
0
0
0
0
0
0
0
0
0
0
0
0
0
0
0
0
0
0
0
0
0
0
0
0
0
0
0
0
0
0
0
0
0
0
0
0
0
0
0
0
0
0
0
0
0
0
0
0
0
0
0
0
0
0
0
0
0
0
0
0
0
0
0
0
0
0
0
0
0
0
0
0
0
0
0
0
0
0
0
0
0
0
0
0
0
0
0
0
0
0
0
0
0
0
0
0
0
0
0
0
0
0
0
0
0
0
0
0
0
0
0
0
0
0
0
0
0
0
0
0
0
0
0
0
0
0
0
0
0
0
0
0
0
0
0
0
0
0
0
0
0
0
0
0
0
0
0
0
0
0
0
0
0
0
0
0
0
0
0
0
0
0
0
0
0
0
0
0
0
0
0
0
0
0
0
0
0
0
0
0
0
0
0
0
0
0
0
0
0
0
0
0
0
0
0
0
0
0
0
0
0
0
0
0
0
0
0
0
0
0
0
0
0
0
0
0
0
0
0
0
0
0
0
0
0
0
0
0
0
0
0
0
0
0
0
0
0
0
0
0
0
0
0
0
0
0
0
0
0
0
0
0
0
0
0
0
0
0
0
0
0
0
0
0
0
0
0
0
0
0
0
0
0
0
0
0
0
0
0
0
0
0
0
0
0
0
0
0
0
0
0
0
0
0
0
0
0
0
0
0
0
0
0
0
0
0
0
0
0
0
0
0
0
0
0
0
0
0
0
0
0
0
0
0
0
0
0
0
0
0
0
0
0
0
0
0
0
0
0
0
0
0
0
0
0
0
0
0
0
0
0
0
0
0
0
0
0
0
0
0
0
0
0
0
0
0
0
0
0
0
0
0
0
0
0
0
0
0
0
0
0
0
0
0
0
0
0
0
0
0
0
0
0
0
0
0
0
0
0
0
0
0
0
0
0
0
0
0
0
0
0
0
0
0
0
0
0
0
0
0
0
0
0
0
0
0
0
0
0
0
0
0
0
0
0
0
0
0
0
0
0
0
0
0
0
0
0
0
0
0
0
0
0
0
0
0
0
0
0
0
0
0
0
0
0
0
0
0
0
0
0
0
0
0
0
0
0
0
0
0
0
0
0
0
0
0
0
0
0
0
0
0
0
0
0
0
0
0
0
0
0
0
0
0
0
0
0
0
0
0
0
0
0
0
0
0
0
0
0
0
0
0
0
0
0
0
0
0
0
0
0
0
0
0
0
0
0
0
0
0
0
0
0
0
0
0
0
0
0
0
0
0
0
0
0
0
0
0
0
0
0
0
0
0
0
0
0
0
0
0
0
0
0
0
0
0
0
0
0
0
0
0
0
0
0
0
0
0
0
0
0
0
0
0
0
0
0
0
0
0
0
0
0
0
0
0
0
0
0
0
0
0
0
0
0
0
0
0
0
0
0
0
0
0
0
0
0
0
0
0
0
0
0
0
0
0
0
0
0
0
0
0
0
0
0
0
0
0
0
0
0
0
0
0
0
0
0
0
0
0
0
0
0
0
0
0
0
0
0
0
0
0
0
0
0
0
0
0
0
0
0
0
0
0
0
0
0
0
0
0
0
0
0
0
0
0
0
0
0
0
0
0
0
0
0
0
0
0
0
0
0
0
0
0
0
0
0
0
0
0
0
0
0
0
0
0
0
0
0
0
0
0
0
0
0
0
0
0
0
0
0
0
0
0
0
0
0
0
0
0
0
0
0
0
0
0
0
0
0
0
0
0
0
0
0
0
0
0
0
0
0
0
0
0
0
0
0
0
0
0
0
0
0
0
0
0
0
0
0
0
0
0
0
0
0
0
0
0
0
0
0
0
0
0
0
0
0
0
0
0
0
0
0
0
0
0
0
0
0
0
0
0
0
0
0
0
0
0
0
0
0
0
0
0
0
0
0
0
0
0
0
0
0
0
0
0
0
0
0
0
0
0
0
0
0
0
0
0
0
0
0
0
0
0
0
0
0
0
0
0
0
0
0
0
0
0
0
0
0
0
0
0
0
0
0
0
0
0
0
0
0
0
0
0
0
0
0
0
0
0
0
0
0
0
0
0
0
0
0
0
0
0
0
0
0
0
0
0
0
0
0
0
0
0
0
0
0
0
0
0
0
0
0
0
0
0
0
0
0
0
0
0
0
0
0
0
0
0
0
0
0
0
0
0
0
0
0
0
0
0
0
0
0
0
0
0
0
0
0
0
0
0
0
0
0
0
0
0
0
0
0
0
0
0
0
0
0
0
0
0
0
0
0
0
0
0
0
0
0
0
0
0
0
0
0
0
0
0
0
0
0
0
0
0
0
0
0
0
0
0
0
0
0
0
0
0
0
0
0
0
0
0
0
0
0
0
0
0
0
0
0
0
0
0
0
0
0
0
0
0
0
0
0
0
0
0
0
0
0
0
0
0
0
0
0
0
0
0
0
0
0
0
0
0
0
0
0
0
0
0
0
0
0
0
0
0
0
0
0
0
0
0
0
0
0
0
0
0
0
0
0
0
0
0
0
0
0
0
0
0
0
0
0
0
0
0
0
0
0
0
0
0
0
0
0
0
0
0
0
0
0
0
0
0
0
0
0
0
0
0
0
0
0
0
0
0
0
0
0
0
0
0
0
0
0
0
0
0
0
0
0
0
0
0
0
0
0
0
0
0
0
0
0
0
0
0
0
0
0
0
0
0
0
0
0
0
0
0
0
0
0
0
0
0
0
0
0
0
0
0
0
0
0
0
0
0
0
0
0
0
0
0
0
0
0
0
0
0
0
0
0
0
0
0
0
0
0
0
0
0
0
0
0
0
0
0
0
0
0
0
0
0
0
0
0
0
0
0
0
0
0
0
0
0
0
0
0
0
0
0
0
0
0
0
0
0
0
0
0
0
0
0
0
0
0
0
0
0
0
0
0
0
0
0
0
0
0
0
0
0
0
0
0
0
0
0
0
0
0
0
0
0
0
0
0
0
0
0
0
0
0
0
0
0
0
0
0
0
0
0
0
0
0
0
0
0
0
0
0
0
0
0
0
0
0
0
0
0
0
0
0
0
0
0
0
0
0
0
0
0
0
0
0
0
0
0
0
0
0
0
0
0
0
0
0
0
0
0
0
0
0
0
0
0
0
0
0
0
0
0
0
0
0
0
0
0
0
0
0
0
0
0
0
0
0
0
0
0
0
0
0
0
0
0
0
0
0
0
0
0
0
0
0
0
0
0
0
0
0
0
0
0
0
0
0
0
0
0
0
0
0
0
0
0
0
0
0
0
0
0
0
0
0
0
0
0
0
0
0
0
0
0
0
0
0
0
0
0
0
0
0
0
0
0
0
0
0
0
0
0
0
0
0
0
0
0
0
0
0
0
0
0
0
0
0
0
0
0
0
0
0
0
0
0
0
0
0
0
0
0
0
0
0
0
0
0
0
0
0
0
0
0
0
0
0
0
0
0
0
0
0
0
0
0
0
0
0
0
0
0
0
0
0
0
0
0
0
0
0
0
0
0
0
0
0
0
0
0
0
0
0
0
0
0
0
0
0
0
0
0
0
0
0
0
0
0
0
0
0
0
0
0
0
0
0
0
0
0
0
0
0
0
0
0
0
0
0
0
0
0
0
0
0
0
0
0
0
0
0
0
0
0
0
0
0
0
0
0
0
0
0
0
0
0
0
0
0
0
0
0
0
0
0
0
0
0
0
0
0
0
0
0
0
0
0
0
0
0
0
0
0
0
0
0
0
0
0
0
0
0
0
0
0
0
0
0
0
0
0
0
0
0
0
0
0
0
0
0
0
0
0
0
0
0
0
0
0
0
0
0
0
0
0
0
0
0
0
0
0
0
0
0
0
0
0
0
0
0
0
0
0
0
0
0
0
0
0
0
0
0
0
0
0
0
0
0
0
0
0
0
0
0
0
0
0
0
0
0
0
0
0
0
0
0
0
0
0
0
0
0
0
0
0
0
0
0
0
0
0
0
0
0
0
0
0
0
0
0
0
0
0
0
0
0
0
0
0
0
0
0
0
0
0
0
0
0
0
0
0
0
0
0
0
0
0
0
0
0
0
0
0
0
0
0
0
0
0
0
0
0
0
0
0
0
0
0
0
0
0
0
0
0
0
0
0
0
0
0
0
0
0
0
0
0
0
0
0
0
0
0
0
0
0
0
0
0
0
0
0
0
0
0
0
0
0
0
0
0
0
0
0
0
0
0
0
0
0
0
0
0
0
0
0
0
0
0
0
0
0
0
0
0
0
0
0
0
0
0
0
0
0
0
0
0
0
0
0
0
0
0
0
0
0
0
0
0
0
0
0
0
0
0
0
0
0
0
0
0
0
0
0
0
0
0
0
0
0
0
0
0
0
0
0
0
0
0
0
0
0
0
0
0
0
0
0
0
0
0
0
0
0
0
0
0
0
0
0
0
0
0
0
0
0
0
0
0
0
0
0
0
0
0
0
0
0
0
0
0
0
0
0
0
0
0
0
0
0
0
0
0
0
0
0
0
0
0
0
0
0
0
0
0
0
0
0
0
0
0
0
0
0
0
0
0
0
0
0
0
0
0
0
0
0
0
0
0
0
0
0
0
0
0
0
0
0
0
0
0
0
0
0
0
0
0
0
0
0
0
0
0
0
0
0
0
0
0
0
0
0
0
0
0
0
0
0
0
0
0
0
0
0
0
0
0
0
0
0
0
0
0
0
0
0
0
0
0
0
0
0
0
0
0
0
0
0
0
0
0
0
0
0
0
0
0
0
0
0
0
0
0
0
0
0
0
0
0
0
0
0
0
0
0
0
0
0
0
0
0
0
0
0
0
0
0
0
0
0
0
0
0
0
0
0
0
0
0
0
0
0
0
0
0
0
0
0
0
0
0
0
0
0
0
0
0
0
0
0
0
0
0
0
0
0
0
0
0
0
0
0
0
0
0
0
0
0
0
0
0
0
0
0
0
0
0
0
0
0
0
0
0
0
0
0
0
0
0
0
0
0
0
0
0
0
0
0
0
0
0
0
0
0
0
0
0
0
0
0
0
0
0
0
0
0
0
0
0
0
0
0
0
0
0
0
0
0
0
0
0
0
0
0
0
0
0
0
0
0
0
0
0
0
0
0
0
0
0
0
0
0
0
0
0
0
0
0
0
0
0
0
0
0
0
0
0
0
0
0
0
0
0
0
0
0
0
0
0
0
0
0
0
0
0
0
0
0
0
0
0
0
0
0
0
0
0
0
0
0
0
0
0
0
0
0
0
0
0
0
0
0
0
0
0
0
0
0
0
0
0
0
0
0
0
0
0
0
0
0
0
0
0
0
0
0
0
0
0
0
0
0
0
0
0
0
0
0
0
0
0
0
0
0
0
0
0
0
0
0
0
0
0
0
0
0
0
0
0
0
0
0
0
0
0
0
0
0
0
0
0
0
0
0
0
0
0
0
0
0
0
0
0
0
0
0
0
0
0
0
0
0
0
0
0
0
0
0
0
0
0
0
0
0
0
0
0
0
0
0
0
0
0
0
0
0
0
0
0
0
0
0
0
0
0
0
0
0
0
0
0
0
0
0
0
0
0
0
0
0
0
0
0
0
0
0
0
0
0
0
0
0
0
0
0
0
0
0
0
0
0
0
0
0
0
0
0
0
0
0
0
0
0
0
0
0
0
0
0
0
0
0
0
0
0
0
0
0
0
0
0
0
0
0
0
0
0
0
0
0
0
0
0
0
0
0
0
0
0
0
0
0
0
0
0
0
0
0
0
0
0
0
0
0
0
0
0
0
0
0
0
0
0
0
0
0
0
0
0
0
0
0
0
0
0
0
0
0
0
0
0
0
0
0
0
0
0
0
0
0
0
0
0
0
0
0
0
0
0
0
0
0
0
0
0
0
0
0
0
0
0
0
0
0
0
0
0
0
0
0
0
0
0
0
0
0
0
0
0
0
0
0
0
0
0
0
0
0
0
0
0
0
0
0
0
0
0
0
0
0
0
0
0
0
0
0
0
0
0
0
0
0
0
0
0
0
0
0
0
0
0
0
0
0
0
0
0
0
0
0
0
0
0
0
0
0
0
0
0
0
0
0
0
0
0
0
0
0
0
0
0
0
0
0
0
0
0
0
0
0
0
0
0
0
0
0
0
0
0
0
0
0
0
0
0
0
0
0
0
0
0
0
0
0
0
0
0
0
0
0
0
0
0
0
0
0
0
0
0
0
0
0
0
0
0
0
0
0
0
0
0
0
0
0
0
0
0
0
0
0
0
0
0
0
0
0
0
0
0
0
0
0
0
0
0
0
0
0
0
0
0
0
0
0
0
0
0
0
0
0
0
0
0
0
0
0
0
0
0
0
0
0
0
0
0
0
0
0
0
0
0
0
0
0
0
0
0
0
0
0
0
0
0
0
0
0
0
0
0
0
0
0
0
0
0
0
0
0
0
0
0
0
0
0
0
0
0
0
0
0
0
0
0
0
0
0
0
0
0
0
0
0
0
0
0
0
0
0
0
0
0
0
0
0
0
0
0
0
0
0
0
0
0
0
0
0
0
0
0
0
0
0
0
0
0
0
0
0
0
0
0
0
0
0
0
0
0
0
0
0
0
0
0
0
0
0
0
0
0
0
0
0
0
0
0
0
0
0
0
0
0
0
0
0
0
0
0
0
0
0
0
0
0
0
0
0
0
0
0
0
0
0
0
0
0
0
0
0
0
0
0
0
0
0
0
0
0
0
0
0
0
0
0
0
0
0
0
0
0
0
0
0
0
0
0
0
0
0
0
0
0
0
0
0
0
0
0
0
0
0
0
0
0
0
0
0
0
0
0
0
0
0
0
0
0
0
0
0
0
0
0
0
0
0
0
0
0
0
0
0
0
0
0
0
0
0
0
0
0
0
0
0
0
0
0
0
0
0
0
0
0
0
0
0
0
0
0
0
0
0
0
0
0
0
0
0
0
0
0
0
0
0
0
0
0
0
0
0
0
0
0
0
0
0
0
0
0
0
0
0
0
0
0
0
0
0
0
0
0
0
0
0
0
0
0
0
0
0
0
0
0
0
0
0
0
0
0
0
0
0
0
0
0
0
0
0
0
0
0
0
0
0
0
0
0
0
0
0
0
0
0
0
0
0
0
0
0
0
0
0
0
0
0
0
0
0
0
0
0
0
0
0
0
0
0
0
0
0
0
0
0
0
0
0
0
0
0
0
0
0
0
0
0
0
0
0
0
0
0
0
0
0
0
0
0
0
0
0
0
0
0
0
0
0
0
0
0
0
0
0
0
0
0
0
0
0
0
0
0
0
0
0
0
0
0
0
0
0
0
0
0
0
0
0
0
0
0
0
0
0
0
0
0
0
0
0
0
0
0
0
0
0
0
0
0
0
0
0
0
0
0
0
0
0
0
0
0
0
0
0
0
0
0
0
0
0
0
0
0
0
0
0
0
0
0
0
0
0
0
0
0
0
0
0
0
0
0
0
0
0
0
0
0
0
0
0
0
0
0
0
0
0
0
0
0
0
0
0
0
0
0
0
0
0
0
0
0
0
0
0
0
0
0
0
0
0
0
0
0
0
0
0
0
0
0
0
0
0
0
0
0
0
0
0
0
0
0
0
0
0
0
0
0
0
0
0
0
0
0
0
0
0
0
0
0
0
0
0
0
0
0
0
0
0
0
0
0
0
0
0
0
0
0
0
0
0
0
0
0
0
0
0
0
0
0
0
0
0
0
0
0
0
0
0
0
0
0
0
0
0
0
0
0
0
0
0
0
0
0
0
0
0
0
0
0
0
0
0
0
0
0
0
0
0
0
0
0
0
0
0
0
0
0
0
0
0
0
0
0
0
0
0
0
0
0
0
0
0
0
0
0
0
0
0
0
0
0
0
0
0
0
0
0
0
0
0
0
0
0
0
0
0
0
0
0
0
0
0
0
0
0
0
0
0
0
0
0
0
0
0
0
0
0
0
0
0
0
0
0
0
0
0
0
0
0
0
0
0
0
0
0
0
0
0
0
0
0
0
0
0
0
0
0
0
0
0
0
0
0
0
0
0
0
0
0
0
0
0
0
0
0
0
0
0
0
0
0
0
0
0
0
0
0
0
0
0
0
0
0
0
0
0
0
0
0
0
0
0
0
0
0
0
0
0
0
0
0
0
0
0
0
0
0
0
0
0
0
0
0
0
0
0
0
0
0
0
0
0
0
0
0
0
0
0
0
0
0
0
0
0
0
0
0
0
0
0
0
0
0
0
0
0
0
0
0
0
0
0
0
0
0
0
0
0
0
0
0
0
0
0
0
0
0
0
0
0
0
0
0
0
0
0
0
0
0
0
0
0
0
0
0
0
0
0
0
0
0
0
0
0
0
0
0
0
0
0
0
0
0
0
0
0
0
0
0
0
0
0
0
0
0
0
0
0
0
0
0
0
0
0
0
0
0
0
0
0
0
0
0
0
0
0
0
0
0
0
0
0
0
0
0
0
0
0
0
0
0
0
0
0
0
0
0
0
0
0
0
0
0
0
0
0
0
0
0
0
0
0
0
0
0
0
0
0
0
0
0
0
0
0
0
0
0
0
0
0
0
0
0
0
0
0
0
0
0
0
0
0
0
0
0
0
0
0
0
0
0
0
0
0
0
0
0
0
0
0
0
0
0
0
0
0
0
0
0
0
0
0
0
0
0
0
0
0
0
0
0
0
0
0
0
0
0
0
0
0
0
0
0
0
0
0
0
0
0
0
0
0
0
0
0
0
0
0
0
0
0
0
0
0
0
0
0
0
0
0
0
0
0
0
0
0
0
0
0
0
0
0
0
0
0
0
0
0
0
0
0
0
0
0
0
0
0
0
0
0
0
0
0
0
0
0
0
0
0
0
0
0
0
0
0
0
0
0
0
0
0
0
0
0
0
0
0
0
0
0
0
0
0
0
0
0
0
0
0
0
0
0
0
0
0
0
0
0
0
0
0
0
0
0
0
0
0
0
0
0
0
0
0
0
0
0
0
0
0
0
0
0
0
0
0
0
0
0
0
0
0
0
0
0
0
0
0
0
0
0
0
0
0
0
0
0
0
0
0
0
0
0
0
0
0
0
0
0
0
0
0
0
0
0
0
0
0
0
0
0
0
0
0
0
0
0
0
0
0
0
0
0
0
0
0
0
0
0
0
0
0
0
0
0
0
0
0
0
0
0
0
0
0
0
0
0
0
0
0
0
0
0
0
0
0
0
0
0
0
0
0
0
0
0
0
0
0
0
0
0
0
0
0
0
0
0
0
0
0
0
0
0
0
0
0
0
0
0
0
0
0
0
0
0
0
0
0
0
0
0
0
0
0
0
0
0
0
0
0
0
0
0
0
0
0
0
0
0
0
0
0
0
0
0
0
0
0
0
0
0
0
0
0
0
0
0
0
0
0
0
0
0
0
0
0
0
0
0
0
0
0
0
0
0
0
0
0
0
0
0
0
0
0
0
0
0
0
0
0
0
0
0
0
0
0
0
0
0
0
0
0
0
0
0
0
0
0
0
0
0
0
0
0
0
0
0
0
0
0
0
0
0
0
0
0
0
0
0
0
0
0
0
0
0
0
0
0
0
0
0
0
0
0
0
0
0
0
0
0
0
0
0
0
0
0
0
0
0
0
0
0
0
0
0
0
0
0
0
0
0
0
0
0
0
0
0
0
0
0
0
0
0
0
0
0
0
0
0
0
0
0
0
0
0
0
0
0
0
0
0
0
0
0
0
0
0
0
0
0
0
0
0
0
0
0
0
0
0
0
0
0
0
0
0
0
0
0
0
0
0
0
0
0
0
0
0
0
0
0
0
0
0
0
0
0
0
0
0
0
0
0
0
0
0
0
0
0
0
0
0
0
0
0
0
0
0
0
0
0
0
0
0
0
0
0
0
0
0
0
0
0
0
0
0
0
0
0
0
0
0
0
0
0
0
0
0
0
0
0
0
0
0
0
0
0
0
0
0
0
0
0
0
0
0
0
0
0
0
0
0
0
0
0
0
0
0
0
0
0
0
0
0
0
0
0
0
0
0
0
0
0
0
0
0
0
0
0
0
0
0
0
0
0
0
0
0
0
0
0
0
0
0
0
0
0
0
0
0
0
0
0
0
0
0
0
0
0
0
0
0
0
0
0
0
0
0
0
0
0
0
0
0
0
0
0
0
0
0
0
0
0
0
0
0
0
0
0
0
0
0
0
0
0
0
0
0
0
0
0
0
0
0
0
0
0
0
0
0
0
0
0
0
0
0
0
0
0
0
0
0
0
0
0
0
0
0
0
0
0
0
0
0
0
0
0
0
0
0
0
0
0
0
0
0
0
0
0
0
0
0
0
0
0
0
0
0
0
0
0
0
0
0
0
0
0
0
0
0
0
0
0
0
0
0
0
0
0
0
0
0
0
0
0
0
0
0
0
0
0
0
0
0
0
0
0
0
0
0
0
0
0
0
0
0
0
0
0
0
0
0
0
0
0
0
0
0
0
0
0
0
0
0
0
0
0
0
0
0
0
0
0
0
0
0
0
0
0
0
0
0
0
0
0
0
0
0
0
0
0
0
0
0
0
0
0
0
0
0
0
0
0
0
0
0
0
0
0
0
0
0
0
0
0
0
0
0
0
0
0
0
0
0
0
0
0
0
0
0
0
0
0
0
0
0
0
0
0
0
0
0
0
0
0
0
0
0
0
0
0
0
0
0
0
0
0
0
0
0
0
0
0
0
0
0
0
0
0
0
0
0
0
0
0
0
0
0
0
0
0
0
0
0
0
0
0
0
0
0
0
0
0
0
0
0
0
0
0
0
0
0
0
0
0
0
0
0
0
0
0
0
0
0
0
0
0
0
0
0
0
0
0
0
0
0
0
0
0
0
0
0
0
0
0
0
0
0
0
0
0
0
0
0
0
0
0
0
0
0
0
0
0
0
0
0
0
0
0
0
0
0
0
0
0
0
0
0
0
0
