0
0
0
0
0
0
0
0
0
0
0
0
0
0
0
0
0
0
0
0
0
0
0
0
0
0
0
0
0
0
0
0
0
0
0
0
0
0
0
1
0
0
0
0
0
0
0
0
0
0
0
0
0
0
0
0
0
0
0
0
0
0
0
0
0
0
0
0
0
0
0
0
1
0
0
0
0
0
0
0
0
0
0
0
0
0
0
0
0
0
0
0
0
0
0
0
0
0
0
0
0
0
0
0
0
0
0
0
0
0
0
0
0
0
0
0
0
0
0
0
0
0
0
0
0
0
0
0
0
0
0
0
0
0
0
0
0
0
0
0
0
0
0
0
0
0
0
0
0
0
0
0
0
0
1
1
0
0
0
0
0
0
0
0
0
0
0
0
0
0
0
0
0
0
0
0
0
0
0
0
0
0
1
0
0
0
0
0
0
0
0
0
0
0
1
0
1
0
0
0
0
0
0
0
0
0
0
0
0
0
0
0
0
0
0
0
0
0
0
1
0
1
1
0
0
0
0
0
0
0
0
0
0
0
1
0
0
0
0
0
1
0
0
0
0
0
0
0
1
0
0
0
0
0
1
1
1
0
1
1
0
0
0
0
0
0
0
1
0
0
0
0
1
0
1
2
0
1
0
0
0
0
1
0
0
0
1
0
0
0
0
0
1
0
1
0
0
0
0
2
0
0
0
2
0
0
1
0
0
0
2
0
0
0
0
2
0
1
0
4
0
0
1
0
0
0
1
1
0
1
0
0
0
2
0
1
1
1
1
2
0
2
0
1
0
0
0
0
0
0
1
0
0
1
0
0
2
1
1
1
2
0
3
0
1
0
1
1
2
2
0
1
0
2
4
1
1
0
0
2
4
2
1
1
2
1
1
0
2
1
1
2
2
2
4
0
1
1
3
1
1
0
1
0
3
2
0
1
1
0
1
2
0
1
3
3
4
2
2
1
2
3
1
1
2
2
0
3
2
4
1
3
4
3
1
3
1
1
1
0
1
2
3
6
0
3
5
4
3
1
1
2
2
1
3
0
2
2
3
5
3
0
1
3
1
5
3
3
1
4
7
3
3
3
4
4
2
4
5
2
4
2
5
2
4
3
5
2
4
1
4
6
4
1
3
3
1
6
5
4
7
4
3
1
4
5
3
5
3
3
2
6
6
5
7
6
5
7
6
3
6
3
3
8
3
3
11
5
8
2
11
8
8
1
10
4
6
7
6
9
5
6
2
3
10
10
5
10
7
0
5
8
7
3
7
4
7
6
8
13
5
10
6
7
10
11
9
15
12
9
10
5
7
7
17
6
8
8
4
15
9
9
11
12
10
8
10
14
10
10
12
15
12
14
6
17
20
12
6
6
9
11
12
12
14
14
9
7
9
10
10
13
16
16
14
18
18
12
10
7
13
14
17
17
13
13
15
12
14
14
14
15
21
10
16
17
14
22
19
14
18
16
22
25
21
14
17
16
9
21
21
14
16
17
11
14
24
21
14
16
20
20
25
21
14
18
15
12
18
15
11
24
26
26
18
23
19
16
28
28
27
29
32
26
18
26
27
25
28
29
24
27
11
19
25
23
27
24
19
25
32
30
35
23
36
26
26
27
18
33
23
38
31
30
22
30
32
40
23
24
37
29
30
35
31
33
28
37
30
35
50
33
26
29
41
32
37
29
33
36
32
32
40
39
37
46
26
34
42
29
46
38
41
43
40
51
28
28
55
33
50
34
39
35
39
46
48
45
39
37
40
52
49
51
50
44
47
52
37
53
46
48
47
56
54
47
49
58
52
55
56
51
57
45
53
52
61
58
44
56
57
50
43
65
55
58
73
59
71
60
69
77
57
69
46
66
59
69
77
59
71
60
68
48
62
93
70
57
67
71
70
71
69
71
80
72
78
81
68
78
70
66
77
75
69
76
85
73
78
89
89
76
81
90
74
87
82
88
79
79
77
82
76
82
96
88
98
92
97
106
94
80
101
110
72
71
74
86
95
82
96
95
87
96
90
96
105
100
106
105
97
101
98
107
125
102
98
109
115
91
103
105
121
95
122
113
112
114
131
93
133
123
128
120
119
135
127
122
109
126
116
115
121
118
109
133
119
121
135
135
121
129
131
114
132
150
143
130
124
116
134
146
123
134
148
143
132
119
152
125
153
133
173
143
137
141
135
155
123
163
172
153
130
165
155
158
158
155
151
172
172
177
170
172
175
172
191
152
163
182
156
185
173
180
151
159
185
168
178
168
176
179
189
198
170
172
204
167
180
193
177
173
160
159
195
193
181
181
195
197
194
205
196
197
188
218
193
178
193
182
198
197
191
206
221
223
209
223
202
218
188
219
227
235
210
227
215
238
242
263
224
249
208
252
232
199
234
249
232
247
237
181
236
248
261
238
268
258
258
245
237
247
255
237
257
236
253
286
264
252
283
248
271
261
252
260
273
282
278
271
280
277
276
290
273
260
302
285
274
279
294
271
284
312
311
295
272
278
278
288
298
295
318
299
316
293
319
298
308
346
327
322
319
316
320
311
337
339
343
337
282
382
330
337
333
300
343
359
327
381
321
288
350
349
321
337
344
343
363
327
337
343
348
345
357
375
362
358
392
361
361
396
394
364
394
363
382
364
362
372
417
402
364
368
350
362
366
389
406
389
410
445
412
434
355
401
419
385
422
365
417
407
449
406
406
403
422
415
430
438
394
465
427
429
393
438
450
419
409
479
447
428
436
456
425
435
451
502
464
455
452
456
465
468
475
468
488
459
439
456
456
460
463
460
494
455
465
477
508
490
477
505
503
458
468
504
480
477
490
523
508
510
483
513
503
507
528
559
560
492
583
522
526
518
503
530
570
561
456
471
487
552
558
589
538
590
565
556
522
536
504
545
536
520
559
564
550
608
579
556
601
586
552
621
577
556
617
589
605
563
575
585
616
610
562
548
621
619
605
620
595
600
624
614
601
619
619
493
579
607
626
621
604
603
598
692
660
634
619
645
662
613
656
620
671
637
616
642
637
690
635
700
690
626
710
706
664
670
619
687
666
671
701
635
680
648
678
675
690
640
676
677
684
655
576
703
699
703
689
733
704
644
710
779
710
742
666
709
752
713
715
666
751
706
677
789
741
725
740
775
753
759
703
730
729
780
641
673
735
734
737
762
713
694
754
788
752
760
738
790
768
803
801
769
849
777
795
856
762
796
781
783
825
788
792
847
809
777
760
784
827
762
852
779
787
789
751
810
806
808
759
826
852
800
849
646
850
808
856
902
799
825
822
844
806
782
845
852
859
759
807
841
852
850
909
915
821
870
875
873
915
860
898
875
861
834
925
892
889
843
863
913
862
871
831
902
863
845
845
875
860
910
781
845
956
867
851
959
936
906
914
913
831
876
918
954
890
877
935
902
898
916
852
956
902
889
884
944
934
965
919
968
912
953
801
896
926
957
952
976
923
961
927
958
917
931
900
946
957
981
949
975
991
950
994
943
971
974
941
946
996
1013
1052
1006
991
1011
970
979
947
952
990
992
973
945
972
950
1055
985
964
1070
1004
994
977
783
1011
1025
1042
1034
980
1012
963
1060
966
1037
934
1026
978
1029
943
1031
1034
997
1007
1026
996
1008
977
1028
1046
1033
1018
1090
1026
1005
1078
1043
1045
1090
1052
1032
1044
1094
1031
1038
1100
982
1101
1043
1037
1042
942
1074
1046
1029
1082
1070
1089
1045
1070
1042
1053
1009
1046
1045
1035
1080
996
1106
1032
1097
1081
1088
1140
1005
1026
1077
1090
1031
990
1082
1113
1050
968
948
1118
1075
1136
1097
1118
1031
1022
1135
1141
1141
1037
1092
1099
1072
987
1040
1167
1078
1094
1017
1035
1097
1081
1125
1036
1065
1025
1074
1097
1070
1073
1068
1071
1051
1104
1146
1082
1080
1037
1072
1087
1100
1082
1051
1095
1076
1068
889
1106
1091
1111
1149
1173
1060
1018
1067
1129
1086
1102
1055
1044
1066
1031
1056
1105
1108
1085
1179
1119
1152
993
1098
1062
1087
1088
1086
1104
1057
1119
1099
1082
1068
1105
1095
1129
1089
1151
1113
1072
1108
1102
1112
1100
1127
974
1070
1138
1093
1071
1140
1130
1072
1057
1076
1104
1089
1081
1185
1037
981
1056
1155
1144
1051
1083
1135
1023
1008
1102
1083
1094
1072
1082
1182
1157
1136
976
981
1147
1025
1123
1123
1084
1092
1082
1159
1130
1084
1018
1137
1147
1049
1050
1170
1083
1032
1064
1087
1123
1093
1115
1053
1068
1070
1069
1042
1076
1115
1104
1065
1105
1086
1076
1090
1126
1157
1025
1117
1050
1085
1077
1007
998
986
1072
866
1143
1085
1040
1101
1023
1062
1058
1044
1097
1026
1017
1090
1107
1108
1041
1068
1091
1100
1130
1017
1108
1101
1045
1058
1116
1025
1060
1038
1064
1065
1005
1071
1059
1115
1051
1112
1085
1045
1095
1060
982
1075
1054
1135
1048
1067
930
1064
1059
1033
1028
1083
1057
1035
1002
1083
1027
1043
1053
1046
1038
1074
1042
1075
1072
1030
1002
1098
1075
1031
996
1061
1049
1058
1022
1052
1085
1075
974
875
1021
1004
984
1076
1045
992
1018
1038
1066
1020
1017
1048
1053
1021
1046
1094
989
1048
1006
1001
1050
994
985
1013
1028
991
982
983
1028
991
997
995
1002
1054
939
1086
1000
959
984
960
1013
1019
940
999
964
979
965
833
984
957
916
1059
937
953
990
1014
987
965
968
1006
972
995
911
911
964
955
931
1046
954
963
930
1009
922
974
898
971
951
911
946
931
973
942
900
921
909
946
930
965
932
912
923
903
929
938
880
938
913
945
941
952
950
921
875
980
930
876
897
926
870
924
875
922
871
912
929
951
842
918
854
884
898
852
853
882
872
832
764
793
874
909
862
938
904
834
821
952
832
836
879
906
858
829
909
864
838
882
895
900
871
877
802
859
845
845
874
873
821
814
771
799
852
851
834
859
784
830
839
817
807
837
816
831
812
821
856
718
794
808
807
868
838
833
766
784
801
796
810
824
799
840
788
794
824
791
785
782
812
834
794
819
796
721
752
843
777
802
781
773
733
746
803
835
756
797
725
752
770
735
752
798
706
748
728
692
803
744
716
794
777
718
704
731
780
745
750
741
760
703
747
713
691
729
718
769
678
715
693
702
765
740
679
695
725
727
657
648
679
731
725
733
679
700
695
691
658
733
684
671
694
677
642
693
688
626
650
722
684
724
683
642
664
675
631
660
633
673
652
649
624
611
640
681
669
655
590
596
674
609
606
675
676
614
629
542
619
599
637
622
616
646
616
634
622
634
568
606
635
576
588
576
636
598
592
591
640
614
606
624
594
609
592
587
576
592
593
558
569
589
561
590
584
603
596
606
591
596
551
548
548
600
477
531
547
553
557
559
542
542
553
524
546
547
526
541
503
524
512
573
511
532
567
552
540
512
484
531
508
494
516
557
516
502
458
494
515
486
519
519
512
516
550
510
512
504
508
494
466
476
465
514
500
478
481
493
502
465
457
491
439
487
437
473
493
451
454
452
441
541
460
485
447
449
461
496
449
466
463
456
488
448
477
362
423
475
472
431
456
455
471
465
478
437
477
400
439
429
405
405
483
396
420
475
438
400
427
423
416
391
403
422
402
414
391
404
406
391
413
401
371
405
388
421
375
409
368
378
406
385
364
406
408
376
374
398
407
378
349
377
398
367
380
371
387
355
355
382
371
370
346
350
379
343
333
390
340
364
317
329
348
341
324
317
372
308
343
343
319
327
330
332
321
341
323
342
374
343
344
326
303
338
327
325
333
326
311
319
328
304
297
328
323
309
305
320
315
336
303
312
290
306
294
288
312
299
301
309
299
326
302
272
298
291
326
298
303
274
289
278
289
294
246
292
271
284
275
248
265
272
274
260
305
248
272
303
279
276
258
282
277
263
262
289
284
289
259
271
270
268
247
235
266
258
241
270
226
281
216
231
231
235
258
254
234
251
211
237
237
225
235
248
211
231
257
220
244
235
221
240
213
227
202
214
233
225
227
237
210
224
203
191
256
220
227
220
243
204
212
231
225
228
216
215
190
222
201
214
197
201
213
218
212
205
198
219
222
190
194
188
227
190
185
190
200
203
162
175
171
199
205
186
195
212
197
209
167
229
175
147
171
168
183
180
150
165
160
183
172
180
177
182
150
167
154
172
167
155
187
167
159
180
164
181
166
158
171
176
140
165
155
142
146
177
144
169
153
163
148
148
140
139
135
156
151
160
143
152
141
152
148
135
144
137
120
161
139
144
153
130
151
149
146
142
144
135
141
151
132
139
136
144
163
145
141
149
125
117
113
112
136
92
139
145
120
127
124
130
131
129
121
120
126
90
105
124
126
120
113
117
105
121
113
119
100
122
101
137
120
92
97
110
118
108
104
105
100
101
105
99
112
105
117
109
119
101
102
111
124
97
98
109
94
102
96
92
104
94
78
82
93
85
103
97
81
92
87
108
99
90
103
93
107
95
92
83
80
82
99
95
92
100
82
103
84
73
77
102
90
92
76
106
83
90
76
78
80
88
89
89
70
67
78
85
88
83
95
72
72
81
85
70
86
65
76
85
87
48
96
78
64
88
68
81
59
84
84
66
74
73
67
74
86
67
68
78
74
71
75
82
80
61
62
61
72
68
71
76
68
68
60
78
73
72
53
58
57
58
43
58
74
67
65
60
58
68
53
54
61
49
58
61
57
67
51
55
70
44
56
61
56
55
49
49
61
49
66
48
57
48
52
47
53
45
52
46
49
53
49
41
42
43
62
50
46
52
43
52
52
37
59
50
63
48
47
33
46
33
44
50
35
44
45
35
40
44
52
54
44
41
46
43
51
42
37
51
42
46
39
50
31
42
58
40
36
44
33
32
36
30
31
41
34
41
36
45
32
42
46
28
37
34
50
44
38
40
41
35
27
33
35
35
32
31
35
41
40
33
44
28
30
31
34
25
38
41
32
35
36
21
32
35
28
41
30
23
42
38
30
27
20
25
38
14
23
30
28
26
28
24
32
23
23
35
19
25
27
31
25
27
24
26
31
31
21
23
22
23
21
21
19
18
29
16
22
26
22
20
25
24
18
21
27
27
22
23
29
25
24
24
23
24
14
21
20
31
20
22
12
20
23
27
18
12
19
22
16
19
21
9
23
23
23
16
25
19
23
24
24
16
18
29
21
10
19
26
12
23
15
15
21
15
18
16
20
11
17
18
17
10
17
20
14
17
12
19
17
13
13
24
17
13
18
21
12
8
13
16
10
11
16
6
14
15
15
10
17
9
10
13
7
16
11
11
9
14
17
15
5
11
12
14
12
18
14
11
15
14
12
6
10
14
12
13
8
11
13
10
14
13
12
12
11
17
16
16
16
19
9
11
7
15
8
9
5
11
9
10
13
10
12
9
9
4
17
9
10
13
10
9
8
8
6
12
8
7
11
10
9
8
9
10
7
5
7
13
10
4
10
13
2
6
4
10
9
7
7
3
9
8
10
8
11
9
11
15
10
6
7
7
9
11
12
5
6
6
8
6
9
8
6
8
6
3
6
4
6
7
10
11
8
3
8
4
1
7
7
9
7
6
8
10
9
3
1
6
5
6
3
6
7
4
6
8
5
5
4
2
3
4
6
3
6
3
10
5
5
10
4
9
2
5
6
6
6
7
3
7
4
4
4
6
4
2
7
9
6
6
2
5
3
5
7
2
7
4
4
5
4
4
8
6
6
3
5
0
3
0
4
6
4
4
3
4
2
9
9
2
2
5
4
4
3
3
6
4
1
6
5
2
5
2
3
5
3
2
2
3
5
4
2
8
0
2
2
0
2
5
3
1
1
6
6
1
2
3
2
4
4
4
6
5
5
7
5
1
3
0
2
5
5
2
1
1
0
1
0
5
1
3
3
3
2
2
1
1
1
1
3
2
0
5
2
3
1
1
3
2
5
2
3
3
2
3
3
2
1
2
2
3
1
2
1
2
1
1
3
3
2
2
1
1
1
2
1
0
0
1
3
0
1
1
1
0
0
1
1
2
1
3
0
1
4
2
2
4
0
0
0
2
1
5
1
3
4
1
0
2
1
2
3
0
2
1
2
1
0
4
2
5
0
0
4
2
0
2
1
1
1
0
0
1
2
3
0
2
1
2
0
3
1
0
0
0
5
2
1
1
0
1
1
0
3
1
0
3
2
2
1
2
1
0
4
0
0
1
0
1
0
2
0
3
0
2
1
1
1
0
2
0
2
1
3
1
0
2
2
0
1
2
1
0
3
1
1
1
0
1
1
0
0
0
1
1
0
0
0
0
2
0
0
1
0
1
0
0
2
0
2
0
1
0
2
0
0
1
0
0
1
0
2
1
0
1
0
0
0
0
0
1
0
0
0
0
0
0
2
1
0
0
1
0
1
0
0
0
1
1
0
0
0
1
0
1
1
1
1
0
1
1
0
0
0
0
1
0
0
0
0
1
0
0
0
0
0
1
0
0
0
0
2
0
0
1
0
1
0
2
0
0
0
2
0
0
0
0
0
0
0
0
0
0
0
0
0
0
0
0
0
0
0
1
1
0
0
0
0
0
0
0
0
0
0
1
0
0
0
0
1
0
1
1
0
0
0
0
0
0
0
0
0
0
0
0
0
0
0
0
0
0
0
0
0
0
0
0
0
0
0
0
0
0
0
0
0
0
0
0
0
0
0
0
0
1
0
0
0
0
1
0
0
0
0
0
0
0
0
0
1
1
0
0
0
0
0
0
0
0
0
0
0
1
0
0
0
0
0
0
0
0
0
0
0
0
0
0
0
0
0
0
0
0
0
0
0
0
0
0
0
0
0
0
1
0
0
0
0
0
0
0
0
0
0
0
0
0
0
0
0
0
1
1
0
1
0
0
0
0
0
0
0
0
0
0
0
0
0
1
0
0
1
0
0
0
0
0
0
0
0
0
0
0
0
0
0
0
0
0
0
0
0
0
0
0
0
0
0
0
0
0
0
0
0
0
0
0
0
0
0
0
0
0
0
0
0
0
0
0
0
0
0
0
0
0
0
0
0
0
0
0
0
0
0
0
0
0
0
0
0
0
0
0
0
0
0
0
0
0
0
0
0
0
0
0
1
0
0
0
0
0
0
0
0
0
0
0
0
0
0
0
0
0
0
0
0
0
0
0
0
0
0
0
0
0
0
0
0
0
0
0
0
0
0
0
0
0
0
0
0
0
0
0
0
0
0
0
0
0
0
0
0
0
0
0
0
0
0
0
0
0
0
0
0
0
0
0
0
0
0
0
0
0
0
0
0
0
0
0
0
0
0
0
0
0
0
0
0
0
1
0
1
0
0
0
0
0
0
0
0
0
0
0
0
0
0
0
0
0
0
0
0
0
0
0
0
0
0
0
0
0
0
0
0
0
0
0
0
0
0
0
0
0
0
0
0
0
0
0
0
0
1
0
0
0
0
0
0
0
0
0
0
0
0
0
0
0
0
0
0
0
0
0
0
0
0
0
0
0
0
0
0
0
0
0
0
0
0
0
0
0
0
0
0
0
0
0
0
0
0
0
0
0
0
0
0
0
0
0
0
0
0
0
0
0
0
0
0
0
0
0
0
0
0
0
0
0
0
0
0
0
0
0
0
0
0
0
0
0
0
0
0
0
0
0
0
0
0
0
0
0
0
0
0
0
0
0
0
0
0
0
0
0
0
0
0
0
0
0
0
0
0
0
0
0
0
0
0
0
0
0
0
0
0
0
0
0
0
0
0
0
0
0
0
0
0
0
0
0
0
0
0
0
0
0
0
0
0
0
0
0
0
0
0
0
0
0
0
0
0
0
0
0
0
0
0
0
0
0
0
0
0
0
0
0
0
0
0
0
0
0
0
0
0
0
0
0
0
0
0
0
0
0
0
0
0
0
0
0
0
0
0
0
0
0
0
0
0
0
0
0
0
0
0
0
0
0
0
0
0
0
0
0
0
0
0
0
0
0
0
0
0
0
0
0
0
0
0
0
0
0
0
0
0
0
0
0
0
0
0
0
0
0
0
0
0
0
0
0
0
0
0
0
0
0
0
0
0
0
0
0
0
0
0
0
0
0
0
0
0
0
0
0
0
0
0
0
0
0
0
0
0
0
0
0
0
0
0
0
0
0
0
0
0
0
0
0
0
0
0
0
0
0
0
0
0
0
0
0
0
0
0
0
0
0
0
0
0
0
0
0
0
0
0
0
0
0
0
0
0
0
0
0
0
0
0
0
0
0
0
0
0
0
0
0
0
0
0
0
0
0
0
0
0
0
0
0
0
0
0
0
0
0
0
0
0
0
0
0
0
0
0
0
0
0
0
0
0
0
0
0
0
0
0
0
0
0
0
0
0
0
0
0
0
0
0
0
0
0
0
0
0
0
0
0
0
0
0
0
0
0
0
0
0
0
0
0
0
0
0
0
0
0
0
0
0
0
0
0
0
0
0
0
0
0
0
0
0
0
0
0
0
0
0
0
0
0
0
0
0
0
0
0
0
0
0
0
0
0
0
0
0
0
0
0
0
0
0
0
0
0
0
0
0
0
0
0
0
0
0
0
0
0
0
0
0
0
0
0
0
0
0
0
0
0
0
0
0
0
0
0
0
0
0
0
0
0
0
0
0
0
0
0
0
0
0
0
0
0
0
0
0
0
0
0
0
0
0
0
0
0
0
0
0
0
0
0
0
0
0
0
0
0
0
0
0
0
0
0
0
0
0
0
0
0
0
0
0
0
0
0
0
0
0
0
0
0
0
0
0
0
0
0
0
0
0
0
0
0
0
0
0
0
0
0
0
0
0
0
0
0
0
0
0
0
0
0
0
0
0
0
0
0
0
0
0
0
0
0
0
0
0
0
0
0
0
0
0
0
0
0
0
0
0
0
0
0
0
0
0
0
0
0
0
0
0
0
0
0
0
0
0
0
0
0
0
0
0
0
0
0
0
0
0
0
0
0
0
0
0
0
0
0
0
0
0
0
0
0
0
0
0
0
0
0
0
0
0
0
0
0
0
0
0
0
0
0
0
0
0
0
0
0
0
0
0
0
0
0
0
0
0
0
0
0
0
0
0
0
0
0
0
0
0
0
0
0
0
0
0
0
0
0
0
0
0
0
0
0
0
0
0
0
0
0
0
0
0
0
0
0
0
0
0
0
0
0
0
0
0
0
0
0
0
0
0
0
0
0
0
0
0
0
0
0
0
0
0
0
0
0
0
0
0
0
0
0
0
0
0
0
0
0
0
0
0
0
0
0
0
0
0
0
0
0
0
0
0
0
0
0
0
0
0
0
0
0
0
0
0
0
0
0
0
0
0
0
0
0
0
0
0
0
0
0
0
0
0
0
0
0
0
0
0
0
0
0
0
0
0
0
0
0
0
0
0
0
0
0
0
0
0
0
0
0
0
0
0
0
0
0
0
0
0
0
0
0
0
0
0
0
0
0
0
0
0
0
0
0
0
0
0
0
0
0
0
0
0
0
0
0
0
0
0
0
0
0
0
0
0
0
0
0
0
0
0
0
0
0
0
0
0
0
0
0
0
0
0
0
0
0
0
0
0
0
0
0
0
0
0
0
0
0
0
0
0
0
0
0
0
0
0
0
0
0
0
0
0
0
0
0
0
0
0
0
0
0
0
0
0
0
0
0
0
0
0
0
0
0
0
0
0
0
0
0
0
0
0
0
0
0
0
0
0
0
0
0
0
0
0
0
0
0
0
0
0
0
0
0
0
0
0
0
0
0
0
0
0
0
0
0
0
0
0
0
0
0
0
0
0
0
0
0
0
0
0
0
0
0
0
0
0
0
0
0
0
0
0
0
0
0
0
0
0
0
0
0
0
0
0
0
0
0
0
0
0
0
0
0
0
0
0
0
0
0
0
0
0
0
0
0
0
0
0
0
0
0
0
0
0
0
0
0
0
0
0
0
0
0
0
0
0
0
0
0
0
0
0
0
0
0
0
0
0
0
0
0
0
0
0
0
0
0
0
0
0
0
0
0
0
0
0
0
0
0
0
0
0
0
0
0
0
0
0
0
0
0
0
0
0
0
0
0
0
0
0
0
0
0
0
0
0
0
0
0
0
0
0
0
0
0
0
0
0
0
0
0
0
0
0
0
0
0
0
0
0
0
0
0
0
0
0
0
0
0
0
0
0
0
0
0
0
0
0
0
0
0
0
0
0
0
0
0
0
0
0
0
0
0
0
0
0
0
0
0
0
0
0
0
0
0
0
0
0
0
0
0
0
0
0
0
0
0
0
0
0
0
0
0
0
0
0
0
0
0
0
0
0
0
0
0
0
0
0
0
0
0
0
0
0
0
0
0
0
0
0
0
0
0
0
0
0
0
0
0
0
0
0
0
0
0
0
0
0
0
0
0
0
0
0
0
0
0
0
0
0
0
0
0
0
0
0
0
0
0
0
0
0
0
0
0
0
0
0
0
0
0
0
0
0
0
0
0
0
0
0
0
0
0
0
0
0
0
0
0
0
0
0
0
0
0
0
0
0
0
0
0
0
0
0
0
0
0
0
0
0
0
0
0
0
0
0
0
0
0
0
0
0
0
0
0
0
0
0
0
0
0
0
0
0
0
0
0
0
0
0
0
0
0
0
0
0
0
0
0
0
0
0
0
0
0
0
0
0
0
0
0
0
0
0
0
0
0
0
0
0
0
0
0
0
0
0
0
0
0
0
0
0
0
0
0
0
0
0
0
0
0
0
0
0
0
0
0
0
0
0
0
0
0
0
0
0
0
0
0
0
0
0
0
0
0
0
0
0
0
0
0
0
0
0
0
0
0
0
0
0
0
0
0
0
0
0
0
0
0
0
0
0
0
0
0
0
0
0
0
0
0
0
0
0
0
0
0
0
0
0
0
0
0
0
0
0
0
0
0
0
0
0
0
0
0
0
0
0
0
0
0
0
0
0
0
0
0
0
0
0
0
0
0
0
0
0
0
0
0
0
0
0
0
0
0
0
0
0
0
0
0
0
0
0
0
0
0
0
0
0
0
0
0
0
0
0
0
0
0
0
0
0
0
0
0
0
0
0
0
0
0
0
0
0
0
0
0
0
0
0
0
0
0
0
0
0
0
0
0
0
0
0
0
0
0
0
0
0
0
0
0
0
0
0
0
0
0
0
0
0
0
0
0
0
0
0
0
0
0
0
0
0
0
0
0
0
0
0
0
0
0
0
0
0
0
0
0
0
0
0
0
0
0
0
0
0
0
0
0
0
0
0
0
0
0
0
0
0
0
0
0
0
0
0
0
0
0
0
0
0
0
0
0
0
0
0
0
0
0
0
0
0
0
0
0
0
0
0
0
0
0
0
0
0
0
0
0
0
0
0
0
0
0
0
0
0
0
0
0
0
0
0
0
0
0
0
0
0
0
0
0
0
0
0
0
0
0
0
0
0
0
0
0
0
0
0
0
0
0
0
0
0
0
0
0
0
0
0
0
0
0
0
0
0
0
0
0
0
0
0
0
0
0
0
0
0
0
0
0
0
0
0
0
0
0
0
0
0
0
0
0
0
0
0
0
0
0
0
0
0
0
0
0
0
0
0
0
0
0
0
0
0
0
0
0
0
0
0
0
0
0
0
0
0
0
0
0
0
0
0
0
0
0
0
0
0
0
0
0
0
0
0
0
0
0
0
0
0
0
0
0
0
0
0
0
0
0
0
0
0
0
0
0
0
0
0
0
0
0
0
0
0
0
0
0
0
0
0
0
0
0
0
0
0
0
0
0
0
0
0
0
0
0
0
0
0
0
0
0
0
0
0
0
0
0
0
0
0
0
0
0
0
0
0
0
0
0
0
0
0
0
0
0
0
0
0
0
0
0
0
0
0
0
0
0
0
0
0
0
0
0
0
0
0
0
0
0
0
0
0
0
0
0
0
0
0
0
0
0
0
0
0
0
0
0
0
0
0
0
0
0
0
0
0
0
0
0
0
0
0
0
0
0
0
0
0
0
0
0
0
0
0
0
0
0
0
0
0
0
0
0
0
0
0
0
0
0
0
0
0
0
0
0
0
0
0
0
0
0
0
0
0
0
0
0
0
0
0
0
0
0
0
0
0
0
0
0
0
0
0
0
0
0
0
0
0
0
0
0
0
0
0
0
0
0
0
0
0
0
0
0
0
0
0
0
0
0
0
0
0
0
0
0
0
0
0
0
0
0
0
0
0
0
0
0
0
0
0
0
0
0
0
0
0
0
0
0
0
0
0
0
0
0
0
0
0
0
0
0
0
0
0
0
0
0
0
0
0
0
0
0
0
0
0
0
0
0
0
0
0
0
0
0
0
0
0
0
0
0
0
0
0
0
0
0
0
0
0
0
0
0
0
0
0
0
0
0
0
0
0
0
0
0
0
0
0
0
0
0
0
0
0
0
0
0
0
0
0
0
0
0
0
0
0
0
0
0
0
0
0
0
0
0
0
0
0
0
0
0
0
0
0
0
0
0
0
0
0
0
0
0
0
0
0
0
0
0
0
0
0
0
0
0
0
0
0
0
0
0
0
0
0
0
0
0
0
0
0
0
0
0
0
0
0
0
0
0
0
0
0
0
0
0
0
0
0
0
0
0
0
0
0
0
0
0
0
0
0
0
0
0
0
0
0
0
0
0
0
0
0
0
0
0
0
0
0
0
0
0
0
0
0
0
0
0
0
0
0
0
0
0
0
0
0
0
0
0
0
0
0
0
0
0
0
0
0
0
0
0
0
0
0
0
0
0
0
0
0
0
0
0
0
0
0
0
0
0
0
0
0
0
0
0
0
0
0
0
0
0
0
0
0
0
0
0
0
0
0
0
0
0
0
0
0
0
0
0
0
0
0
0
0
0
0
0
0
0
0
0
0
0
0
0
0
0
0
0
0
0
0
0
0
0
0
0
0
0
0
0
0
0
0
0
0
0
0
0
0
0
0
0
0
0
0
0
0
0
0
0
0
0
0
0
0
0
0
0
0
0
0
0
0
0
0
0
0
0
0
0
0
0
0
0
0
0
0
0
0
0
0
0
0
0
0
0
0
0
0
0
0
0
0
0
0
0
0
0
0
0
0
0
0
0
0
0
0
0
0
0
0
0
0
0
0
0
0
0
0
0
0
0
0
0
0
0
0
0
0
0
0
0
0
0
0
0
0
0
0
0
0
0
0
0
0
0
0
0
0
0
0
0
0
0
0
0
0
0
0
0
0
0
0
0
0
0
0
0
0
0
0
0
0
0
0
0
0
0
0
0
0
0
0
0
0
0
0
0
0
0
0
0
0
0
0
0
0
0
0
0
0
0
0
0
0
0
0
0
0
0
0
0
0
0
0
0
0
0
0
0
0
0
0
0
0
0
0
0
0
0
0
0
0
0
0
0
0
0
0
0
0
0
0
0
0
0
0
0
0
0
0
0
0
0
0
0
0
0
0
0
0
0
0
0
0
0
0
0
0
0
0
0
0
0
0
0
0
0
0
0
0
0
0
0
0
0
0
0
0
0
0
0
0
0
0
0
0
0
0
0
0
0
0
0
0
0
0
0
0
0
0
0
0
0
0
0
0
0
0
0
0
0
0
0
0
0
0
0
0
0
0
0
0
0
0
0
0
0
0
0
0
0
0
0
0
0
0
0
0
0
0
0
0
0
0
0
0
0
0
0
0
0
0
0
0
0
0
0
0
0
0
0
0
0
0
0
0
0
0
0
0
0
0
0
0
0
0
0
0
0
0
0
0
0
0
0
0
0
0
0
0
0
0
0
0
0
0
0
0
0
0
0
0
0
0
0
0
0
0
0
0
0
0
0
0
0
0
0
0
0
0
0
0
0
0
0
0
0
0
0
0
0
0
0
0
0
0
0
0
0
0
0
0
0
0
0
0
0
0
0
0
0
0
0
0
0
0
0
0
0
0
0
0
0
0
0
0
0
0
0
0
0
0
0
0
0
0
0
0
0
0
0
0
0
0
0
0
0
0
0
0
0
0
0
0
0
0
0
0
0
0
0
0
0
0
0
0
0
0
0
0
0
0
0
0
0
0
0
0
0
0
0
0
0
0
0
0
0
0
0
0
0
0
0
0
0
0
0
0
0
0
0
0
0
0
0
0
0
0
0
0
0
0
0
0
0
0
0
0
0
0
0
0
0
0
0
0
0
0
0
0
0
0
0
0
0
0
0
0
0
0
0
0
0
0
0
0
0
0
0
0
0
0
0
0
0
0
0
0
0
0
0
0
0
0
0
0
0
0
0
0
0
0
0
0
0
0
0
0
0
0
0
0
0
0
0
0
0
0
0
0
0
0
0
0
0
0
0
0
0
0
0
0
0
0
0
0
0
0
0
0
0
0
0
0
0
0
0
0
0
0
0
0
0
0
0
0
0
0
0
0
0
0
0
0
0
0
0
0
0
0
0
0
0
0
0
0
0
0
0
0
0
0
0
0
0
0
0
0
0
0
0
0
0
0
0
0
0
0
0
0
0
0
0
0
0
0
0
0
0
0
0
0
0
0
0
0
0
0
0
0
0
0
0
0
0
0
0
0
0
0
0
0
0
0
0
0
0
0
0
0
0
0
0
0
0
0
0
0
0
0
0
0
0
0
0
0
0
0
0
0
0
0
0
0
0
0
0
0
0
0
0
0
0
0
0
0
0
0
0
0
0
0
0
0
0
0
0
0
0
0
0
0
0
0
0
0
0
0
0
0
0
0
0
0
0
0
0
0
0
0
0
0
0
0
0
0
0
0
0
0
0
0
0
0
0
0
0
0
0
0
0
0
0
0
0
0
0
0
0
0
0
0
0
0
0
0
0
0
0
0
0
0
0
0
0
0
0
0
0
0
0
0
0
0
0
0
0
0
0
0
0
0
0
0
0
0
0
0
0
0
0
0
0
0
0
0
0
0
0
0
0
0
0
0
0
0
0
0
0
0
0
0
0
0
0
0
0
0
0
0
0
0
0
0
0
0
0
0
0
0
0
0
0
0
0
0
0
0
0
0
0
0
0
0
0
0
0
0
0
0
0
0
0
0
0
0
0
0
0
0
0
0
0
0
0
0
0
0
0
0
0
0
0
0
0
0
0
0
0
0
0
0
0
0
0
0
0
0
0
0
0
0
0
0
0
0
0
0
0
0
0
0
0
0
0
0
0
0
0
0
0
0
0
0
0
0
0
0
0
0
0
0
0
0
0
0
0
0
0
0
0
0
0
0
0
0
0
0
0
0
0
0
0
0
0
0
0
0
0
0
0
0
0
0
0
0
0
0
0
0
0
0
0
0
0
0
0
0
0
0
0
0
0
0
0
0
0
0
0
0
0
0
0
0
0
0
0
0
0
0
0
0
0
0
0
0
0
0
0
0
0
0
0
0
0
0
0
0
0
0
0
0
0
0
0
0
0
0
0
0
0
0
0
0
0
0
0
0
0
0
0
0
0
0
0
0
0
0
0
0
0
0
0
0
0
0
0
0
0
0
0
0
0
0
0
0
0
0
0
0
0
0
0
0
0
0
0
0
0
0
0
0
0
0
0
0
0
0
0
0
0
0
0
0
0
0
0
0
0
0
0
0
0
0
0
0
0
0
0
0
0
0
0
0
0
0
0
0
0
0
0
0
0
0
0
0
0
0
0
0
0
0
0
0
0
0
0
0
0
0
0
0
0
0
0
0
0
0
0
0
0
0
0
0
0
0
0
0
0
0
0
0
0
0
0
0
0
0
0
0
0
0
0
0
0
0
0
0
0
0
0
0
0
0
0
0
0
0
0
0
0
0
0
0
0
0
0
0
0
0
0
0
0
0
0
0
0
0
0
0
0
0
0
0
0
0
0
0
0
0
0
0
0
0
0
0
0
0
0
0
0
0
0
0
0
0
0
0
0
0
0
0
0
0
0
0
0
0
0
0
0
0
0
0
0
0
0
0
0
0
0
0
0
0
0
0
0
0
0
0
0
0
0
0
0
0
0
0
0
0
0
0
0
0
0
0
0
0
0
0
0
0
0
0
0
0
0
0
0
0
0
0
0
0
0
0
0
0
0
0
0
0
0
0
0
0
0
0
0
0
0
0
0
0
0
0
0
0
0
0
0
0
0
0
0
0
0
0
0
0
0
0
0
0
0
0
0
0
0
0
0
0
0
0
0
0
0
0
0
0
0
0
0
0
0
0
0
0
0
0
0
0
0
0
0
0
0
0
0
0
0
0
0
0
0
0
0
0
0
0
0
0
0
0
0
0
0
0
0
0
0
0
0
0
0
0
0
0
0
0
0
0
0
0
0
0
0
0
0
0
0
0
0
0
0
0
0
0
0
0
0
0
0
0
0
0
0
0
0
0
0
0
0
0
0
0
0
0
0
0
0
0
0
0
0
0
0
0
0
0
0
0
0
0
0
0
0
0
0
0
0
0
0
0
0
0
0
0
0
0
0
0
0
0
0
0
0
0
0
0
0
0
0
0
0
0
0
0
0
0
0
0
0
0
0
0
0
0
0
0
0
0
0
0
0
0
0
0
0
0
0
0
0
0
0
0
0
0
0
0
0
0
0
0
0
0
0
0
0
0
0
0
0
0
0
0
0
0
0
0
0
0
0
0
0
0
0
0
0
0
0
0
0
0
0
0
0
0
0
0
0
0
0
0
0
0
0
0
0
0
0
0
0
0
0
0
0
0
0
0
0
0
0
0
0
0
0
0
0
0
0
0
0
0
0
0
0
0
0
0
0
0
0
0
0
0
0
0
0
0
0
0
0
0
0
0
0
0
0
0
0
0
0
0
0
0
0
0
0
0
0
0
0
0
0
0
0
0
0
