0
1
0
0
2
3
3
1
7
3
3
1
2
3
5
3
3
4
3
4
4
4
6
2
3
2
0
1
2
3
2
7
3
1
3
2
2
4
3
2
4
3
6
2
5
3
5
2
4
3
7
5
1
2
4
1
2
5
2
7
3
6
8
5
10
7
4
4
6
4
5
6
9
9
3
6
3
3
3
6
11
4
6
6
2
5
7
6
5
14
6
10
9
5
7
10
8
8
8
4
10
4
11
8
7
7
8
3
9
6
5
9
9
14
11
8
9
5
8
9
10
7
8
11
13
6
9
9
7
7
8
13
7
13
7
13
9
15
6
14
10
5
11
12
12
9
8
14
10
8
17
14
18
18
21
11
14
16
19
11
12
12
13
12
19
18
13
27
13
16
13
11
17
13
19
13
13
16
20
10
13
19
15
12
14
19
11
21
9
18
20
17
15
22
19
15
14
16
19
23
19
18
22
19
18
17
23
18
23
19
23
18
23
20
19
16
20
28
19
26
26
21
26
14
16
29
26
22
21
17
15
27
28
25
27
20
22
25
17
36
27
25
35
26
42
36
23
36
31
33
23
24
31
40
35
23
27
31
32
35
43
36
26
34
30
37
34
35
33
33
33
29
31
34
29
41
34
38
34
41
34
43
36
20
42
45
33
36
32
50
49
39
38
36
42
43
44
36
32
37
49
45
45
48
33
37
42
48
49
50
50
38
52
44
47
39
47
51
32
59
60
34
43
42
46
42
43
63
44
53
47
58
47
64
54
54
64
56
62
66
43
66
60
49
56
47
60
51
60
57
62
54
62
64
64
67
56
62
63
62
55
61
58
71
56
76
56
80
63
76
75
69
52
81
70
73
64
66
82
72
77
70
68
66
79
67
71
71
75
74
78
85
88
90
78
75
81
87
98
82
66
79
71
88
87
81
83
102
99
91
80
83
83
112
96
102
98
99
89
92
113
101
94
94
85
115
89
81
115
124
88
111
108
111
106
108
116
100
115
118
105
139
112
115
96
108
106
133
120
115
109
141
99
105
93
106
101
100
100
133
106
124
121
117
124
120
137
130
133
108
137
145
113
127
140
148
127
126
127
143
127
150
134
149
130
146
155
143
157
134
141
119
154
154
139
126
131
142
147
132
139
136
136
164
144
166
144
165
160
150
168
138
150
147
174
161
169
157
175
168
175
163
143
171
183
166
159
175
180
193
146
176
173
194
182
182
178
173
158
150
205
160
201
171
189
195
197
217
186
199
176
211
206
215
217
209
202
204
189
220
213
202
219
222
209
196
226
206
207
228
235
220
200
196
216
190
212
219
216
236
235
232
214
223
236
213
207
233
241
248
231
233
229
228
243
260
238
264
270
231
256
258
274
234
248
228
258
267
277
267
256
236
268
242
237
270
238
274
237
234
253
255
240
258
261
264
253
277
285
246
262
295
286
253
284
294
295
292
287
305
300
300
264
302
294
296
279
319
295
294
297
288
331
327
334
317
316
304
258
339
291
292
325
333
330
316
311
277
315
323
336
330
330
310
355
324
344
334
316
348
328
369
339
356
314
340
360
364
356
328
357
378
365
364
377
348
365
349
350
368
384
379
363
399
358
380
408
375
348
371
389
365
360
374
351
395
401
357
388
392
397
392
400
414
401
400
361
421
430
352
404
422
392
384
409
438
443
445
407
434
417
416
406
412
394
437
389
387
442
436
444
399
447
440
423
430
420
445
419
491
461
434
423
442
468
461
443
485
474
463
443
487
449
472
463
441
441
481
494
495
492
522
462
513
490
470
465
483
540
500
460
512
495
507
521
422
506
519
536
586
497
553
500
533
526
556
488
549
541
521
459
504
495
509
567
556
538
521
517
540
579
520
540
517
556
531
593
533
561
544
575
563
581
578
593
592
562
577
556
582
525
593
524
584
596
560
555
612
613
605
542
585
603
582
625
636
626
571
564
598
623
607
589
662
631
606
636
571
628
653
623
651
651
638
576
610
632
644
636
650
627
657
638
625
624
667
661
655
673
648
660
620
714
601
677
659
702
680
709
674
660
655
682
681
670
669
674
665
707
685
653
718
701
697
661
676
700
636
681
708
735
680
708
589
710
740
686
690
716
691
702
698
770
681
718
731
795
735
725
724
759
767
760
729
736
711
732
724
786
752
710
787
764
742
725
736
693
746
760
801
764
776
799
777
782
788
740
795
812
786
693
786
795
797
799
857
790
797
788
831
811
831
797
818
833
783
830
845
836
830
811
831
865
801
842
822
843
807
791
829
769
807
742
743
857
819
849
845
879
822
854
837
838
827
875
890
903
868
776
863
881
856
836
897
792
838
810
917
825
857
875
862
883
853
900
875
891
893
909
939
890
867
870
929
880
859
858
869
933
880
873
704
903
867
868
872
921
961
878
921
912
902
953
965
903
922
879
847
900
857
863
951
906
931
945
984
952
936
966
954
917
954
941
957
904
922
927
1029
948
930
884
944
957
975
910
988
932
983
861
933
985
949
934
988
948
919
955
962
960
972
971
1019
965
968
942
986
1002
1066
1042
993
962
960
1006
1006
1025
978
963
1009
994
922
965
871
993
957
945
1033
955
916
917
1048
991
980
1002
1001
1002
994
1045
981
1043
985
966
1030
1027
1004
1018
1014
1042
979
969
1071
1013
1017
1000
994
1079
1002
1056
1070
1014
1040
1060
1037
1038
1020
990
1125
1069
1028
1061
880
1015
1031
1004
1069
1074
1031
1033
1065
1125
1047
1066
1050
1078
1036
957
1027
1019
1110
1048
1023
1065
1060
1015
1099
1105
1031
1050
1093
1087
1051
1074
1110
1025
1089
1087
1076
1078
1084
1031
1100
1061
1059
1076
1041
1040
1092
1034
1056
1033
1019
1023
1163
1059
1087
1093
1052
1109
1124
1081
1113
1123
1081
1053
1088
1138
1101
1103
1089
1134
1015
1032
1104
1080
1026
1057
1120
1161
1067
1055
1043
1072
1132
1089
1151
1076
1096
1066
1104
1071
1099
1081
1123
1066
1044
1042
1112
1096
1101
1077
1106
1047
1100
1112
1091
1043
1134
1099
1142
1103
1071
1025
1143
1046
1094
1087
1091
1090
1170
1077
1130
1047
1118
1101
1122
1102
1094
1148
919
1130
1114
1135
1146
1105
1041
1131
1093
1086
1143
1170
1095
1113
1074
1069
1037
1105
1129
1037
1149
1044
1061
1094
1117
1164
1144
1064
1134
1105
1069
1092
1148
1100
1070
1120
1167
1102
1051
1057
1201
1109
1090
1111
1168
1061
1089
999
1114
1171
1065
1089
1112
1086
1127
1097
1070
1041
1079
1159
1081
1109
1086
1064
1104
1095
1114
1139
1110
1074
1134
1012
1123
1106
1066
1106
1087
1079
1033
1016
984
1064
1063
1137
1136
1094
1020
1034
1064
1086
1100
1070
1100
1055
1056
1088
1114
1096
1082
1133
1155
1118
1119
1041
1122
1032
1085
1053
1077
1094
1072
1076
1050
1082
1077
1029
1063
1050
1061
1047
1064
1091
1037
1035
1071
1106
1098
1043
894
1044
1057
1099
1073
1017
992
1023
1035
1089
1072
1037
1087
1036
1064
994
1018
1024
1001
1072
1077
1030
1033
1049
1087
1044
1001
980
1042
1013
1061
981
1094
992
1057
1067
1086
978
1042
998
965
1022
1054
967
1045
1051
1045
909
1033
1021
1036
982
1062
998
1048
985
1036
969
971
973
1082
990
1000
983
996
1040
970
1000
1015
1049
1040
946
996
996
1036
940
1031
1042
1023
902
823
946
999
1011
990
1006
949
947
950
942
966
937
998
961
964
981
918
1025
937
988
1064
981
946
957
956
947
949
933
905
960
989
940
934
929
932
917
912
1009
941
905
914
953
967
938
929
937
880
934
750
905
885
916
973
958
921
891
937
884
895
910
886
881
866
874
889
911
885
937
854
916
913
913
875
874
900
896
970
905
948
896
891
906
856
823
892
888
932
860
885
888
916
907
912
862
833
759
885
862
841
882
930
848
838
843
846
845
835
861
846
901
868
799
892
882
857
832
851
809
833
844
803
823
837
732
844
825
820
725
798
812
750
852
843
746
790
779
821
748
790
827
853
784
744
794
806
808
779
799
810
765
741
767
779
721
730
801
823
801
768
761
758
735
715
764
802
768
802
757
782
749
824
776
762
772
724
743
629
751
743
773
753
730
700
672
762
775
719
711
751
795
693
707
723
729
660
702
683
706
716
715
741
724
714
680
691
739
693
708
707
714
706
645
743
712
710
680
657
670
704
635
654
660
696
597
657
647
639
662
698
631
649
637
646
688
625
645
689
612
638
612
679
648
652
646
644
615
639
595
652
635
625
608
632
643
600
556
519
635
651
613
628
615
594
601
648
619
628
648
609
633
602
591
600
577
587
601
550
609
573
617
588
588
559
612
590
586
547
554
559
572
559
555
593
548
540
530
537
602
559
564
628
555
554
519
456
552
545
543
552
528
571
531
527
549
536
556
567
518
506
459
522
535
488
517
529
501
523
495
504
498
496
522
519
509
544
503
502
526
470
526
516
495
491
472
520
471
449
469
567
462
486
451
469
530
461
478
503
441
443
424
454
473
447
445
475
445
450
414
445
456
442
427
452
467
427
429
449
454
442
432
461
450
446
418
381
447
388
404
394
451
418
399
397
415
405
408
412
415
410
400
422
396
433
384
404
396
391
369
419
465
388
373
395
395
385
371
390
377
350
365
391
404
345
370
367
384
361
368
411
381
376
347
290
359
412
362
335
317
338
343
376
330
376
362
349
329
319
326
320
355
359
349
393
336
389
350
354
322
344
314
341
344
303
364
315
318
317
297
351
378
293
324
342
301
327
334
308
334
314
319
325
339
292
281
345
288
285
287
294
292
284
272
287
311
292
295
305
300
274
272
295
303
264
271
251
284
274
264
270
318
307
257
256
261
251
278
263
260
253
264
275
238
270
265
249
265
265
261
261
262
247
248
251
226
231
245
274
224
246
244
236
250
246
219
232
249
242
226
265
242
243
244
206
242
226
253
228
215
233
217
184
245
242
240
222
197
234
219
214
192
216
203
207
209
199
217
215
182
199
220
229
205
218
182
188
194
207
196
197
217
188
202
200
194
179
192
190
193
179
191
179
196
202
196
171
173
174
174
174
189
190
204
188
169
167
180
191
182
180
162
188
160
176
163
162
180
169
160
164
191
145
150
175
169
155
173
170
136
178
96
147
146
164
163
164
159
147
147
150
157
145
153
155
159
152
129
155
129
161
129
152
148
149
139
120
143
134
127
136
161
138
134
162
148
128
133
140
157
119
118
119
131
133
123
135
114
140
127
116
128
137
138
126
124
121
112
145
125
107
125
130
116
114
123
109
127
107
111
140
107
116
127
89
95
107
115
96
100
115
106
97
104
105
136
115
107
102
96
109
96
101
111
90
111
100
94
99
102
109
116
105
110
79
84
121
97
98
88
90
83
80
88
103
81
89
80
94
78
85
90
79
95
100
77
85
85
102
56
81
76
79
70
83
76
74
80
87
87
76
87
85
59
65
75
73
74
87
59
88
71
66
71
65
71
82
81
60
61
68
64
86
87
57
73
77
70
69
66
74
72
84
54
71
60
57
68
52
66
64
74
69
57
62
83
54
58
66
60
61
45
46
56
64
68
59
60
65
61
51
45
54
61
58
47
54
49
61
47
48
54
53
54
47
61
60
53
66
51
44
53
46
57
54
51
57
55
54
45
53
38
57
66
66
54
42
53
42
48
50
50
48
35
56
42
46
45
39
37
40
40
47
34
43
40
40
37
32
42
38
49
52
33
38
43
39
28
43
37
45
31
41
36
29
32
36
37
28
44
28
34
40
43
35
36
29
38
36
28
30
34
39
34
34
37
35
30
31
31
34
29
24
24
29
33
23
26
33
36
25
19
36
29
33
33
31
38
16
37
28
29
27
33
26
23
34
20
31
24
20
18
33
23
30
33
23
30
15
25
29
20
29
13
19
24
20
23
13
18
23
20
23
17
19
28
35
21
27
23
24
15
27
23
24
16
16
22
14
19
18
17
22
14
32
21
22
17
20
30
16
17
13
12
14
21
18
19
18
11
18
24
27
24
21
22
15
14
12
19
18
21
18
18
12
21
11
13
17
12
20
18
22
16
9
18
18
15
12
16
19
19
13
9
17
16
19
15
14
20
20
12
19
20
7
13
16
18
13
15
4
13
14
17
9
17
17
15
12
11
15
12
8
15
13
10
21
15
15
13
15
13
15
8
11
9
15
10
12
11
11
10
13
8
11
13
15
8
10
8
8
9
14
18
11
12
8
8
9
8
11
12
5
7
9
6
10
11
17
9
8
10
9
12
6
7
6
11
11
5
8
8
16
4
7
11
8
8
3
7
6
12
12
8
9
10
7
7
2
10
6
7
10
9
3
6
2
13
11
8
6
4
5
6
11
7
5
11
6
7
7
11
12
3
6
4
5
9
4
3
3
3
2
7
4
11
9
6
7
10
6
5
4
7
5
7
5
10
3
7
2
3
5
4
8
1
5
5
3
2
13
2
5
4
4
4
4
4
2
2
3
1
2
6
6
5
7
2
5
3
3
2
8
2
1
4
1
5
2
5
3
3
0
3
1
4
5
4
5
5
3
4
5
3
5
4
4
5
2
1
2
3
2
1
2
2
4
4
5
2
3
4
2
2
3
7
1
0
4
2
4
9
3
2
4
4
0
1
3
4
3
2
3
0
0
4
3
4
4
1
1
2
3
2
3
0
1
2
2
2
3
1
1
2
0
2
3
1
4
3
2
2
2
4
2
2
0
0
1
3
2
3
0
2
1
1
1
3
3
2
1
0
0
1
2
0
2
2
3
2
4
1
4
1
3
1
1
4
1
0
0
3
1
2
2
2
3
1
0
1
3
1
3
1
1
2
2
0
1
2
3
0
3
0
0
0
1
0
2
0
2
1
0
2
0
3
0
1
1
1
1
3
0
0
0
2
0
0
0
2
1
1
0
1
1
1
1
1
3
0
0
0
0
1
1
0
1
1
0
1
0
0
1
0
0
0
1
0
0
2
1
1
0
1
2
0
2
0
0
0
0
1
0
0
0
0
1
1
1
1
1
1
0
0
1
0
0
2
1
1
0
0
0
1
0
0
1
1
0
0
0
0
1
0
0
0
0
0
0
1
0
1
0
0
1
1
2
2
0
0
1
1
0
0
1
3
1
0
2
0
2
0
0
0
1
1
1
1
3
0
2
1
0
0
0
0
1
0
1
0
0
0
0
0
1
0
0
0
1
0
0
1
0
0
0
0
0
2
1
0
1
1
1
0
0
0
0
0
0
0
0
0
0
0
1
1
0
1
0
0
0
0
0
0
1
0
0
1
0
0
3
1
0
1
0
0
0
0
0
1
0
0
0
0
0
0
0
0
0
0
0
0
0
0
0
0
0
0
0
0
0
0
1
0
0
0
0
0
0
0
0
0
1
0
1
0
0
0
0
0
0
0
0
0
0
0
0
0
1
0
0
0
0
0
0
0
0
0
0
0
0
0
0
1
0
1
0
1
1
0
0
0
0
0
0
0
0
0
0
0
0
0
0
0
0
0
0
0
0
0
0
0
0
0
0
0
0
1
0
2
0
0
0
0
0
0
0
1
0
0
0
0
0
0
0
0
0
0
0
1
0
0
1
0
0
0
0
0
0
0
1
0
0
0
0
0
0
0
0
0
0
0
0
0
0
0
0
0
0
0
0
0
0
0
0
0
0
0
0
0
0
0
0
0
0
0
0
0
0
0
0
0
0
0
0
0
0
0
0
0
0
0
0
0
0
0
0
0
0
0
0
0
0
0
0
0
0
0
0
0
0
0
0
0
0
0
0
0
0
0
0
0
0
0
0
0
0
0
0
0
0
0
0
0
1
0
0
0
0
0
0
0
0
0
0
0
0
0
0
0
0
0
0
0
0
0
0
0
0
0
0
0
0
0
0
0
0
0
0
0
0
0
0
0
0
0
0
0
0
0
0
0
0
0
0
0
0
0
0
0
0
0
0
0
1
0
0
0
0
0
0
0
0
0
0
0
0
0
0
0
0
0
0
0
0
0
0
0
0
0
0
0
0
0
0
0
0
0
0
0
0
0
0
0
0
0
0
0
0
0
0
0
0
0
0
0
0
0
0
0
0
0
0
0
0
0
0
0
0
0
0
0
0
0
0
0
0
0
0
0
0
0
0
0
0
0
0
0
0
0
0
0
0
0
0
0
0
0
0
0
0
0
0
0
0
0
0
0
0
0
0
0
0
0
0
0
0
0
0
0
0
0
0
0
0
0
0
0
0
0
0
0
0
0
0
0
0
0
0
0
0
0
0
0
0
0
0
0
0
0
0
0
0
0
0
0
0
0
0
0
0
0
0
0
0
0
0
0
0
0
0
0
0
0
0
0
0
0
0
0
0
0
0
0
0
0
0
0
0
0
0
0
0
0
0
0
0
0
0
0
0
0
0
0
0
0
0
0
0
0
0
0
0
0
0
0
0
0
0
0
0
0
0
0
0
0
0
0
0
0
0
0
0
0
0
0
0
0
0
0
0
0
0
0
0
0
0
0
0
0
0
0
0
0
0
0
0
0
0
0
0
0
0
0
0
0
0
0
0
0
0
0
0
0
0
0
0
0
0
0
0
0
0
0
0
0
0
0
0
0
0
0
0
0
0
0
0
0
0
0
0
0
0
0
0
0
0
0
0
0
0
0
0
0
0
0
0
0
0
0
0
0
0
0
0
0
0
0
0
0
0
0
0
0
0
0
0
0
0
0
0
0
0
0
0
0
0
0
0
0
0
0
0
0
0
0
0
0
0
0
0
0
0
0
0
0
0
0
0
0
0
0
0
0
0
0
0
0
0
0
0
0
0
0
0
0
0
0
0
0
0
0
0
0
0
0
0
0
0
0
0
0
0
0
0
0
0
0
0
0
0
0
0
0
0
0
0
0
0
0
0
0
0
0
0
0
0
0
0
0
0
0
0
0
0
0
0
0
0
0
0
0
0
0
0
0
0
0
0
0
0
0
0
0
0
0
0
0
0
0
0
0
0
0
0
0
0
0
0
0
0
0
0
0
0
0
0
0
0
0
0
0
0
0
0
0
0
0
0
0
0
0
0
0
0
0
0
0
0
0
0
0
0
0
0
0
0
0
0
0
0
0
0
0
0
0
0
0
0
0
0
0
0
0
0
0
0
0
0
0
0
0
0
0
0
0
0
0
0
0
0
0
0
0
0
0
0
0
0
0
0
0
0
0
0
0
0
0
0
0
0
0
0
0
0
0
0
0
0
0
0
0
0
0
0
0
0
0
0
0
0
0
0
0
0
0
0
0
0
0
0
0
0
0
0
0
0
0
0
0
0
0
0
0
0
0
0
0
0
0
0
0
0
0
0
0
0
0
0
0
0
0
0
0
0
0
0
0
0
0
0
0
0
0
0
0
0
0
0
0
0
0
0
0
0
0
0
0
0
0
0
0
0
0
0
0
0
0
0
0
0
0
0
0
0
0
0
0
0
0
0
0
0
0
0
0
0
0
0
0
0
0
0
0
0
0
0
0
0
0
0
0
0
0
0
0
0
0
0
0
0
0
0
0
0
0
0
0
0
0
0
0
0
0
0
0
0
0
0
0
0
0
0
0
0
0
0
0
0
0
0
0
0
0
0
0
0
0
0
0
0
0
0
0
0
0
0
0
0
0
0
0
0
0
0
0
0
0
0
0
0
0
0
0
0
0
0
0
0
0
0
0
0
0
0
0
0
0
0
0
0
0
0
0
0
0
0
0
0
0
0
0
0
0
0
0
0
0
0
0
0
0
0
0
0
0
0
0
0
0
0
0
0
0
0
0
0
0
0
0
0
0
0
0
0
0
0
0
0
0
0
0
0
0
0
0
0
0
0
0
0
0
0
0
0
0
0
0
0
0
0
0
0
0
0
0
0
0
0
0
0
0
0
0
0
0
0
0
0
0
0
0
0
0
0
0
0
0
0
0
0
0
0
0
0
0
0
0
0
0
0
0
0
0
0
0
0
0
0
0
0
0
0
0
0
0
0
0
0
0
0
0
0
0
0
0
0
0
0
0
0
0
0
0
0
0
0
0
0
0
0
0
0
0
0
0
0
0
0
0
0
0
0
0
0
0
0
0
0
0
0
0
0
0
0
0
0
0
0
0
0
0
0
0
0
0
0
0
0
0
0
0
0
0
0
0
0
0
0
0
0
0
0
0
0
0
0
0
0
0
0
0
0
0
0
0
0
0
0
0
0
0
0
0
0
0
0
0
0
0
0
0
0
0
0
0
0
0
0
0
0
0
0
0
0
0
0
0
0
0
0
0
0
0
0
0
0
0
0
0
0
0
0
0
0
0
0
0
0
0
0
0
0
0
0
0
0
0
0
0
0
0
0
0
0
0
0
0
0
0
0
0
0
0
0
0
0
0
0
0
0
0
0
0
0
0
0
0
0
0
0
0
0
0
0
0
0
0
0
0
0
0
0
0
0
0
0
0
0
0
0
0
0
0
0
0
0
0
0
0
0
0
0
0
0
0
0
0
0
0
0
0
0
0
0
0
0
0
0
0
0
0
0
0
0
0
0
0
0
0
0
0
0
0
0
0
0
0
0
0
0
0
0
0
0
0
0
0
0
0
0
0
0
0
0
0
0
0
0
0
0
0
0
0
0
0
0
0
0
0
0
0
0
0
0
0
0
0
0
0
0
0
0
0
0
0
0
0
0
0
0
0
0
0
0
0
0
0
0
0
0
0
0
0
0
0
0
0
0
0
0
0
0
0
0
0
0
0
0
0
0
0
0
0
0
0
0
0
0
0
0
0
0
0
0
0
0
0
0
0
0
0
0
0
0
0
0
0
0
0
0
0
0
0
0
0
0
0
0
0
0
0
0
0
0
0
0
0
0
0
0
0
0
0
0
0
0
0
0
0
0
0
0
0
0
0
0
0
0
0
0
0
0
0
0
0
0
0
0
0
0
0
0
0
0
0
0
0
0
0
0
0
0
0
0
0
0
0
0
0
0
0
0
0
0
0
0
0
0
0
0
0
0
0
0
0
0
0
0
0
0
0
0
0
0
0
0
0
0
0
0
0
0
0
0
0
0
0
0
0
0
0
0
0
0
0
0
0
0
0
0
0
0
0
0
0
0
0
0
0
0
0
0
0
0
0
0
0
0
0
0
0
0
0
0
0
0
0
0
0
0
0
0
0
0
0
0
0
0
0
0
0
0
0
0
0
0
0
0
0
0
0
0
0
0
0
0
0
0
0
0
0
0
0
0
0
0
0
0
0
0
0
0
0
0
0
0
0
0
0
0
0
0
0
0
0
0
0
0
0
0
0
0
0
0
0
0
0
0
0
0
0
0
0
0
0
0
0
0
0
0
0
0
0
0
0
0
0
0
0
0
0
0
0
0
0
0
0
0
0
0
0
0
0
0
0
0
0
0
0
0
0
0
0
0
0
0
0
0
0
0
0
0
0
0
0
0
0
0
0
0
0
0
0
0
0
0
0
0
0
0
0
0
0
0
0
0
0
0
0
0
0
0
0
0
0
0
0
0
0
0
0
0
0
0
0
0
0
0
0
0
0
0
0
0
0
0
0
0
0
0
0
0
0
0
0
0
0
0
0
0
0
0
0
0
0
0
0
0
0
0
0
0
0
0
0
0
0
0
0
0
0
0
0
0
0
0
0
0
0
0
0
0
0
0
0
0
0
0
0
0
0
0
0
0
0
0
0
0
0
0
0
0
0
0
0
0
0
0
0
0
0
0
0
0
0
0
0
0
0
0
0
0
0
0
0
0
0
0
0
0
0
0
0
0
0
0
0
0
0
0
0
0
0
0
0
0
0
0
0
0
0
0
0
0
0
0
0
0
0
0
0
0
0
0
0
0
0
0
0
0
0
0
0
0
0
0
0
0
0
0
0
0
0
0
0
0
0
0
0
0
0
0
0
0
0
0
0
0
0
0
0
0
0
0
0
0
0
0
0
0
0
0
0
0
0
0
0
0
0
0
0
0
0
0
0
0
0
0
0
0
0
0
0
0
0
0
0
0
0
0
0
0
0
0
0
0
0
0
0
0
0
0
0
0
0
0
0
0
0
0
0
0
0
0
0
0
0
0
0
0
0
0
0
0
0
0
0
0
0
0
0
0
0
0
0
0
0
0
0
0
0
0
0
0
0
0
0
0
0
0
0
0
0
0
0
0
0
0
0
0
0
0
0
0
0
0
0
0
0
0
0
0
0
0
0
0
0
0
0
0
0
0
0
0
0
0
0
0
0
0
0
0
0
0
0
0
0
0
0
0
0
0
0
0
0
0
0
0
0
0
0
0
0
0
0
0
0
0
0
0
0
0
0
0
0
0
0
0
0
0
0
0
0
0
0
0
0
0
0
0
0
0
0
0
0
0
0
0
0
0
0
0
0
0
0
0
0
0
0
0
0
0
0
0
0
0
0
0
0
0
0
0
0
0
0
0
0
0
0
0
0
0
0
0
0
0
0
0
0
0
0
0
0
0
0
0
0
0
0
0
0
0
0
0
0
0
0
0
0
0
0
0
0
0
0
0
0
0
0
0
0
0
0
0
0
0
0
0
0
0
0
0
0
0
0
0
0
0
0
0
0
0
0
0
0
0
0
0
0
0
0
0
0
0
0
0
0
0
0
0
0
0
0
0
0
0
0
0
0
0
0
0
0
0
0
0
0
0
0
0
0
0
0
0
0
0
0
0
0
0
0
0
0
0
0
0
0
0
0
0
0
0
0
0
0
0
0
0
0
0
0
0
0
0
0
0
0
0
0
0
0
0
0
0
0
0
0
0
0
0
0
0
0
0
0
0
0
0
0
0
0
0
0
0
0
0
0
0
0
0
0
0
0
0
0
0
0
0
0
0
0
0
0
0
0
0
0
0
0
0
0
0
0
0
0
0
0
0
0
0
0
0
0
0
0
0
0
0
0
0
0
0
0
0
0
0
0
0
0
0
0
0
0
0
0
0
0
0
0
0
0
0
0
0
0
0
0
0
0
0
0
0
0
0
0
0
0
0
0
0
0
0
0
0
0
0
0
0
0
0
0
0
0
0
0
0
0
0
0
0
0
0
0
0
0
0
0
0
0
0
0
0
0
0
0
0
0
0
0
0
0
0
0
0
0
0
0
0
0
0
0
0
0
0
0
0
0
0
0
0
0
0
0
0
0
0
0
0
0
0
0
0
0
0
0
0
0
0
0
0
0
0
0
0
0
0
0
0
0
0
0
0
0
0
0
0
0
0
0
0
0
0
0
0
0
0
0
0
0
0
0
0
0
0
0
0
0
0
0
0
0
0
0
0
0
0
0
0
0
0
0
0
0
0
0
0
0
0
0
0
0
0
0
0
0
0
0
0
0
0
0
0
0
0
0
0
0
0
0
0
0
0
0
0
0
0
0
0
0
0
0
0
0
0
0
0
0
0
0
0
0
0
0
0
0
0
0
0
0
0
0
0
0
0
0
0
0
0
0
0
0
0
0
0
0
0
0
0
0
0
0
0
0
0
0
0
0
0
0
0
0
0
0
0
0
0
0
0
0
0
0
0
0
0
0
0
0
0
0
0
0
0
0
0
0
0
0
0
0
0
0
0
0
0
0
0
0
0
0
0
0
0
0
0
0
0
0
0
0
0
0
0
0
0
0
0
0
0
0
0
0
0
0
0
0
0
0
0
0
0
0
0
0
0
0
0
0
0
0
0
0
0
0
0
0
0
0
0
0
0
0
0
0
0
0
0
0
0
0
0
0
0
0
0
0
0
0
0
0
0
0
0
0
0
0
0
0
0
0
0
0
0
0
0
0
0
0
0
0
0
0
0
0
0
0
0
0
0
0
0
0
0
0
0
0
0
0
0
0
0
0
0
0
0
0
0
0
0
0
0
0
0
0
0
0
0
0
0
0
0
0
0
0
0
0
0
0
0
0
0
0
0
0
0
0
0
0
0
0
0
0
0
0
0
0
0
0
0
0
0
0
0
0
0
0
0
0
0
0
0
0
0
0
0
0
0
0
0
0
0
0
0
0
0
0
0
0
0
0
0
0
0
0
0
0
0
0
0
0
0
0
0
0
0
0
0
0
0
0
0
0
0
0
0
0
0
0
0
0
0
0
0
0
0
0
0
0
0
0
0
0
0
0
0
0
0
0
0
0
0
0
0
0
0
0
0
0
0
0
0
0
0
0
0
0
0
0
0
0
0
0
0
0
0
0
0
0
0
0
0
0
0
0
0
0
0
0
0
0
0
0
0
0
0
0
0
0
0
0
0
0
0
0
0
0
0
0
0
0
0
0
0
0
0
0
0
0
0
0
0
0
0
0
0
0
0
0
0
0
0
0
0
0
0
0
0
0
0
0
0
0
0
0
0
0
0
0
0
0
0
0
0
0
0
0
0
0
0
0
0
0
0
0
0
0
0
0
0
0
0
0
0
0
0
0
0
0
0
0
0
0
0
0
0
0
0
0
0
0
0
0
0
0
0
0
0
0
0
0
0
0
0
0
0
0
0
0
0
0
0
0
0
0
0
0
0
0
0
0
0
0
0
0
0
0
0
0
0
0
0
0
0
0
0
0
0
0
0
0
0
0
0
0
0
0
0
0
0
0
0
0
0
0
0
0
0
0
0
0
0
0
0
0
0
0
0
0
0
0
0
0
0
0
0
0
0
0
0
0
0
0
0
0
0
0
0
0
0
0
0
0
0
0
0
0
0
0
0
0
0
0
0
0
0
0
0
0
0
0
0
0
0
0
0
0
0
0
0
0
0
0
0
0
0
0
0
0
0
0
0
0
0
0
0
0
0
0
0
0
0
0
0
0
0
0
0
0
0
0
0
0
0
0
0
0
0
0
0
0
0
0
0
0
0
0
0
0
0
0
0
0
0
0
0
0
0
0
0
0
0
0
0
0
0
0
0
0
0
0
0
0
0
0
0
0
0
0
0
0
0
0
0
0
0
0
0
0
0
0
0
0
0
0
0
0
0
0
0
0
0
0
0
0
0
0
0
0
0
0
0
0
0
0
0
0
0
0
0
0
0
0
0
0
0
0
0
0
0
0
0
0
0
0
0
0
0
0
0
0
0
0
0
0
0
0
0
0
0
0
0
0
0
0
0
0
0
0
0
0
0
0
0
0
0
0
0
0
0
0
0
0
0
0
0
0
0
0
0
0
0
0
0
0
0
0
0
0
0
0
0
0
0
0
0
0
0
0
0
0
0
0
0
0
0
0
0
0
0
0
0
0
0
0
0
0
0
0
0
0
0
0
0
0
0
0
0
0
0
0
0
0
0
0
0
0
0
0
0
0
0
0
0
0
0
0
0
0
0
0
0
0
0
0
0
0
0
0
0
0
0
0
0
0
0
0
0
0
0
0
0
0
0
0
0
0
0
0
0
0
0
0
0
0
0
0
0
0
0
0
0
0
0
0
0
0
0
0
0
0
0
0
0
0
0
0
0
0
0
0
0
0
0
0
0
0
0
0
0
0
0
0
0
0
0
0
0
0
0
0
0
0
0
0
0
0
0
0
0
0
0
0
0
0
0
0
0
0
0
0
0
0
0
0
0
0
0
0
0
0
0
0
0
0
0
0
0
0
0
0
0
0
0
0
0
0
0
0
0
0
0
0
0
0
0
0
0
0
0
0
0
0
0
0
0
0
0
0
0
0
0
0
0
0
0
0
0
0
0
0
0
0
0
0
0
0
0
0
0
0
0
0
0
0
0
0
0
0
0
0
0
0
0
0
0
0
0
0
0
0
0
0
0
0
0
0
0
0
0
0
0
0
0
0
0
0
0
0
0
0
0
0
0
0
0
0
0
0
0
0
0
0
0
0
0
0
0
0
0
0
0
0
0
0
0
0
0
0
0
0
0
0
0
0
0
0
0
0
0
0
0
0
0
0
0
0
0
0
0
0
0
0
0
0
0
0
0
0
0
0
0
0
0
0
0
0
0
0
0
0
0
0
0
0
0
0
0
0
0
0
0
0
0
0
0
0
0
0
0
0
0
0
0
0
0
0
0
0
0
0
0
0
0
0
0
0
0
0
0
0
0
0
0
0
0
0
0
0
0
0
0
0
0
0
0
0
0
0
0
0
0
0
0
0
0
0
0
0
0
0
0
0
0
0
0
0
0
0
0
0
0
0
0
0
0
0
0
0
0
0
0
0
0
0
0
0
0
0
0
0
0
0
0
0
0
0
0
0
0
0
0
0
0
0
0
0
0
0
0
0
0
0
0
0
0
0
0
0
0
0
0
0
0
0
0
0
0
0
0
0
0
0
0
0
0
0
0
0
0
0
0
0
0
0
0
0
0
0
0
0
0
0
0
0
0
0
0
0
0
0
0
0
0
0
0
0
0
0
0
0
0
0
0
0
0
0
0
0
0
0
0
0
0
0
0
0
0
0
0
0
0
0
0
0
0
0
0
0
0
0
0
0
0
0
0
0
0
0
0
0
0
0
0
0
0
0
0
0
0
0
0
0
0
0
0
0
0
0
0
0
0
0
0
0
0
0
0
0
0
0
0
0
0
0
0
0
0
0
0
0
0
0
0
0
0
0
0
0
0
0
0
0
0
0
0
0
0
0
0
0
0
0
0
0
0
0
0
0
0
0
0
0
0
0
0
0
0
0
0
0
0
0
0
0
0
0
0
0
0
0
0
0
0
0
0
0
0
0
0
0
0
0
0
0
0
0
0
0
0
0
0
0
0
0
0
0
0
0
0
0
0
0
0
0
0
0
0
0
0
0
0
0
0
0
0
0
0
0
0
0
0
0
0
0
0
0
0
0
0
0
0
0
0
0
0
0
0
0
0
0
0
0
0
0
0
0
0
0
0
0
0
0
0
0
0
0
0
0
0
0
0
0
0
0
0
0
0
0
0
0
0
0
0
0
0
0
0
0
0
0
0
0
0
0
0
0
0
0
0
0
0
0
0
0
0
0
0
0
0
0
0
0
0
0
0
0
0
0
0
0
0
0
0
0
0
0
0
0
0
0
0
0
0
0
0
0
0
0
0
0
0
0
0
0
0
0
0
0
0
0
0
0
0
0
0
0
0
0
0
0
0
0
0
0
0
0
0
0
0
0
0
0
0
0
0
0
0
0
0
0
0
0
0
0
0
0
0
0
0
0
0
0
0
0
0
0
0
0
0
0
0
0
0
0
0
0
0
0
0
0
0
0
0
0
0
0
0
0
0
0
0
0
0
0
0
0
0
0
0
0
0
0
0
0
0
0
0
0
0
0
0
0
0
0
0
0
0
0
0
0
0
0
0
0
0
0
0
0
0
0
0
0
0
0
0
0
0
0
0
0
0
0
0
0
0
0
0
0
0
0
0
0
0
0
0
0
0
0
0
0
0
0
0
0
0
0
0
0
0
0
0
0
0
0
0
0
0
0
0
0
0
0
0
0
0
0
0
0
0
0
0
0
0
0
0
0
0
0
0
0
0
0
0
0
0
0
0
0
0
0
0
0
0
0
0
0
0
0
0
0
0
0
0
0
0
0
0
0
0
0
0
0
0
0
0
0
0
0
0
0
0
0
0
0
0
0
0
0
0
0
0
0
0
0
0
0
0
0
0
0
0
0
0
0
0
0
0
0
0
0
0
0
0
0
0
0
0
0
0
0
0
0
0
0
0
0
0
0
0
0
0
0
0
0
0
0
0
0
0
0
0
0
0
0
0
0
0
0
0
0
0
0
0
0
0
0
0
0
0
0
0
0
0
0
0
0
0
0
0
0
0
0
0
0
0
0
0
0
0
0
0
0
0
0
0
0
0
0
0
0
0
0
0
0
0
0
0
0
0
0
0
0
0
0
0
0
0
0
0
0
0
0
0
0
0
0
0
0
0
0
0
0
0
0
0
0
0
0
0
0
0
0
0
0
0
0
0
0
0
0
0
0
0
0
0
0
0
0
0
0
0
0
0
0
0
0
0
0
0
0
0
0
0
0
0
0
0
0
0
0
0
0
0
0
0
0
0
0
0
0
0
0
0
0
0
0
0
0
0
0
0
0
0
0
0
0
0
0
0
0
0
0
0
0
0
0
0
0
0
0
0
0
0
0
0
0
0
0
0
0
0
0
0
0
0
0
0
0
0
0
0
0
0
0
0
0
0
0
0
0
0
0
0
0
0
0
0
0
0
0
0
0
0
0
0
0
0
0
0
0
0
0
0
0
0
0
0
0
0
0
0
0
0
0
0
0
0
0
0
0
0
0
0
0
0
0
0
0
0
0
0
0
0
0
0
0
0
0
0
0
0
0
0
0
0
0
0
0
0
0
0
0
0
0
0
0
0
0
0
0
0
0
0
0
0
0
0
0
0
0
0
0
0
0
0
0
0
0
0
0
0
0
0
0
0
0
0
0
0
0
0
0
0
0
0
0
0
0
0
0
0
0
0
0
0
0
0
0
0
0
0
0
0
0
0
0
0
0
0
0
0
0
0
0
0
0
0
0
0
0
0
0
0
0
0
0
0
0
0
0
0
0
0
0
0
0
0
0
0
0
0
0
0
0
0
0
0
0
0
0
0
0
0
0
0
0
0
0
0
0
0
0
0
0
0
0
0
0
0
0
0
0
0
0
0
0
0
0
0
0
0
0
0
0
0
0
0
0
0
0
0
0
0
0
0
0
0
0
0
0
0
0
0
0
0
0
0
0
0
0
0
0
0
0
0
0
0
0
0
0
0
0
0
0
0
0
0
0
0
0
0
0
0
0
0
0
0
0
0
0
0
0
0
0
0
0
0
0
0
0
0
0
0
0
0
0
0
0
0
