0
0
0
0
0
0
0
0
0
0
0
0
0
0
0
0
0
0
0
0
0
0
0
0
0
0
0
0
0
0
0
0
0
0
0
0
0
0
0
0
0
0
0
0
0
1
0
0
0
0
0
1
0
0
0
0
0
0
0
0
0
0
0
0
0
0
0
0
0
0
0
0
0
0
0
0
0
0
0
0
0
0
0
0
0
0
0
0
0
0
0
0
0
0
1
0
0
0
0
0
0
0
0
0
0
0
0
0
0
0
1
0
0
0
0
0
0
0
0
0
0
0
0
0
0
0
0
0
0
0
0
0
0
0
0
0
0
0
0
0
0
0
0
0
0
0
0
0
0
1
0
0
0
0
0
0
0
0
0
0
0
0
0
0
0
0
1
0
0
0
0
1
0
0
0
0
0
0
0
0
0
1
0
0
0
0
0
0
0
0
0
0
1
1
0
0
0
0
0
0
0
0
0
0
0
1
0
1
0
0
0
1
0
0
0
0
0
0
0
0
0
0
0
0
0
0
0
0
0
0
1
0
0
0
0
0
1
0
0
0
0
0
0
0
1
0
0
0
0
0
0
0
0
0
0
0
0
0
0
0
0
0
0
0
0
0
0
0
1
0
0
0
0
1
0
0
0
0
1
0
0
0
1
0
0
0
0
0
0
0
0
0
1
0
1
1
0
0
0
0
0
0
0
0
0
1
0
1
1
0
0
0
0
0
0
0
0
1
1
0
0
0
0
1
0
0
0
0
0
0
0
0
0
0
2
0
0
1
0
0
0
0
0
0
0
0
1
3
0
0
0
1
2
0
1
1
0
0
1
1
0
1
0
0
0
0
0
0
1
0
1
0
1
0
0
1
0
1
0
1
0
0
1
0
1
1
1
0
0
0
0
1
1
1
1
0
0
0
0
1
2
0
0
0
1
1
3
0
0
0
1
3
1
0
2
1
1
1
1
1
1
4
3
1
1
2
2
3
1
4
0
2
1
2
1
1
3
2
3
1
3
2
0
1
0
1
1
1
0
1
1
2
2
2
0
2
1
2
1
2
0
3
0
2
0
3
2
1
2
2
1
4
1
0
0
3
0
4
3
0
4
2
1
4
1
1
4
1
5
1
4
2
1
2
0
3
5
0
4
3
1
1
1
4
3
4
3
1
3
6
2
1
2
3
5
5
5
4
2
1
3
2
1
3
2
5
2
0
2
2
3
1
4
3
3
5
4
1
2
3
5
2
1
2
4
4
3
5
3
4
3
3
8
3
0
1
6
2
4
5
4
2
3
6
4
8
3
3
5
1
6
4
1
3
3
4
4
0
1
6
6
3
4
6
7
5
2
5
7
3
4
6
4
5
3
7
4
1
5
5
4
6
5
7
9
4
4
7
6
5
8
9
7
2
5
3
6
7
5
6
8
6
10
9
11
4
3
10
4
7
7
8
8
10
7
9
5
7
7
4
10
7
4
9
10
8
9
3
14
16
8
14
9
4
7
9
12
9
8
7
6
6
14
6
8
7
8
12
7
13
13
7
12
9
7
3
6
14
6
13
8
13
13
22
12
8
5
14
15
7
14
16
7
6
7
8
6
11
12
15
14
13
9
9
13
16
14
8
12
14
10
15
18
18
10
19
12
10
13
12
15
17
21
10
18
16
14
20
12
19
17
14
15
10
14
22
12
15
14
17
15
12
10
18
24
22
12
13
16
14
23
16
16
23
17
15
14
25
21
21
16
20
13
15
16
23
18
24
20
17
25
20
26
12
26
18
19
19
18
24
20
26
20
27
19
23
21
31
17
26
20
17
30
21
27
25
20
23
22
26
27
21
17
24
25
21
26
33
21
21
26
36
21
34
19
34
36
21
20
25
25
22
21
38
32
27
21
31
31
27
34
33
24
36
36
37
37
28
27
32
38
32
26
36
47
41
32
23
37
33
38
24
36
43
35
26
56
31
33
41
42
31
36
40
35
36
44
33
39
36
41
31
33
36
41
38
45
36
44
40
34
27
64
45
44
45
35
56
48
43
52
51
26
42
42
40
51
38
35
43
31
40
39
46
53
39
41
45
39
47
45
60
48
55
49
44
52
45
74
50
54
47
46
39
45
43
56
50
60
63
56
49
57
53
47
51
60
48
56
42
58
67
66
61
57
57
66
55
61
63
57
69
72
72
59
71
51
66
70
53
66
83
69
56
61
65
62
66
74
76
65
75
63
51
59
59
76
66
73
60
75
63
75
61
74
76
62
74
84
78
73
73
75
67
66
84
82
89
69
75
71
77
67
84
73
78
83
85
86
81
89
87
76
80
80
93
93
83
77
90
89
87
90
97
82
101
83
95
110
74
93
85
89
114
90
100
98
86
88
94
102
121
113
97
97
81
87
100
115
91
107
103
112
95
89
101
114
110
97
111
121
94
126
123
103
111
101
95
121
124
114
110
103
109
113
109
118
114
114
107
110
114
113
116
131
122
127
112
119
140
129
127
140
132
117
123
110
138
145
118
144
132
113
124
130
125
140
134
137
148
120
124
135
149
141
152
145
170
148
160
134
147
139
137
156
142
131
143
176
159
130
117
173
152
170
169
155
138
142
156
168
165
162
145
172
161
167
176
169
162
164
170
181
196
166
168
152
165
169
163
196
181
174
169
159
165
186
207
148
164
143
165
185
163
194
191
186
191
173
164
188
180
195
197
179
205
183
198
195
170
194
194
187
196
199
212
193
207
205
198
197
227
184
194
196
193
209
186
226
212
224
197
228
204
206
224
229
204
237
205
195
220
237
211
197
235
218
223
212
208
215
229
241
232
240
226
216
213
225
226
219
228
244
228
226
228
232
226
252
269
237
220
257
230
253
269
249
236
247
237
239
288
271
271
273
268
243
243
281
258
252
237
261
258
274
267
262
281
275
259
270
280
272
304
279
255
270
272
287
290
278
269
303
302
270
284
295
294
308
290
285
315
284
334
291
280
270
250
285
299
290
307
281
325
314
313
323
296
329
296
308
298
295
286
295
300
320
342
324
347
313
318
339
326
323
336
325
312
355
304
334
301
346
348
340
350
334
362
375
325
358
348
337
359
338
370
361
340
367
358
322
347
344
439
345
370
361
342
375
360
319
367
410
337
328
418
395
385
363
398
378
354
362
431
403
364
333
348
346
404
405
359
379
385
380
409
379
418
389
402
427
406
386
391
427
381
389
433
390
388
402
430
432
416
416
412
396
419
417
425
376
419
395
438
441
434
434
464
399
405
417
458
464
427
459
361
441
416
377
474
429
408
410
451
442
473
454
477
431
454
473
461
480
471
454
445
483
449
447
503
463
495
480
487
475
483
465
463
470
473
476
517
477
483
500
494
498
502
438
483
454
458
475
515
491
507
488
508
453
496
485
508
544
502
512
495
530
572
529
540
529
504
505
544
576
583
545
535
521
554
518
559
562
521
492
497
554
513
526
527
559
550
540
555
514
556
569
553
571
544
556
543
586
508
582
584
573
513
558
589
551
576
531
587
558
581
562
567
576
588
606
590
538
553
577
571
597
557
596
584
624
563
615
493
609
570
589
636
606
618
667
591
605
627
617
591
607
612
628
619
596
611
620
645
679
629
624
653
612
621
601
639
598
621
626
612
621
613
624
645
612
610
678
676
683
632
668
652
658
674
567
654
662
671
684
698
689
648
649
700
706
714
650
643
629
692
677
658
664
693
699
723
669
662
748
707
680
686
681
694
674
694
628
642
736
669
656
730
719
699
737
729
683
697
697
742
690
712
686
717
731
702
708
739
724
694
720
777
745
727
666
763
742
754
693
728
740
727
707
755
802
754
757
771
789
758
724
730
744
770
762
607
729
706
731
737
766
781
746
753
732
822
718
738
758
755
685
785
823
774
740
754
758
767
729
788
817
754
823
774
777
805
845
840
770
780
825
804
813
762
827
813
779
795
836
818
819
834
712
804
840
827
863
839
764
823
830
815
799
787
775
772
777
768
803
867
783
781
797
798
835
839
847
793
839
851
833
824
779
815
756
781
878
852
804
826
902
823
838
901
828
844
811
872
815
770
780
768
814
810
864
847
842
844
829
905
861
804
840
837
877
876
811
815
879
805
866
891
844
870
888
882
844
861
845
864
857
838
830
789
894
876
882
912
888
892
878
835
883
866
913
891
870
833
825
829
855
916
826
873
871
875
844
901
867
892
929
960
919
849
897
924
924
852
912
920
904
862
873
932
862
918
858
883
845
862
839
899
891
945
922
940
908
879
896
926
943
870
933
879
948
870
896
925
981
867
973
880
900
893
912
950
943
877
895
953
939
877
857
805
910
890
931
955
950
936
939
937
918
908
898
976
935
889
924
912
913
937
967
976
894
942
889
941
920
988
947
907
916
903
892
934
963
867
932
980
953
900
913
922
876
954
941
913
953
909
902
791
905
913
923
982
988
905
926
941
979
958
885
1016
948
921
938
876
918
922
888
963
940
889
932
966
954
977
951
970
949
910
974
938
949
906
933
965
948
959
904
952
925
873
995
925
965
926
914
1028
967
880
963
969
940
927
959
989
957
945
918
1033
964
925
977
898
958
895
996
998
957
963
981
966
945
899
928
948
985
957
825
844
996
928
941
976
988
953
916
973
945
933
859
915
926
929
926
930
962
989
904
978
878
964
955
942
970
936
922
985
951
974
964
975
915
934
962
954
988
909
915
931
933
960
987
965
938
897
962
778
954
911
920
1041
906
995
935
950
950
948
931
948
909
938
827
898
912
964
845
1018
928
903
921
927
941
931
853
911
979
941
890
924
901
932
979
961
899
890
849
929
880
882
884
905
900
934
805
929
925
832
927
978
935
910
924
921
908
919
850
952
945
934
954
900
857
971
904
938
939
914
899
956
942
902
902
898
911
905
858
855
928
938
917
960
872
873
886
948
945
886
828
887
887
881
922
912
897
894
919
953
912
919
830
852
922
890
913
908
869
825
877
891
849
945
915
973
925
908
840
931
883
827
889
904
826
862
880
707
886
827
855
940
887
828
861
851
895
879
832
842
870
867
795
894
904
814
867
906
893
874
832
840
875
915
828
845
874
824
875
853
836
856
845
854
856
867
915
832
842
890
858
883
800
816
770
885
847
860
860
867
854
847
783
829
802
843
870
791
845
817
802
816
798
843
802
888
819
806
846
776
807
839
831
849
812
794
711
702
798
802
837
854
808
818
810
877
843
830
824
802
827
834
814
851
850
831
783
841
804
838
752
793
785
805
781
794
832
780
743
803
799
808
757
816
851
755
727
750
768
783
762
801
769
801
779
639
821
757
803
779
814
733
745
746
803
716
766
823
758
773
717
757
790
741
741
744
737
780
741
773
720
722
769
752
750
703
768
750
760
755
770
716
739
700
713
747
732
740
768
741
758
716
654
713
739
744
756
701
734
702
692
659
727
682
698
724
730
661
709
687
716
736
691
752
709
711
693
717
683
722
661
732
710
717
588
620
686
698
709
674
654
664
673
643
701
664
630
663
699
667
670
645
660
666
690
646
638
670
684
697
703
718
658
688
681
667
640
625
642
669
599
680
673
695
652
594
699
686
677
659
612
627
632
503
665
651
624
666
666
634
596
655
600
589
630
651
616
669
623
607
626
644
637
691
593
573
627
653
605
638
599
654
591
616
582
612
630
614
585
605
604
602
603
621
558
545
535
633
604
585
534
597
585
594
615
590
587
611
598
605
610
584
572
569
578
595
569
605
555
553
609
554
545
614
558
534
551
497
533
593
544
557
498
516
572
556
555
550
566
567
583
552
514
535
527
591
576
527
505
575
500
552
542
542
569
535
482
498
550
540
506
508
527
561
477
487
544
497
487
526
527
498
471
537
543
541
518
519
513
531
501
378
491
502
487
527
525
444
468
494
496
457
464
512
511
525
446
512
499
455
504
503
432
482
467
519
434
459
421
476
518
477
432
465
486
444
471
478
497
421
453
481
493
477
445
416
459
449
379
422
475
443
456
448
428
410
400
468
461
436
423
466
451
424
461
429
423
397
441
426
456
436
406
423
411
388
433
417
409
438
352
342
456
410
389
387
422
409
398
429
377
397
408
412
402
399
385
374
423
417
415
387
455
390
369
379
432
361
413
400
411
391
348
381
331
393
379
403
381
364
356
391
342
376
382
374
384
333
354
301
354
349
354
361
373
373
350
366
377
358
368
379
337
350
362
358
364
366
332
332
353
338
311
335
344
309
330
344
357
341
359
318
380
352
357
388
330
286
327
338
323
339
312
347
307
328
277
322
332
337
310
334
348
355
318
318
309
323
326
325
285
295
282
307
292
286
303
339
310
307
327
309
302
311
295
270
274
285
259
254
258
288
338
330
322
288
307
266
288
311
260
287
276
287
268
256
299
276
276
292
283
268
258
255
251
288
255
293
251
255
254
243
274
257
267
272
266
256
238
266
247
275
259
259
275
289
238
214
233
277
245
273
247
252
241
227
239
248
204
222
237
247
235
256
254
243
270
258
249
232
211
230
236
225
250
245
217
227
203
255
237
237
249
239
225
233
231
228
218
230
218
249
206
228
204
191
189
186
225
240
213
224
217
240
234
217
222
218
216
209
197
192
205
230
223
203
235
209
208
209
232
177
189
201
184
183
182
180
201
192
186
180
173
182
201
220
186
193
204
191
184
191
166
179
169
189
179
184
171
181
173
196
169
207
196
183
195
185
175
178
179
176
172
196
181
164
196
173
187
179
147
194
164
161
162
115
183
164
164
173
160
150
163
160
162
180
166
158
157
152
147
167
142
157
145
140
140
165
155
153
134
178
180
150
155
162
133
146
146
151
150
168
138
133
150
147
140
155
144
122
146
134
133
152
155
138
130
153
150
142
138
150
139
131
146
121
151
144
149
139
129
108
136
167
131
132
125
128
130
133
108
131
114
112
116
114
136
128
116
123
113
113
131
128
107
128
123
110
144
107
103
130
118
113
137
118
118
114
122
112
119
116
114
105
103
136
98
118
92
112
96
116
98
108
110
102
117
98
107
123
100
94
88
86
108
101
108
97
110
113
113
99
109
91
100
102
97
92
103
76
100
95
96
110
101
96
95
77
90
95
87
97
91
83
86
94
108
86
101
83
60
91
83
105
88
85
85
102
109
94
84
88
76
84
95
77
89
89
72
64
74
73
86
85
77
89
84
79
93
94
80
93
77
83
73
71
79
79
83
81
65
74
64
60
66
72
60
80
87
74
77
73
85
53
78
79
78
70
62
78
57
72
75
82
62
65
72
62
74
73
53
64
73
76
51
75
79
77
60
56
75
52
64
60
68
76
62
70
70
55
55
47
64
54
60
58
75
75
57
60
63
64
49
61
70
60
62
60
61
57
59
63
48
54
64
48
62
57
65
57
53
45
53
54
51
59
65
45
50
62
51
46
50
53
41
53
53
44
41
55
46
48
44
45
56
60
38
41
62
56
37
46
43
55
48
58
52
44
49
40
53
39
42
47
37
41
50
51
41
43
34
39
38
47
51
51
43
43
45
49
38
48
47
38
35
48
38
43
49
49
49
49
31
42
40
41
33
46
36
35
27
41
41
54
28
46
42
41
36
41
33
32
25
41
34
45
32
38
33
38
37
36
44
33
40
38
40
43
41
31
32
27
42
26
24
39
32
32
41
27
27
35
26
31
28
30
32
36
44
26
25
25
34
32
23
34
45
32
24
39
35
28
22
20
31
38
24
28
26
24
29
33
19
32
31
26
21
24
25
25
32
19
28
26
24
13
38
34
27
23
19
29
31
24
23
18
23
24
24
21
19
33
19
24
26
25
24
33
25
21
24
24
30
26
31
21
24
18
19
33
24
31
17
16
26
13
16
24
21
24
19
25
32
14
30
20
22
20
18
21
13
19
17
18
18
25
23
11
18
20
17
16
22
17
15
15
23
18
13
24
11
23
17
20
21
15
15
19
28
14
18
26
16
17
16
11
22
27
11
17
16
20
17
18
20
15
17
15
21
24
15
14
11
12
19
12
16
11
15
13
14
11
16
13
19
10
22
21
18
10
8
18
14
16
14
24
16
17
16
11
12
13
10
8
12
16
6
15
12
17
7
21
10
16
19
8
9
10
11
17
7
14
14
8
20
13
9
14
13
13
10
8
10
6
14
13
4
14
14
12
11
7
11
10
8
15
13
14
4
8
9
8
7
9
16
14
13
16
7
12
8
8
12
8
10
8
7
9
8
6
8
8
7
7
10
9
11
12
13
5
6
4
8
7
3
7
8
11
4
3
4
12
9
13
6
10
4
8
12
4
7
6
5
13
10
11
6
10
6
9
10
5
4
5
8
5
10
11
5
13
7
7
6
6
9
7
7
7
8
3
5
8
6
8
7
5
7
3
6
5
3
6
7
8
4
9
4
7
5
8
4
5
5
10
6
13
1
9
5
3
5
3
3
5
4
6
5
8
2
2
5
11
4
4
6
3
3
5
3
9
3
7
6
5
4
3
3
6
4
3
1
4
3
7
7
1
6
1
6
3
5
5
2
3
2
6
5
5
4
4
6
2
5
1
7
5
3
5
4
4
5
5
7
3
2
3
7
4
3
2
11
4
3
4
4
3
5
2
0
6
3
4
5
4
6
1
4
3
4
3
5
3
0
4
2
7
4
5
3
3
1
2
4
6
3
6
3
3
1
4
6
5
2
1
6
4
2
5
5
3
0
1
3
7
2
4
1
3
3
5
4
2
3
4
3
4
4
5
2
3
0
3
3
4
2
2
1
2
4
1
0
3
1
2
2
1
1
1
3
2
0
3
0
1
3
2
2
2
4
6
1
3
2
1
3
5
1
2
3
2
2
1
1
4
2
2
1
0
1
2
1
2
0
2
1
1
3
3
0
1
3
1
4
0
3
1
2
4
0
2
2
4
2
1
2
1
4
0
3
3
2
2
0
1
2
5
2
5
4
1
0
1
3
1
1
0
1
3
2
2
1
1
0
2
4
1
3
0
3
1
1
1
1
2
1
2
2
2
1
2
0
1
1
0
1
1
1
1
1
5
1
3
2
2
1
0
1
2
0
1
0
3
0
1
3
0
4
2
1
0
0
0
0
0
0
0
0
0
2
2
2
1
0
2
2
0
1
1
1
0
0
2
2
0
1
1
0
2
1
0
1
0
0
0
1
0
2
2
1
1
3
1
0
1
1
1
3
2
0
1
2
1
0
0
0
0
1
1
1
0
1
1
2
3
0
0
1
2
0
1
2
0
0
2
1
2
0
1
0
0
2
1
1
0
0
0
0
0
0
0
0
0
1
0
1
1
0
0
1
0
1
1
0
0
2
0
2
0
0
1
1
1
0
2
0
1
1
0
0
0
1
0
2
1
1
1
1
0
0
1
1
0
1
0
0
0
0
0
2
0
0
0
0
0
0
0
0
0
0
0
1
1
1
0
1
0
1
0
0
0
0
0
0
0
0
0
0
0
0
0
1
0
1
0
0
2
0
1
1
0
0
1
0
0
0
1
0
0
0
0
0
0
0
0
1
1
1
0
0
0
0
1
0
0
2
0
0
1
0
0
0
0
0
2
0
1
0
0
0
0
0
0
0
0
0
0
1
0
0
0
1
1
0
0
0
0
0
0
0
0
0
2
0
0
0
0
1
0
1
0
0
0
0
0
0
0
0
2
0
0
1
0
0
0
0
1
0
1
0
0
0
0
0
0
0
0
0
0
0
0
0
0
0
0
0
0
0
0
1
0
0
1
0
1
0
0
0
0
0
0
0
1
0
0
1
0
0
0
0
0
0
0
0
0
0
0
0
0
1
0
0
0
0
0
0
0
0
0
0
0
0
0
0
0
0
0
1
0
0
0
1
0
0
1
0
0
0
0
0
0
0
0
0
0
0
0
0
0
0
0
0
0
0
0
0
0
0
0
0
0
0
0
0
0
0
0
0
0
0
0
0
0
0
0
0
1
0
0
0
0
0
0
0
0
0
0
0
0
0
1
0
0
0
0
0
0
0
0
0
0
0
0
0
0
1
0
0
0
0
0
0
0
0
0
0
0
0
0
0
1
0
0
0
0
0
0
0
0
0
1
0
0
0
0
0
0
0
0
0
0
0
1
0
0
0
0
0
0
0
0
0
0
0
0
0
0
0
0
0
0
0
0
0
0
0
0
0
0
0
0
0
0
0
0
0
0
1
0
0
0
0
0
0
0
0
0
0
1
0
0
0
0
0
0
0
0
0
0
0
0
0
1
0
0
0
0
0
0
0
0
0
0
0
0
0
0
0
0
0
0
0
0
0
0
0
0
0
0
0
0
0
0
0
0
0
0
0
0
0
0
0
0
0
0
0
0
0
0
0
0
0
0
0
0
0
0
0
0
0
0
0
0
0
0
0
0
0
0
0
0
0
0
0
0
0
0
0
0
0
0
0
0
0
0
0
1
0
0
0
0
0
0
0
0
0
0
0
0
0
1
0
0
0
0
0
0
0
0
0
0
0
0
0
0
0
0
0
0
0
0
0
0
0
0
0
0
0
0
0
0
0
0
0
0
0
0
0
0
0
0
0
0
0
0
0
0
0
0
0
0
0
0
0
0
0
0
0
0
0
0
0
0
0
0
0
0
0
0
0
0
0
0
0
0
0
0
0
0
0
0
0
0
0
0
0
0
0
0
0
0
0
0
0
0
1
0
0
0
0
0
0
0
0
0
0
0
0
0
0
0
0
0
0
0
0
0
0
0
0
0
0
0
0
0
0
0
0
0
0
0
0
0
0
0
0
0
0
0
0
0
0
0
0
0
0
0
0
0
0
0
0
0
0
0
0
0
0
0
0
0
0
0
0
0
0
0
0
0
0
0
0
0
0
0
0
0
0
0
0
0
0
0
0
0
0
0
0
0
0
0
0
0
0
0
0
0
0
0
0
0
0
0
0
0
0
0
0
0
0
0
0
0
0
0
0
0
0
0
0
0
0
0
0
0
0
0
0
0
0
0
0
0
0
0
0
0
0
0
0
0
0
0
0
0
0
0
0
0
0
0
0
0
0
0
0
0
0
0
0
0
0
0
0
0
0
0
0
0
0
0
0
0
0
0
0
0
0
0
0
0
0
0
0
0
0
0
0
0
0
0
0
0
0
0
0
0
0
0
0
0
0
0
0
0
0
0
0
0
0
0
0
0
0
0
0
0
0
0
0
1
0
0
0
0
0
0
0
0
0
0
0
0
0
0
0
0
0
0
0
0
0
0
0
0
0
0
0
0
0
0
0
0
0
0
0
0
0
0
0
0
0
0
0
0
0
0
0
0
0
0
0
0
0
0
0
0
0
0
0
0
0
0
0
0
0
0
0
0
0
0
0
0
0
0
0
0
0
0
0
0
0
0
0
0
0
0
0
0
0
0
0
0
0
0
0
0
0
0
0
0
0
0
0
0
0
0
0
0
0
0
0
0
0
0
0
0
0
0
0
0
0
0
0
0
0
0
0
0
0
0
0
0
0
0
0
0
0
0
0
0
0
0
0
0
0
0
0
0
0
0
0
0
0
0
0
0
0
0
0
0
0
0
0
0
0
0
0
0
0
0
0
0
0
0
0
0
0
0
0
0
0
0
0
0
0
0
0
0
0
0
0
0
0
0
0
0
0
0
0
0
0
0
0
0
0
0
0
0
0
0
0
0
0
0
0
0
0
0
0
0
0
0
0
0
0
0
0
0
0
0
0
0
0
0
0
0
0
0
0
0
0
0
0
0
0
0
0
0
0
0
0
0
0
0
0
0
0
0
0
0
0
0
0
0
0
0
0
0
0
0
0
0
0
0
0
0
0
0
0
0
0
0
0
0
0
0
0
0
0
0
0
0
0
0
0
0
0
0
0
0
0
0
0
0
0
0
0
0
0
0
0
0
0
0
0
0
0
0
0
0
0
0
0
0
0
0
0
0
0
0
0
0
0
0
0
0
0
0
0
0
0
0
0
0
0
0
0
0
0
0
0
0
0
0
0
0
0
0
0
0
0
0
0
0
0
0
0
0
0
0
0
0
0
0
0
0
0
0
0
0
0
0
0
0
0
0
0
0
0
0
0
0
0
0
0
0
0
0
0
0
0
0
0
0
0
0
0
0
0
0
0
0
0
0
0
0
0
0
0
0
0
0
0
0
0
0
0
0
0
0
0
0
0
0
0
0
0
0
0
0
0
0
0
0
0
0
0
0
0
0
0
0
0
0
0
0
0
0
0
0
0
0
0
0
0
0
0
0
0
0
0
0
0
0
0
0
0
0
0
0
0
0
0
0
0
0
0
0
0
0
0
0
0
0
0
0
0
0
0
0
0
0
0
0
0
0
0
0
0
0
0
0
0
0
0
0
0
0
0
0
0
0
0
0
0
0
0
0
0
0
0
0
0
0
0
0
0
0
0
0
0
0
0
0
0
0
0
0
0
0
0
0
0
0
0
0
0
0
0
0
0
0
0
0
0
0
0
0
0
0
0
0
0
0
0
0
0
0
0
0
0
0
0
0
0
0
0
0
0
0
0
0
0
0
0
0
0
0
0
0
0
0
0
0
0
0
0
0
0
0
0
0
0
0
0
0
0
0
0
0
0
0
0
0
0
0
0
0
0
0
0
0
0
0
0
0
0
0
0
0
0
0
0
0
0
0
0
0
0
0
0
0
0
0
0
0
0
0
0
0
0
0
0
0
0
0
0
0
0
0
0
0
0
0
0
0
0
0
0
0
0
0
0
0
0
0
0
0
0
0
0
0
0
0
0
0
0
0
0
0
0
0
0
0
0
0
0
0
0
0
0
0
0
0
0
0
0
0
0
0
0
0
0
0
0
0
0
0
0
0
0
0
0
0
0
0
0
0
0
0
0
0
0
0
0
0
0
0
0
0
0
0
0
0
0
0
0
0
0
0
0
0
0
0
0
0
0
0
0
0
0
0
0
0
0
0
0
0
0
0
0
0
0
0
0
0
0
0
0
0
0
0
0
0
0
0
0
0
0
0
0
0
0
0
0
0
0
0
0
0
0
0
0
0
0
0
0
0
0
0
0
0
0
0
0
0
0
0
0
0
0
0
0
0
0
0
0
0
0
0
0
0
0
0
0
0
0
0
0
0
0
0
0
0
0
0
0
0
0
0
0
0
0
0
0
0
0
0
0
0
0
0
0
0
0
0
0
0
0
0
0
0
0
0
0
0
0
0
0
0
0
0
0
0
0
0
0
0
0
0
0
0
0
0
0
0
0
0
0
0
0
0
0
0
0
0
0
0
0
0
0
0
0
0
0
0
0
0
0
0
0
0
0
0
0
0
0
0
0
0
0
0
0
0
0
0
0
0
0
0
0
0
0
0
0
0
0
0
0
0
0
0
0
0
0
0
0
0
0
0
0
0
0
0
0
0
0
0
0
0
0
0
0
0
0
0
0
0
0
0
0
0
0
0
0
0
0
0
0
0
0
0
0
0
0
0
0
0
0
0
0
0
0
0
0
0
0
0
0
0
0
0
0
0
0
0
0
0
0
0
0
0
0
0
0
0
0
0
0
0
0
0
0
0
0
0
0
0
0
0
0
0
0
0
0
0
0
0
0
0
0
0
0
0
0
0
0
0
0
0
0
0
0
0
0
0
0
0
0
0
0
0
0
0
0
0
0
0
0
0
0
0
0
0
0
0
0
0
0
0
0
0
0
0
0
0
0
0
0
0
0
0
0
0
0
0
0
0
0
0
0
0
0
0
0
0
0
0
0
0
0
0
0
0
0
0
0
0
0
0
0
0
0
0
0
0
0
0
0
0
0
0
0
0
0
0
0
0
0
0
0
0
0
0
0
0
0
0
0
0
0
0
0
0
0
0
0
0
0
0
0
0
0
0
0
0
0
0
0
0
0
0
0
0
0
0
0
0
0
0
0
0
0
0
0
0
0
0
0
0
0
0
0
0
0
0
0
0
0
0
0
0
0
0
0
0
0
0
0
0
0
0
0
0
0
0
0
0
0
0
0
0
0
0
0
0
0
0
0
0
0
0
0
0
0
0
0
0
0
0
0
0
0
0
0
0
0
0
0
0
0
0
0
0
0
0
0
0
0
0
0
0
0
0
0
0
0
0
0
0
0
0
0
0
0
0
0
0
0
0
0
0
0
0
0
0
0
0
0
0
0
0
0
0
0
0
0
0
0
0
0
0
0
0
0
0
0
0
0
0
0
0
0
0
0
0
0
0
0
0
0
0
0
0
0
0
0
0
0
0
0
0
0
0
0
0
0
0
0
0
0
0
0
0
0
0
0
0
0
0
0
0
0
0
0
0
0
0
0
0
0
0
0
0
0
0
0
0
0
0
0
0
0
0
0
0
0
0
0
0
0
0
0
0
0
0
0
0
0
0
0
0
0
0
0
0
0
0
0
0
0
0
0
0
0
0
0
0
0
0
0
0
0
0
0
0
0
0
0
0
0
0
0
0
0
0
0
0
0
0
0
0
0
0
0
0
0
0
0
0
0
0
0
0
0
0
0
0
0
0
0
0
0
0
0
0
0
0
0
0
0
0
0
0
0
0
0
0
0
0
0
0
0
0
0
0
0
0
0
0
0
0
0
0
0
0
0
0
0
0
0
0
0
0
0
0
0
0
0
0
0
0
0
0
0
0
0
0
0
0
0
0
0
0
0
0
0
0
0
0
0
0
0
0
0
0
0
0
0
0
0
0
0
0
0
0
0
0
0
0
0
0
0
0
0
0
0
0
0
0
0
0
0
0
0
0
0
0
0
0
0
0
0
0
0
0
0
0
0
0
0
0
0
0
0
0
0
0
0
0
0
0
0
0
0
0
0
0
0
0
0
0
0
0
0
0
0
0
0
0
0
0
0
0
0
0
0
0
0
0
0
0
0
0
0
0
0
0
0
0
0
0
0
0
0
0
0
0
0
0
0
0
0
0
0
0
0
0
0
0
0
0
0
0
0
0
0
0
0
0
0
0
0
0
0
0
0
0
0
0
0
0
0
0
0
0
0
0
0
0
0
0
0
0
0
0
0
0
0
0
0
0
0
0
0
0
0
0
0
0
0
0
0
0
0
0
0
0
0
0
0
0
0
0
0
0
0
0
0
0
0
0
0
0
0
0
0
0
0
0
0
0
0
0
0
0
0
0
0
0
0
0
0
0
0
0
0
0
0
0
0
0
0
0
0
0
0
0
0
0
0
0
0
0
0
0
0
0
0
0
0
0
0
0
0
0
0
0
0
0
0
0
0
0
0
0
0
0
0
0
0
0
0
0
0
0
0
0
0
0
0
0
0
0
0
0
0
0
0
0
0
0
0
0
0
0
0
0
0
0
0
0
0
0
0
0
0
0
0
0
0
0
0
0
0
0
0
0
0
0
0
0
0
0
0
0
0
0
0
0
0
0
0
0
0
0
0
0
0
0
0
0
0
0
0
0
0
0
0
0
0
0
0
0
0
0
0
0
0
0
0
0
0
0
0
0
0
0
0
0
0
0
0
0
0
0
0
0
0
0
0
0
0
0
0
0
0
0
0
0
0
0
0
0
0
0
0
0
0
0
0
0
0
0
0
0
0
0
0
0
0
0
0
0
0
0
0
0
0
0
0
0
0
0
0
0
0
0
0
0
0
0
0
0
0
0
0
0
0
0
0
0
0
0
0
0
0
0
0
0
0
0
0
0
0
0
0
0
0
0
0
0
0
0
0
0
0
0
0
0
0
0
0
0
0
0
0
0
0
0
0
0
0
0
0
0
0
0
0
0
0
0
0
0
0
0
0
0
0
0
0
0
0
0
0
0
0
0
0
0
0
0
0
0
0
0
0
0
0
0
0
0
0
0
0
0
0
0
0
0
0
0
0
0
0
0
0
0
0
0
0
0
0
0
0
0
0
0
0
0
0
0
0
0
0
0
0
0
0
0
0
0
0
0
0
0
0
0
0
0
0
0
0
0
0
0
0
0
0
0
0
0
0
0
0
0
0
0
0
0
0
0
0
0
0
0
0
0
0
0
0
0
0
0
0
0
0
0
0
0
0
0
0
0
0
0
0
0
0
0
0
0
0
0
0
0
0
0
0
0
0
0
0
0
0
0
0
0
0
0
0
0
0
0
0
0
0
0
0
0
0
0
0
0
0
0
0
0
0
0
0
0
0
0
0
0
0
0
0
0
0
0
0
0
0
0
0
0
0
0
0
0
0
0
0
0
0
0
0
0
0
0
0
0
0
0
0
0
0
0
0
0
0
0
0
0
0
0
0
0
0
0
0
0
0
0
0
0
0
0
0
0
0
0
0
0
0
0
0
0
0
0
0
0
0
0
0
0
0
0
0
0
0
0
0
0
0
0
0
0
0
0
0
0
0
0
0
0
0
0
0
0
0
0
0
0
0
0
0
0
0
0
0
0
0
0
0
0
0
0
0
0
0
0
0
0
0
0
0
0
0
0
0
0
0
0
0
0
0
0
0
0
0
0
0
0
0
0
0
0
0
0
0
0
0
0
0
0
0
0
0
0
0
0
0
0
0
0
0
0
0
0
0
0
0
0
0
0
0
0
0
0
0
0
0
0
0
0
0
0
0
0
0
0
0
0
0
0
0
0
0
0
0
0
0
0
0
0
0
0
0
0
0
0
0
0
0
0
0
0
0
0
0
0
0
0
0
0
0
0
0
0
0
0
0
0
0
0
0
0
0
0
0
0
0
0
0
0
0
0
0
0
0
0
0
0
0
0
0
0
0
0
0
0
0
0
0
0
0
0
0
0
0
0
0
0
0
0
0
0
0
0
0
0
0
0
0
0
0
0
0
0
0
0
0
0
0
0
0
0
0
0
0
0
0
0
0
0
0
0
0
0
0
0
0
0
0
0
0
0
0
0
0
0
0
0
0
0
0
0
0
0
0
0
0
0
0
0
0
0
0
0
0
0
0
0
0
0
0
0
0
0
0
0
0
0
0
0
0
0
0
0
0
0
0
0
0
0
0
0
0
0
0
0
0
0
0
0
0
0
0
0
0
0
0
0
0
0
0
0
0
0
0
0
0
0
0
0
0
0
0
0
0
0
0
0
0
0
0
0
0
0
0
0
0
0
0
0
0
0
0
0
0
0
0
0
0
0
0
0
0
0
0
0
0
0
0
0
0
0
0
0
0
0
0
0
0
0
0
0
0
0
0
0
0
0
0
0
0
0
0
0
0
0
0
0
0
0
0
0
0
0
0
0
0
0
0
0
0
0
0
0
0
0
0
0
0
0
0
0
0
0
0
0
0
0
0
0
0
0
0
0
0
0
0
0
0
0
0
0
0
0
0
0
0
0
0
0
0
0
0
0
0
0
0
0
0
0
0
0
0
0
0
0
0
0
0
0
0
0
0
0
0
0
0
0
0
0
0
0
0
0
0
0
0
0
0
0
0
0
0
0
0
0
0
0
0
0
0
0
0
0
0
0
0
0
0
0
0
0
0
0
0
0
0
0
0
0
0
0
0
0
0
0
0
0
0
0
0
0
0
0
0
0
0
0
0
0
0
0
0
0
0
0
0
0
0
0
0
0
0
0
0
0
0
0
0
0
0
0
0
0
0
0
0
0
0
0
0
0
0
0
0
0
0
0
0
0
0
0
0
0
0
0
0
0
0
0
0
0
0
0
0
0
0
0
0
0
0
0
0
0
0
0
0
0
0
0
0
0
0
0
0
0
0
0
0
0
0
0
0
0
0
0
0
0
0
0
0
0
0
0
0
0
0
0
0
0
0
0
0
0
0
0
0
0
0
0
0
0
0
0
0
0
0
0
0
0
0
0
0
0
0
0
0
0
0
0
0
0
0
0
0
0
0
0
0
0
0
0
0
0
0
0
0
0
0
0
0
0
0
0
0
0
0
0
0
0
0
0
0
0
0
0
0
0
0
0
0
0
0
0
0
0
0
0
0
0
0
0
0
0
0
0
0
0
0
0
0
0
0
0
0
0
0
0
0
0
0
0
0
0
0
0
0
0
0
0
0
0
0
0
0
0
0
0
0
0
0
0
0
0
0
0
0
0
0
0
0
0
0
0
0
0
0
0
0
0
0
0
0
0
0
0
0
0
0
0
0
0
0
0
0
0
0
0
0
0
0
0
0
0
0
0
0
0
0
0
0
0
0
0
0
0
0
0
0
0
0
0
0
0
0
0
0
0
0
0
0
0
0
0
0
0
0
0
0
0
0
0
0
0
0
0
0
0
0
0
0
0
0
0
0
0
0
0
0
0
0
0
0
0
0
0
0
0
0
0
0
0
0
0
0
0
0
0
0
0
0
0
0
0
0
0
0
0
0
0
0
0
0
0
0
0
0
0
0
0
0
0
0
0
0
0
0
0
0
0
0
0
0
0
0
0
0
0
0
0
0
0
0
0
0
0
0
0
0
0
0
0
0
0
0
0
0
0
0
0
0
0
0
0
0
0
0
0
0
0
0
0
0
0
0
0
0
0
0
0
0
0
0
0
0
0
0
0
0
0
0
0
0
0
0
0
0
0
0
0
0
0
0
0
0
0
0
0
0
0
0
0
0
0
0
0
0
0
